File: C:\MED-PC IV\DATA\!2020-03-15_09h12m.Subject EB11


Start Date: 03/15/20
End Date: 03/15/20
Subject: EB11
Experiment: MagThin
Group: 2
Box: 1
Start Time:  9:12:09
End Time:  9:40:11
MSN: MagThin
G:       0.000
H:       0.000
I:       0.000
J:       0.000
K:       0.000
L:       0.000
M:       0.000
N:       0.000
O:       0.000
P:       0.000
Q:       0.000
R:       0.000
S:       0.000
T:       0.000
U:       0.000
V:       0.000
W:       0.000
X:       0.000
Y:       0.000
Z:       0.000
A:
     0:        2.000        6.000        6.000       15.000        0.000
     5:    60000.000       11.000     1000.000        0.000        9.000
    10:        7.000       10.000       12.000        0.000        0.000
    15:        0.000
B:
     0:      329.000      627.000        1.000    60000.000   100160.000
     5:      267.000       21.000        0.000        0.000        0.000
    10:       51.000       32.000      192.000        0.000      201.500
    15:     1000.000        0.000       32.000       30.000        0.000
    20:        0.000
C:
     0:       46.100       86.100      139.100      216.100      270.100
     5:      296.100      336.100      423.300      447.300      673.100
    10:      744.100      760.100      772.100      783.100      838.100
    15:      853.100     1004.300     1205.100     1225.100     1239.100
    20:     1245.100     1253.100     1441.100     1474.100     1776.100
    25:     1846.100     1857.100     1878.100     1961.100     2089.100
    30:     2120.100     2121.200     2242.100     2484.100     2567.100
    35:     2677.100     3049.100     4570.300     4703.100     4745.100
    40:     4779.100     4815.100     4844.100     4868.100     5067.100
    45:     5068.200     5108.100     5223.100     5282.100     5344.100
    50:     5356.100     5493.100     5665.100     5706.100     5736.100
    55:     5768.100     6138.100     6139.200     6149.100     6212.100
    60:     6251.100     6305.100     6348.100     6441.100     6454.100
    65:     6511.100     6525.100     6544.100     6568.100     6637.100
    70:     6638.200     6666.100     6823.100     6838.100     7074.100
    75:     7099.100     7122.100     7152.100     7174.100     7295.100
    80:     7349.100     7369.100     7552.100     7589.100     7628.100
    85:     7652.100     7678.100     7693.100     7710.100     7880.100
    90:     7953.100     8220.100     8323.100     8324.200     8333.100
    95:     8722.100     8845.300     9093.100     9105.100     9153.100
   100:     9174.100     9189.100     9221.100     9247.100     9622.100
   105:     9685.100     9727.100    10030.100    10071.100    10708.100
   110:    10734.100    10781.100    10801.100    10866.300    10951.100
   115:    10992.100    11021.100    11027.100    11039.100    11070.100
   120:    11296.100    11318.100    11336.100    11349.100    11372.100
   125:    11585.100    11624.100    11912.100    12024.100    12135.100
   130:    12153.100    12234.100    12357.100    12406.100    12459.100
   135:    12471.100    12696.100    12790.300    12837.300    12860.300
   140:    13055.100    13112.100    13138.100    13189.100    13491.100
   145:    13492.200    13576.100    13577.200    13625.300    14035.100
   150:    14224.100    14362.100    14363.200    14571.100    14906.100
   155:    14907.200    15439.100    15522.100    15762.100    16026.100
   160:    16320.100    16321.200    16369.100    16547.100    16794.100
   165:    17334.100    17353.100    17381.100    17396.100    17818.100
   170:    17879.100    18630.100    18712.100    18929.100    19633.100
   175:    19800.100    19867.100    19940.300    20017.100    20822.100
   180:    21120.100    21253.100    21489.100    21490.200    21560.100
   185:    21702.100    21998.100    22122.100    22198.100    22199.200
   190:    22376.100    22377.200    23025.100    23106.100    23223.100
   195:    23281.100    23390.100    23512.300    23712.100    23713.200
   200:    24021.100    24083.100    24157.100    24246.100    24780.100
   205:    24819.100    25010.100    25380.100    26261.100    26262.200
   210:    26926.100    26927.200    26963.300    27483.100    28254.100
   215:    28255.200    28298.100    28513.100    28867.100    29182.300
   220:    29242.300    29403.100    30026.300    30159.300    30296.100
   225:    30464.300    30517.300    30730.100    30828.100    30889.100
   230:    31125.100    31236.100    31237.200    31800.100    32154.100
   235:    32913.100    32914.200    33417.100    33418.200    34361.100
   240:    34362.200    34882.100    34883.200    36306.100    36730.100
   245:    37130.100    37751.100    37836.100    37837.200    38102.100
   250:    38252.100    38429.100    38870.100    38871.200    39335.100
   255:    39778.100    40117.100    40118.200    41658.100    41878.100
   260:    41965.100    42087.300    42132.300    42331.100    42395.100
   265:    42435.100    43369.100    43602.100    43686.100    43750.100
   270:    44069.100    44139.100    44188.100    44293.300    44325.300
   275:    44395.300    44586.100    44634.100    44666.100    45179.100
   280:    45180.200    45297.100    45468.300    45551.300    45568.300
   285:    45830.100    46051.100    46521.100    46970.100    46971.200
   290:    47295.300    47467.100    47573.100    47856.100    48000.100
   295:    48552.100    49164.100    49165.200    49185.100    49406.100
   300:    49690.100    50431.100    50432.200    50778.100    50779.200
   305:    51615.100    52059.100    52060.200    53237.100    53639.100
   310:    54112.100    54823.100    55245.100    55246.200    55262.100
   315:    55407.100    55992.100    56129.100    56484.100    56712.100
   320:    56803.100    57631.100    57746.100    57823.100    57953.300
   325:    58014.300    58221.100    58285.100    58433.100
D:
     0:        0.111       46.200       86.200      139.200      216.200
     5:      270.200      296.200      336.200      423.700      447.700
    10:      673.200      744.200      760.200      772.200      783.200
    15:      838.200      853.200     1004.700     1205.200     1225.200
    20:     1239.200     1245.200     1253.200     1441.200     1474.200
    25:     1776.200     1846.200     1857.200     1878.200     1961.200
    30:     2089.200     2120.200     2121.500     2121.510     2171.510
    35:     2188.710     2221.510     2271.510     2321.510     2371.510
    40:     3155.210     3275.710     3364.210     3376.520     3497.200
    45:     3739.200     3822.200     3932.200     4304.200     5825.700
    50:     5958.200     6000.200     6034.200     6070.200     6099.200
    55:     6123.200     6322.200     6323.500     6323.510     6373.510
    60:     6416.710     6423.510     6473.510     6523.510     6573.510
    65:     7040.210     7177.210     7318.210     7578.520     7618.200
    70:     7733.200     7792.200     7854.200     7866.200     8003.200
    75:     8175.200     8216.200     8246.200     8278.200     8648.200
    80:     8649.500     8649.510     8699.510     8749.510     8799.510
    85:     8845.710     8849.510     8899.510     9904.520     9914.200
    90:     9977.200    10016.200    10070.200    10113.200    10206.200
    95:    10219.200    10276.200    10290.200    10309.200    10333.200
   100:    10402.200    10403.500    10403.510    10453.510    10483.710
   105:    10503.510    10553.510    10603.510    10653.510    11513.210
   110:    11658.520    11686.200    11843.200    11858.200    12094.200
   115:    12119.200    12142.200    12172.200    12194.200    12315.200
   120:    12369.200    12389.200    12572.200    12609.200    12648.200
   125:    12672.200    12698.200    12713.200    12730.200    12900.200
   130:    12973.200    13240.200    13343.200    13344.500    13344.510
   135:    13394.510    13427.710    13444.510    13494.510    13544.510
   140:    13594.510    14152.210    14223.210    14599.520    14608.200
   145:    14997.200    15120.700    15368.200    15380.200    15428.200
   150:    15449.200    15464.200    15496.200    15522.200    15897.200
   155:    15960.200    16002.200    16305.200    16346.200    16983.200
   160:    17009.200    17056.200    17076.200    17141.700    17226.200
   165:    17267.200    17296.200    17302.200    17314.200    17345.200
   170:    17571.200    17593.200    17611.200    17624.200    17647.200
   175:    17860.200    17899.200    18187.200    18299.200    18410.200
   180:    18428.200    18509.200    18632.200    18681.200    18734.200
   185:    18746.200    18971.200    19065.700    19112.700    19135.700
   190:    19330.200    19387.200    19413.200    19464.200    19766.200
   195:    19767.500    19767.510    19817.510    19848.710    19867.510
   200:    19917.510    19967.510    20017.510    20557.210    20789.210
   205:    21022.520    21106.200    21107.500    21107.510    21157.510
   210:    21206.710    21207.510    21223.710    21257.510    21307.510
   215:    21357.510    21706.710    22362.520    22410.700    22820.200
   220:    23009.200    23147.200    23148.500    23148.510    23198.510
   225:    23248.510    23273.710    23298.510    23348.510    23398.510
   230:    24403.520    24611.200    24946.200    24947.500    24947.510
   235:    24997.510    25047.510    25055.710    25085.710    25097.510
   240:    25147.510    25197.510    26202.520    26734.200    26817.200
   245:    27057.200    27321.200    27615.200    27616.500    27616.510
   250:    27666.510    27699.710    27716.510    27766.510    27816.510
   255:    27866.510    28871.520    28919.200    29097.200    29344.200
   260:    29884.200    29903.200    29931.200    29946.200    30368.200
   265:    30429.200    31180.200    31262.200    31479.200    32183.200
   270:    32350.200    32417.200    32490.700    32567.200    33372.200
   275:    33670.200    33803.200    34039.200    34040.500    34040.510
   280:    34090.510    34126.710    34140.510    34190.510    34240.510
   285:    34290.510    34594.210    34722.210    35255.210    35295.520
   290:    35365.200    35507.200    35803.200    35927.200    36003.200
   295:    36004.500    36004.510    36021.210    36054.510    36076.710
   300:    36104.510    36154.510    36204.510    36254.510    37259.520
   305:    37436.200    37437.500    37437.510    37487.510    37537.510
   310:    37537.710    37587.510    37637.510    37687.510    38692.520
   315:    39340.200    39421.200    39538.200    39596.200    39705.200
   320:    39827.700    40027.200    40028.500    40028.510    40078.510
   325:    40100.710    40128.510    40178.510    40228.510    40278.510
   330:    41283.520    41591.200    41653.200    41727.200    41816.200
   335:    42350.200    42389.200    42580.200    42950.200    43831.200
   340:    43832.500    43832.510    43882.510    43903.710    43932.510
   345:    43982.510    44032.510    44082.510    44488.710    44511.710
   350:    44839.210    45028.710    45087.520    45751.200    45752.500
   355:    45752.510    45802.510    45825.710    45852.510    45902.510
   360:    45952.510    46002.510    46779.710    47007.520    47043.700
   365:    47563.200    48334.200    48335.500    48335.510    48385.510
   370:    48417.710    48435.510    48485.510    48535.510    48585.510
   375:    49590.520    49633.200    49848.200    50202.200    50517.700
   380:    50577.700    50738.200    51361.700    51494.700    51631.200
   385:    51799.700    51852.700    52065.200    52163.200    52224.200
   390:    52460.200    52571.200    52572.500    52572.510    52622.510
   395:    52655.710    52672.510    52722.510    52772.510    52822.510
   400:    53056.710    53187.710    53403.210    53680.210    53827.520
   405:    54390.200    54744.200    55503.200    55504.500    55504.510
   410:    55554.510    55602.710    55604.510    55654.510    55704.510
   415:    55754.510    56432.210    56759.520    57262.200    57263.500
   420:    57263.510    57313.510    57363.510    57367.710    57413.510
   425:    57463.510    57513.510    58518.520    59461.200    59462.500
   430:    59462.510    59512.510    59562.510    59591.710    59612.510
   435:    59662.510    59712.510    60242.710    60678.710    60717.520
   440:    61237.200    61238.500    61238.510    61288.510    61338.510
   445:    61377.710    61388.510    61438.510    61488.510    62493.520
   450:    63916.200    64340.200    64740.200    65361.200    65446.200
   455:    65447.500    65447.510    65497.510    65526.710    65547.510
   460:    65597.510    65647.510    65697.510    66702.520    66967.200
   465:    67117.200    67294.200    67735.200    67736.500    67736.510
   470:    67786.510    67833.710    67836.510    67886.510    67936.510
   475:    67986.510    68991.520    69455.200    69898.200    70237.200
   480:    70238.500    70238.510    70288.510    70319.710    70338.510
   485:    70388.510    70438.510    70488.510    71215.710    71493.520
   490:    73033.200    73253.200    73340.200    73462.700    73507.700
   495:    73706.200    73770.200    73810.200    74744.200    74977.200
   500:    75061.200    75125.200    75444.200    75514.200    75563.200
   505:    75668.700    75700.700    75770.700    75961.200    76009.200
   510:    76041.200    76554.200    76555.500    76555.510    76605.510
   515:    76629.710    76655.510    76705.510    76755.510    76805.510
   520:    76986.710    77048.710    77496.210    77810.520    77927.200
   525:    78098.700    78181.700    78198.700    78460.200    78681.200
   530:    79151.200    79600.200    79601.500    79601.510    79651.510
   535:    79685.710    79701.510    79751.510    79801.510    79851.510
   540:    80653.710    80788.210    80856.520    81180.700    81352.200
   545:    81458.200    81741.200    81885.200    82437.200    83049.200
   550:    83050.500    83050.510    83100.510    83121.710    83150.510
   555:    83200.510    83250.510    83300.510    83587.710    83779.710
   560:    83813.710    83943.210    84305.520    84325.200    84546.200
   565:    84830.200    85571.200    85572.500    85572.510    85622.510
   570:    85657.710    85672.510    85722.510    85772.510    85822.510
   575:    86827.520    87173.200    87174.500    87174.510    87224.510
   580:    87274.510    87275.710    87324.510    87374.510    87424.510
   585:    88429.520    89265.200    89709.200    89710.500    89710.510
   590:    89760.510    89790.710    89810.510    89860.510    89910.510
   595:    89960.510    90965.520    92142.200    92544.200    93017.200
   600:    93728.200    94150.200    94151.500    94151.510    94201.510
   605:    94218.710    94251.510    94301.510    94351.510    94401.510
   610:    95406.520    95422.200    95567.200    96152.200    96289.200
   615:    96644.200    96872.200    96963.200    97791.200    97906.200
   620:    97983.200    98113.700    98174.700    98381.200    98445.200
   625:    98593.200   100160.999
E:
     0:        5.200       16.300       28.800       43.200       59.900
     5:       80.100      105.300      139.300      191.600      330.300
F:
     0:        0.000        0.000        0.000
