File: C:\MED-PC IV\DATA\!2020-03-14_09h32m.Subject EB11


Start Date: 03/14/20
End Date: 03/14/20
Subject: EB11
Experiment: MagThin
Group: 2
Box: 1
Start Time:  9:32:53
End Time: 10:03:03
MSN: MagThin
G:       0.000
H:       0.000
I:       0.000
J:       0.000
K:       0.000
L:       0.000
M:       0.000
N:       0.000
O:       0.000
P:       0.000
Q:       0.000
R:       0.000
S:       0.000
T:       0.000
U:       0.000
V:       0.000
W:       0.000
X:       0.000
Y:       0.000
Z:       0.000
A:
     0:        2.000        6.000        6.000       15.000        0.000
     5:    60000.000       11.000     1000.000        0.000        9.000
    10:        7.000       10.000       12.000        0.000        0.000
    15:        0.000
B:
     0:      294.000      610.000        1.000    60000.000   100160.000
     5:      228.000       30.000        0.000        0.000        0.000
    10:       60.000       32.000      192.000        0.000     4750.500
    15:     1000.000        0.000       32.000       34.000        0.000
    20:        0.000
C:
     0:       65.100      147.100      164.100      193.100      212.100
     5:      262.300      291.300      462.100      463.200      640.100
    10:      653.100      664.100      760.100      776.100      821.100
    15:      826.100      866.100      984.100     1072.100     1098.100
    20:     1156.100     1177.100     1381.100     1485.100     1500.100
    25:     1647.100     1730.100     1760.100     1796.100     1817.100
    30:     1876.100     1932.100     1997.300     2219.100     2278.100
    35:     2334.100     2509.100     2821.100     2822.200     2917.300
    40:     3006.100     3071.100     3127.100     3223.100     3247.100
    45:     3409.100     3864.100     3992.100     4003.100     4025.100
    50:     4086.100     4092.100     4143.300     4524.100     4593.100
    55:     4652.100     4689.100     4749.100     4834.100     4856.100
    60:     4869.100     4881.100     4895.100     4906.100     4915.100
    65:     4931.100     5014.100     5089.100     5104.100     5119.100
    70:     5133.100     5216.100     5248.100     5291.100     5309.100
    75:     5377.100     5391.100     5450.100     5476.100     5514.100
    80:     5529.100     5531.100     5634.100     5645.100     5665.100
    85:     5742.300     6112.100     6113.200     6117.100     6291.100
    90:     6621.100     6687.100     6748.100     6771.100     6794.100
    95:     6866.300     7093.100     7137.100     7172.100     7231.100
   100:     7326.100     7349.100     7410.100     7567.100     7614.100
   105:     7621.100     7798.100     8148.100     8356.300     8373.300
   110:     8444.100     8585.100     8792.100     8900.100     8952.100
   115:     9042.300     9074.300     9261.300     9380.100     9409.100
   120:    10042.100    10063.100    10100.100    10477.100    10519.100
   125:    10542.100    10599.100    10633.100    11670.100    11671.200
   130:    11690.100    11746.100    12292.100    12853.100    12854.200
   135:    13100.100    13201.100    13341.300    13389.300    13530.100
   140:    13531.200    13600.100    13663.300    13833.100    13887.100
   145:    13948.100    13974.100    14001.100    14018.100    14055.100
   150:    14127.300    14245.300    14802.100    14803.200    15003.100
   155:    15112.100    15161.100    15210.100    15333.300    15477.100
   160:    15618.100    15687.100    16081.100    16148.100    16512.100
   165:    16513.200    16790.100    17327.100    17328.200    17415.100
   170:    17416.200    18500.100    18501.200    18769.100    19090.300
   175:    19195.300    19731.100    20199.100    20282.300    20609.100
   180:    20610.200    21254.100    21255.200    21604.100    21892.100
   185:    22058.100    22089.100    22171.300    22630.100    22930.100
   190:    23088.100    23498.100    23846.100    23922.100    23973.100
   195:    24018.100    24040.100    24323.100    24324.200    24784.100
   200:    25135.100    25333.300    25600.100    25755.100    26223.100
   205:    26450.100    26692.300    26713.300    26857.300    27049.100
   210:    28243.100    28393.100    28441.100    29238.100    30325.100
   215:    30326.200    30483.100    30484.200    31306.100    32784.100
   220:    32785.200    33400.100    33595.100    33975.100    34618.100
   225:    34619.200    34835.100    34988.300    35383.100    35384.200
   230:    35822.100    36076.100    36324.100    36325.200    36456.100
   235:    36738.100    37515.100    37516.200    37775.100    37776.200
   240:    38673.100    38674.200    39893.100    39894.200    40106.100
   245:    41199.100    41200.200    42379.100    42543.100    42544.200
   250:    42565.300    44077.100    44199.100    44200.200    44786.100
   255:    45027.100    45988.100    46118.100    46645.100    46646.200
   260:    46847.100    47122.100    47592.100    47689.100    48042.100
   265:    48155.100    49477.100    49964.100    50034.300    50038.300
   270:    50272.300    50341.100    50364.100    51958.100    51959.200
   275:    52035.300    52224.100    52421.100    52746.100    53475.100
   280:    53753.100    54039.100    54982.100    54983.200    55004.300
   285:    55393.100    56988.100    58052.300    58652.100    58653.200
   290:    59256.100    59794.100    59795.200    59963.100
D:
     0:        0.111       65.200      147.200      164.200      193.200
     5:      212.200      262.700      291.700      462.200      463.500
    10:      463.510      513.510      542.710      563.510      613.510
    15:      663.510      713.510     1533.210     1600.210     1612.210
    20:     1680.710     1710.710     1718.520     1895.200     1908.200
    25:     1919.200     2015.200     2031.200     2076.200     2081.200
    30:     2121.200     2239.200     2327.200     2353.200     2411.200
    35:     2432.200     2636.200     2740.200     2755.200     2902.200
    40:     2985.200     3015.200     3051.200     3072.200     3131.200
    45:     3187.200     3252.700     3474.200     3533.200     3589.200
    50:     3764.200     4076.200     4077.500     4077.510     4127.510
    55:     4160.710     4177.510     4179.710     4227.510     4277.510
    60:     4327.510     5332.520     5427.700     5516.200     5581.200
    65:     5637.200     5733.200     5757.200     5919.200     6374.200
    70:     6502.200     6513.200     6535.200     6596.200     6602.200
    75:     6653.700     7034.200     7103.200     7162.200     7199.200
    80:     7259.200     7344.200     7366.200     7379.200     7391.200
    85:     7405.200     7416.200     7425.200     7441.200     7524.200
    90:     7599.200     7614.200     7629.200     7643.200     7726.200
    95:     7758.200     7801.200     7819.200     7887.200     7901.200
   100:     7960.200     7986.200     8024.200     8039.200     8041.200
   105:     8144.200     8155.200     8175.200     8252.700     8622.200
   110:     8623.500     8623.510     8673.510     8703.710     8723.510
   115:     8773.510     8823.510     8873.510     9118.710     9313.210
   120:     9478.210     9545.210     9632.710     9878.520     9882.200
   125:    10056.200    10386.200    10452.200    10513.200    10536.200
   130:    10559.200    10631.700    10858.200    10902.200    10937.200
   135:    10996.200    11091.200    11114.200    11175.200    11332.200
   140:    11379.200    11386.200    11563.200    11913.200    12121.700
   145:    12138.700    12209.200    12350.200    12557.200    12665.200
   150:    12717.200    12807.700    12839.700    13026.700    13145.200
   155:    13174.200    13807.200    13828.200    13865.200    14242.200
   160:    14284.200    14307.200    14364.200    14398.200    15435.200
   165:    15436.500    15436.510    15486.510    15503.710    15536.510
   170:    15586.510    15636.510    15686.510    16001.210    16292.710
   175:    16352.710    16405.710    16628.210    16691.520    16710.200
   180:    16766.200    17312.200    17873.200    17874.500    17874.510
   185:    17924.510    17941.710    17974.510    18024.510    18074.510
   190:    18124.510    18638.210    19129.520    19375.200    19476.200
   195:    19616.700    19664.700    19805.200    19806.500    19806.510
   200:    19856.510    19879.710    19906.510    19956.510    20006.510
   205:    20056.510    20520.210    20600.210    20703.710    20758.710
   210:    20930.710    21013.210    21061.520    21130.200    21193.700
   215:    21363.200    21417.200    21478.200    21504.200    21531.200
   220:    21548.200    21585.200    21657.700    21775.700    22332.200
   225:    22333.500    22333.510    22383.510    22410.710    22433.510
   230:    22483.510    22533.510    22583.510    23184.210    23588.520
   235:    23788.200    23897.200    23946.200    23995.200    24118.700
   240:    24262.200    24403.200    24472.200    24866.200    24933.200
   245:    25297.200    25298.500    25298.510    25348.510    25386.710
   250:    25398.510    25448.510    25498.510    25548.510    25979.210
   255:    26295.210    26540.210    26553.520    26830.200    27367.200
   260:    27368.500    27368.510    27418.510    27438.710    27468.510
   265:    27518.510    27568.510    27618.510    28075.710    28623.520
   270:    28710.200    28711.500    28711.510    28761.510    28811.510
   275:    28827.710    28861.510    28911.510    28961.510    29278.710
   280:    29380.710    29397.710    29411.710    29453.710    29516.710
   285:    29573.710    29630.710    29966.520    31050.200    31051.500
   290:    31051.510    31101.510    31151.510    31152.710    31201.510
   295:    31251.510    31301.510    32306.520    32574.200    32895.700
   300:    33000.700    33536.200    34004.200    34087.700    34414.200
   305:    34415.500    34415.510    34465.510    34473.710    34515.510
   310:    34537.710    34565.510    34615.510    34665.510    35119.210
   315:    35459.210    35547.710    35670.520    36314.200    36315.500
   320:    36315.510    36365.510    36387.710    36415.510    36448.710
   325:    36465.510    36515.510    36565.510    37354.210    37570.520
   330:    37919.200    38207.200    38373.200    38404.200    38486.700
   335:    38945.200    39245.200    39403.200    39813.200    40161.200
   340:    40237.200    40288.200    40333.200    40355.200    40638.200
   345:    40639.500    40639.510    40689.510    40712.710    40739.510
   350:    40789.510    40839.510    40889.510    41230.210    41441.710
   355:    41791.210    41894.520    42354.200    42705.200    42903.700
   360:    43170.200    43325.200    43793.200    44020.200    44262.700
   365:    44283.700    44427.700    44619.200    45813.200    45963.200
   370:    46011.200    46808.200    47895.200    47896.500    47896.510
   375:    47946.510    47988.710    47996.510    48046.510    48096.510
   380:    48146.510    48763.210    49151.520    49308.200    49309.500
   385:    49309.510    49359.510    49385.710    49409.510    49459.510
   390:    49509.510    49559.510    50564.520    51386.200    52864.200
   395:    52865.500    52865.510    52915.510    52947.710    52965.510
   400:    53015.510    53065.510    53115.510    53749.210    53987.210
   405:    54120.520    54735.200    54930.200    55310.200    55953.200
   410:    55954.500    55954.510    56004.510    56024.710    56054.510
   415:    56104.510    56154.510    56204.510    56607.210    57209.520
   420:    57425.200    57578.700    57973.200    57974.500    57974.510
   425:    58024.510    58058.710    58074.510    58124.510    58174.510
   430:    58224.510    59229.520    59667.200    59921.200    60169.200
   435:    60170.500    60170.510    60220.510    60241.710    60270.510
   440:    60320.510    60370.510    60420.510    61425.520    61556.200
   445:    61838.200    62615.200    62616.500    62616.510    62656.210
   450:    62666.510    62716.510    62716.710    62766.510    62816.510
   455:    62866.510    63871.520    64130.200    64131.500    64131.510
   460:    64181.510    64230.710    64231.510    64281.510    64331.510
   465:    64381.510    65386.520    66283.200    66284.500    66284.510
   470:    66334.510    66384.510    66434.510    66443.710    66484.510
   475:    66534.510    67539.520    68758.200    68759.500    68759.510
   480:    68809.510    68854.710    68859.510    68895.710    68909.510
   485:    68959.510    69009.510    70014.520    70226.200    71319.200
   490:    71320.500    71320.510    71370.510    71396.710    71420.510
   495:    71470.510    71520.510    71570.510    72575.520    73754.200
   500:    73918.200    73919.500    73919.510    73969.510    73989.710
   505:    74019.510    74069.510    74119.510    74169.510    74346.710
   510:    75114.710    75174.520    75195.700    76707.200    76829.200
   515:    76830.500    76830.510    76880.510    76906.710    76930.510
   520:    76980.510    77030.510    77080.510    78085.520    78671.200
   525:    78912.200    79873.200    80003.200    80530.200    80531.500
   530:    80531.510    80581.510    80598.710    80631.510    80681.510
   535:    80731.510    80781.510    81786.520    81987.200    82262.200
   540:    82732.200    82829.200    83182.200    83295.200    84617.200
   545:    85104.200    85174.700    85178.700    85412.700    85481.200
   550:    85504.200    87098.200    87099.500    87099.510    87149.510
   555:    87163.710    87199.510    87249.510    87299.510    87349.510
   560:    88237.210    88354.520    88430.700    88619.200    88816.200
   565:    89141.200    89870.200    90148.200    90434.200    91377.200
   570:    91378.500    91378.510    91428.510    91467.710    91478.510
   575:    91528.510    91578.510    91628.510    92465.210    92633.520
   580:    92654.700    93043.200    94638.200    95702.700    96302.200
   585:    96303.500    96303.510    96353.510    96373.710    96403.510
   590:    96453.510    96503.510    96553.510    97285.210    97558.520
   595:    98161.200    98699.200    98700.500    98700.510    98750.510
   600:    98782.710    98800.510    98850.510    98900.510    98950.510
   605:    99742.210    99915.710    99955.520   100123.200   100160.999
E:
     0:        5.200       16.300       28.800       43.200       59.900
     5:       80.100      105.300      139.300      191.600      330.300
F:
     0:        0.000        0.000        0.000
