File: C:\MED-PC IV\DATA\!2020-03-13_08h34m.Subject EB11


Start Date: 03/13/20
End Date: 03/13/20
Subject: EB11
Experiment: MagThin
Group: 2
Box: 1
Start Time:  8:34:03
End Time:  8:58:50
MSN: MagThin
G:       0.000
H:       0.000
I:       0.000
J:       0.000
K:       0.000
L:       0.000
M:       0.000
N:       0.000
O:       0.000
P:       0.000
Q:       0.000
R:       0.000
S:       0.000
T:       0.000
U:       0.000
V:       0.000
W:       0.000
X:       0.000
Y:       0.000
Z:       0.000
A:
     0:        2.000        6.000        6.000       15.000        0.000
     5:    60000.000       11.000     1000.000        0.000        9.000
    10:        7.000       10.000       12.000        0.000        0.000
    15:        0.000
B:
     0:      292.000      594.000        1.000    60000.000    98905.000
     5:      218.000       32.000        0.000        0.000        0.000
    10:       51.000       31.000      186.000        0.000      654.500
    15:     1000.000        0.000       31.000       43.000        0.000
    20:        0.000
C:
     0:      191.300      388.100      409.100      430.100      440.100
     5:      453.100      488.100      520.100      541.100      621.300
    10:      818.100      831.100      845.100      891.100     1333.100
    15:     2038.100     2051.100     2082.100     2198.100     2199.200
    20:     2274.100     2601.100     2602.200     3921.100     3922.200
    25:     3971.100     4045.100     4103.100     4240.100     4311.100
    30:     4372.100     4730.100     4773.100     4825.100     4826.200
    35:     4941.100     4991.100     5024.100     5079.100     5348.100
    40:     5570.100     5644.100     5854.100     5926.100     5986.100
    45:     6260.100     6354.100     7257.100     7258.200     7303.100
    50:     7366.100     7380.100     7440.100     7471.100     7538.100
    55:     7550.100     7636.100     7916.100     7974.100     7985.100
    60:     7992.100     8013.100     8038.100     8144.100     8155.100
    65:     8162.100     8188.100     8704.100     8997.100     9332.100
    70:     9384.100     9455.300     9488.300     9897.100    10601.100
    75:    10602.200    10615.100    10667.100    10685.100    10743.100
    80:    10885.100    10968.100    11370.100    11777.100    11970.100
    85:    12046.100    12110.100    12125.100    12137.100    12175.100
    90:    12188.100    12316.100    12992.100    13055.100    13320.100
    95:    13354.100    13466.300    13477.300    13600.100    13854.300
   100:    14344.100    15107.300    15123.300    15192.100    15236.100
   105:    15270.100    15336.100    15440.300    15543.300    15631.100
   110:    15632.200    15757.100    15836.100    15880.100    15926.100
   115:    15986.100    16029.100    16120.100    16152.100    16171.100
   120:    16203.100    16321.100    16398.100    16520.100    17118.300
   125:    17164.300    17228.100    17229.200    17362.100    17685.100
   130:    17686.200    17881.100    18218.100    18219.200    18519.100
   135:    18700.100    18995.100    19348.100    19349.200    20148.100
   140:    20149.200    20193.100    20282.100    20347.100    20411.100
   145:    20435.100    20450.100    20578.100    20732.300    20792.300
   150:    20866.100    20893.100    21078.100    21371.100    21449.100
   155:    21483.100    21568.100    22074.100    22401.100    22503.100
   160:    22535.100    22579.100    23832.100    23911.100    24106.100
   165:    24191.100    24220.100    24294.300    24354.300    24843.100
   170:    24872.100    24951.100    24987.100    25025.100    25092.100
   175:    25111.100    25112.200    25320.100    25664.100    26145.300
   180:    26227.100    26298.100    26351.100    26352.200    26447.100
   185:    26692.100    26847.300    27268.100    27269.200    27610.100
   190:    27611.200    27770.100    29845.100    29846.200    30313.100
   195:    30596.100    30769.100    30833.100    30911.100    31022.100
   200:    31151.300    31198.300    31246.300    31297.300    31954.100
   205:    31955.200    32469.100    32846.100    33008.100    33063.100
   210:    33326.100    34602.100    34704.100    34815.100    35334.100
   215:    35335.200    35620.100    35621.200    37775.100    37776.200
   220:    38059.100    38282.100    40025.100    40026.200    40582.100
   225:    41215.100    41512.100    41643.100    41644.200    42300.100
   230:    42550.100    42676.100    42767.100    43087.100    44166.300
   235:    45201.100    45202.200    45793.100    45869.100    45924.100
   240:    46152.300    46267.100    46760.100    46950.300    46991.300
   245:    47038.300    47674.100    48406.100    48466.100    48498.100
   250:    48636.100    48700.100    48730.100    48789.100    48849.300
   255:    49806.100    49844.100    50002.100    50072.100    50101.100
   260:    50152.100    50178.100    50179.200    51148.100    51149.200
   265:    51367.300    51416.300    51707.300    52012.300    52086.300
   270:    52180.300    52393.300    52606.300    52866.300    52967.300
   275:    53072.300    53164.100    53165.200    54108.300    55563.100
   280:    55771.100    55866.100    55933.300    56420.100    56421.200
   285:    56956.100    56957.200    57759.300    58458.100    58459.200
   290:    59451.100    59452.200
D:
     0:        0.111      191.700      388.200      409.200      430.200
     5:      440.200      453.200      488.200      520.200      541.200
    10:      621.700      818.200      831.200      845.200      891.200
    15:     1333.200     2038.200     2051.200     2082.200     2198.200
    20:     2199.500     2199.510     2249.510     2274.710     2299.510
    25:     2349.510     2399.510     2449.510     2812.210     2928.210
    30:     3015.710     3173.210     3454.520     3529.200     3856.200
    35:     3857.500     3857.510     3907.510     3948.710     3957.510
    40:     3974.710     4007.510     4057.510     4107.510     5112.520
    45:     6431.200     6432.500     6432.510     6482.510     6510.710
    50:     6523.710     6532.510     6544.710     6582.510     6632.510
    55:     6682.510     7567.210     7687.520     7736.200     7810.200
    60:     7868.200     8005.200     8076.200     8137.200     8495.200
    65:     8538.200     8590.200     8591.500     8591.510     8597.210
    70:     8641.510     8670.710     8691.510     8741.510     8791.510
    75:     8841.510     9398.210     9550.210     9694.710     9761.210
    80:     9822.210     9846.520     9961.200    10011.200    10044.200
    85:    10099.200    10368.200    10590.200    10664.200    10874.200
    90:    10946.200    11006.200    11280.200    11374.200    12277.200
    95:    12278.500    12278.510    12298.210    12328.510    12354.710
   100:    12378.510    12428.510    12478.510    12528.510    12839.210
   105:    12978.210    13246.710    13399.210    13506.210    13533.520
   110:    13578.200    13641.200    13655.200    13715.200    13746.200
   115:    13813.200    13825.200    13911.200    14191.200    14249.200
   120:    14260.200    14267.200    14288.200    14313.200    14419.200
   125:    14430.200    14437.200    14463.200    14979.200    15272.200
   130:    15607.200    15659.200    15730.700    15763.700    16172.200
   135:    16876.200    16877.500    16877.510    16927.510    16942.710
   140:    16977.510    17027.510    17077.510    17127.510    17862.210
   145:    17964.710    18020.710    18065.710    18132.520    18145.200
   150:    18197.200    18215.200    18273.200    18415.200    18498.200
   155:    18900.200    19307.200    19500.200    19576.200    19640.200
   160:    19655.200    19667.200    19705.200    19718.200    19846.200
   165:    20522.200    20585.200    20850.200    20884.200    20996.700
   170:    21007.700    21130.200    21384.700    21874.200    22637.700
   175:    22653.700    22722.200    22766.200    22800.200    22866.200
   180:    22970.700    23073.700    23161.200    23162.500    23162.510
   185:    23212.510    23237.710    23262.510    23312.510    23362.510
   190:    23412.510    23794.210    24042.210    24093.210    24219.710
   195:    24417.520    24542.200    24621.200    24665.200    24711.200
   200:    24771.200    24814.200    24905.200    24937.200    24956.200
   205:    24988.200    25106.200    25183.200    25305.200    25903.700
   210:    25949.700    26013.200    26014.500    26014.510    26064.510
   215:    26108.710    26114.510    26164.510    26214.510    26264.510
   220:    26504.710    26609.210    26713.210    26729.210    26894.710
   225:    27269.520    27402.200    27725.200    27726.500    27726.510
   230:    27776.510    27812.710    27826.510    27876.510    27926.510
   235:    27976.510    28981.520    29176.200    29513.200    29514.500
   240:    29514.510    29564.510    29614.510    29638.710    29664.510
   245:    29714.510    29764.510    30769.520    31069.200    31250.200
   250:    31545.200    31898.200    31899.500    31899.510    31949.510
   255:    31987.710    31999.510    32049.510    32099.510    32149.510
   260:    33105.210    33154.520    33953.200    33954.500    33954.510
   265:    34004.510    34046.710    34054.510    34104.510    34154.510
   270:    34204.510    35006.210    35209.520    35253.200    35342.200
   275:    35407.200    35471.200    35495.200    35510.200    35638.200
   280:    35792.700    35852.700    35926.200    35953.200    36138.200
   285:    36431.200    36509.200    36543.200    36628.200    37134.200
   290:    37461.200    37563.200    37595.200    37639.200    38892.200
   295:    38971.200    39166.200    39251.200    39280.200    39354.700
   300:    39414.700    39903.200    39932.200    40011.200    40047.200
   305:    40085.200    40152.200    40171.200    40172.500    40172.510
   310:    40222.510    40243.710    40272.510    40322.510    40372.510
   315:    40422.510    40745.210    41052.210    41163.710    41211.710
   320:    41253.710    41427.520    41635.200    41979.200    42460.700
   325:    42542.200    42613.200    42666.200    42667.500    42667.510
   330:    42717.510    42754.710    42767.510    42817.510    42867.510
   335:    42917.510    43922.520    44017.200    44262.200    44417.700
   340:    44838.200    44839.500    44839.510    44889.510    44918.710
   345:    44939.510    44989.510    45039.510    45089.510    46003.210
   350:    46094.520    46435.200    46436.500    46436.510    46486.510
   355:    46536.510    46540.710    46586.510    46636.510    46686.510
   360:    47691.520    47850.200    49925.200    49926.500    49926.510
   365:    49976.510    50009.710    50026.510    50076.510    50126.510
   370:    50176.510    50919.210    51181.520    51648.200    51931.200
   375:    52104.200    52168.200    52246.200    52357.200    52486.700
   380:    52533.700    52581.700    52632.700    53289.200    53290.500
   385:    53290.510    53340.510    53363.710    53390.510    53440.510
   390:    53490.510    53540.510    54545.520    55059.200    55436.200
   395:    55598.200    55653.200    55916.200    57192.200    57294.200
   400:    57405.200    57924.200    57925.500    57925.510    57975.510
   405:    58005.710    58025.510    58075.510    58125.510    58175.510
   410:    58628.210    59180.520    59465.200    59466.500    59466.510
   415:    59516.510    59544.710    59566.510    59616.510    59666.510
   420:    59716.510    60721.520    62875.200    62876.500    62876.510
   425:    62926.510    62968.710    62976.510    63026.510    63076.510
   430:    63126.510    64072.210    64131.520    64414.200    64637.200
   435:    66380.200    66381.500    66381.510    66431.510    66463.710
   440:    66481.510    66531.510    66581.510    66631.510    67636.520
   445:    68192.200    68825.200    69122.200    69253.200    69254.500
   450:    69254.510    69304.510    69354.510    69404.510    69454.510
   455:    69504.510    69627.710    70509.520    71165.200    71415.200
   460:    71541.200    71632.200    71952.200    73031.700    74066.200
   465:    74067.500    74067.510    74117.510    74152.710    74167.510
   470:    74175.710    74217.510    74267.510    74317.510    75108.210
   475:    75322.520    75913.200    75989.200    76044.200    76272.700
   480:    76387.200    76880.200    77070.700    77111.700    77158.700
   485:    77794.200    78526.200    78586.200    78618.200    78756.200
   490:    78820.200    78850.200    78909.200    78969.700    79926.200
   495:    79964.200    80122.200    80192.200    80221.200    80272.200
   500:    80298.200    80299.500    80299.510    80349.510    80364.710
   505:    80399.510    80449.510    80499.510    80549.510    81425.210
   510:    81554.520    82523.200    82524.500    82524.510    82574.510
   515:    82624.510    82631.710    82674.510    82724.510    82774.510
   520:    83779.520    83997.700    84046.700    84337.700    84642.700
   525:    84716.700    84810.700    85023.700    85236.700    85496.700
   530:    85597.700    85702.700    85794.200    85795.500    85795.510
   535:    85845.510    85873.710    85895.510    85945.510    85995.510
   540:    86045.510    86838.210    87050.520    87993.700    89448.200
   545:    89656.200    89751.200    89818.700    90305.200    90306.500
   550:    90306.510    90356.510    90388.710    90406.510    90456.510
   555:    90506.510    90556.510    91561.520    92096.200    92097.500
   560:    92097.510    92147.510    92189.710    92197.510    92247.510
   565:    92297.510    92347.510    93352.520    94154.700    94853.200
   570:    94854.500    94854.510    94904.510    94954.510    94994.710
   575:    95004.510    95054.510    95104.510    96109.520    97101.200
   580:    97102.500    97102.510    97152.510    97202.510    97218.710
   585:    97252.510    97302.510    97352.510    97676.710    97716.710
   590:    98010.710    98131.710    98357.520    98905.999
E:
     0:        5.200       16.300       28.800       43.200       59.900
     5:       80.100      105.300      139.300      191.600      330.300
F:
     0:        0.000        0.000        0.000
