File: C:\MED-PC IV\DATA\!2020-03-18_09h03m.Subject EB11


Start Date: 03/18/20
End Date: 03/18/20
Subject: EB11
Experiment: MagThin
Group: 2
Box: 1
Start Time:  9:03:03
End Time:  9:30:12
MSN: MagThin
G:       0.000
H:       0.000
I:       0.000
J:       0.000
K:       0.000
L:       0.000
M:       0.000
N:       0.000
O:       0.000
P:       0.000
Q:       0.000
R:       0.000
S:       0.000
T:       0.000
U:       0.000
V:       0.000
W:       0.000
X:       0.000
Y:       0.000
Z:       0.000
A:
     0:        2.000        6.000        6.000       15.000        0.000
     5:    60000.000       11.000     1000.000        0.000        9.000
    10:        7.000       10.000       12.000        0.000        0.000
    15:        0.000
B:
     0:      328.000      634.000        1.000    60000.000    98905.000
     5:      247.000       28.000        0.000        0.000        0.000
    10:       59.000       31.000      186.000        0.000       -0.500
    15:     1000.000        0.000       31.000       50.000        0.000
    20:        0.000
C:
     0:       50.100      153.100      162.100      189.100      293.100
     5:      313.100      325.100      357.100      501.100      533.100
    10:      680.100      681.200      682.100      905.100     1020.100
    15:     1021.200     1521.300     2237.100     2238.200     2954.100
    20:     2955.200     3187.300     3572.100     3927.100     4159.100
    25:     4292.100     4293.200     4452.100     4566.100     4740.100
    30:     4815.100     5011.100     5052.100     5291.100     5385.100
    35:     5404.100     5436.100     5454.100     5507.100     5711.100
    40:     5752.100     5793.100     5843.100     5953.100     6241.100
    45:     6310.100     6369.100     6383.100     6607.100     6608.200
    50:     6803.100     6871.100     7088.100     7094.100     7133.100
    55:     7191.100     7890.100     8020.100     8093.100     8185.100
    60:     8377.100     8665.300     8774.100     8991.100     9236.100
    65:     9295.300     9438.100     9458.100     9616.100     9617.200
    70:     9721.100     9768.100     9822.100     9941.100     9966.100
    75:    10349.100    11029.100    11097.300    11195.100    11237.100
    80:    11238.200    11440.100    11609.100    11675.100    11728.100
    85:    11880.100    12216.100    12329.300    12344.300    12618.100
    90:    12728.100    12828.100    12933.100    13630.100    13734.100
    95:    13752.100    13891.100    14173.100    14391.100    14451.100
   100:    14701.100    15040.100    15178.100    15234.100    15285.100
   105:    15298.100    16365.100    16366.200    16422.100    16517.100
   110:    16518.200    16743.100    16852.100    16969.100    17102.100
   115:    17198.300    17234.300    17394.100    17465.100    17502.100
   120:    17534.100    17572.100    17745.100    17846.100    17927.100
   125:    17963.100    18054.100    18343.100    18344.200    18434.100
   130:    18524.300    18857.100    18935.100    19024.300    19178.300
   135:    19433.100    19496.100    19968.100    20142.100    20582.100
   140:    20583.200    20714.100    20861.100    21154.100    21495.100
   145:    21561.100    21734.100    22203.100    22295.300    22688.100
   150:    22792.100    22876.100    23273.100    23388.100    23424.100
   155:    23477.100    23478.200    23662.100    23829.100    23907.100
   160:    24177.100    24243.300    24323.100    24357.100    24456.100
   165:    24650.100    25679.100    25885.100    25928.100    26312.100
   170:    26347.100    26365.100    26404.100    26423.100    26515.100
   175:    26739.100    26922.100    26976.100    27029.100    27084.100
   180:    27118.100    27139.100    27180.100    27367.100    27475.100
   185:    27577.100    27640.100    27664.100    27679.100    27700.100
   190:    27718.100    27744.100    27802.100    27926.100    27967.100
   195:    28018.100    28482.300    28567.100    28568.200    28697.100
   200:    28747.100    28786.100    28945.100    29018.100    29058.100
   205:    29240.100    29241.200    29387.100    29626.300    29840.100
   210:    29841.200    30039.100    30818.300    30842.300    30916.300
   215:    31052.100    31053.200    31373.100    31374.200    31555.100
   220:    31705.100    31706.200    32350.300    32568.300    33435.100
   225:    33436.200    33923.300    34065.100    34066.200    34431.300
   230:    35366.100    35367.200    35895.300    36612.300    37455.100
   235:    37456.200    37957.100    37958.200    38281.300    38943.100
   240:    39181.300    39218.300    39793.100    39794.200    41998.100
   245:    42080.100    42181.300    42214.300    42270.300    42349.300
   250:    42363.300    42367.300    42378.300    42499.100    42593.100
   255:    42778.300    42992.100    42993.200    43311.100    43511.300
   260:    43719.100    43949.300    44150.100    44298.100    44299.200
   265:    44533.100    45337.100    45915.100    46141.100    46350.100
   270:    46749.100    46750.200    47059.100    47936.100    48107.100
   275:    48153.100    48217.100    48413.100    48725.100    48840.300
   280:    48867.300    48910.300    49080.300    49338.100    49585.100
   285:    49775.100    49819.100    50517.100    50611.100    50806.100
   290:    50871.100    50911.100    50955.100    51198.100    51253.100
   295:    51324.100    51360.100    51370.100    51432.100    51629.300
   300:    52166.100    52167.200    52187.100    52341.100    52875.100
   305:    52876.200    53505.100    53952.300    53985.300    54039.300
   310:    54131.300    54818.100    54819.200    55355.100    55603.100
   315:    55795.100    55922.300    56669.100    56886.300    57172.100
   320:    57358.100    57993.100    58106.300    58283.100    58348.100
   325:    58530.100    59606.100    59698.100
D:
     0:        0.111       50.200      153.200      162.200      189.200
     5:      293.200      313.200      325.200      357.200      501.200
    10:      533.200      680.200      681.500      681.510      731.510
    15:      761.710      772.710      781.510      831.510      881.510
    20:      931.510     1743.210     1936.520     1937.200     2160.200
    25:     2275.200     2276.500     2276.510     2326.510     2376.510
    30:     2416.710     2426.510     2476.510     2526.510     2771.710
    35:     3531.520     4031.700     4747.200     4748.500     4748.510
    40:     4798.510     4848.510     4898.510     4948.510     4998.510
    45:     5238.710     6003.520     6719.200     6720.500     6720.510
    50:     6770.510     6820.510     6870.510     6920.510     6970.510
    55:     7055.710     7909.710     7921.710     7975.520     8207.700
    60:     8592.200     8947.200     9179.200     9312.200     9313.500
    65:     9313.510     9360.210     9363.510     9413.510     9417.710
    70:     9463.510     9513.510     9563.510    10568.520    10727.200
    75:    10841.200    11015.200    11090.200    11286.200    11327.200
    80:    11566.200    11660.200    11679.200    11711.200    11729.200
    85:    11782.200    11986.200    12027.200    12068.200    12118.200
    90:    12228.200    12516.200    12585.200    12644.200    12658.200
    95:    12882.200    12883.500    12883.510    12933.510    12949.710
   100:    12969.710    12983.510    13033.510    13083.510    13133.510
   105:    13618.210    13848.210    13958.710    13994.710    14138.520
   110:    14333.200    14401.200    14618.200    14624.200    14663.200
   115:    14721.200    15420.200    15550.200    15623.200    15715.200
   120:    15907.200    16195.700    16304.200    16521.200    16766.200
   125:    16825.700    16968.200    16988.200    17146.200    17147.500
   130:    17147.510    17197.510    17212.710    17247.510    17297.510
   135:    17347.510    17397.510    17689.710    17809.210    17889.210
   140:    17910.210    18266.710    18402.520    18506.200    18553.200
   145:    18607.200    18726.200    18751.200    19134.200    19814.200
   150:    19882.700    19980.200    20022.200    20023.500    20023.510
   155:    20073.510    20102.710    20123.510    20173.510    20223.510
   160:    20273.510    20687.210    20934.210    21052.710    21278.520
   165:    21480.200    21649.200    21715.200    21768.200    21920.200
   170:    22256.200    22369.700    22384.700    22658.200    22768.200
   175:    22868.200    22973.200    23670.200    23774.200    23792.200
   180:    23931.200    24213.200    24431.200    24491.200    24741.200
   185:    25080.200    25218.200    25274.200    25325.200    25338.200
   190:    26405.200    26406.500    26406.510    26456.510    26468.710
   195:    26506.510    26556.510    26606.510    26656.510    26996.210
   200:    27100.210    27165.210    27307.210    27661.520    27717.200
   205:    27812.200    27813.500    27813.510    27836.210    27863.510
   210:    27897.710    27913.510    27931.710    27963.510    28013.510
   215:    28063.510    29068.520    29293.200    29402.200    29519.200
   220:    29652.200    29748.700    29784.700    29944.200    30015.200
   225:    30052.200    30084.200    30122.200    30295.200    30396.200
   230:    30477.200    30513.200    30604.200    30893.200    30894.500
   235:    30894.510    30944.510    30951.710    30994.510    31044.510
   240:    31094.510    31144.510    31450.210    31522.210    31667.210
   245:    31764.710    31809.710    32149.520    32239.200    32329.700
   250:    32662.200    32740.200    32829.700    32983.700    33238.200
   255:    33301.200    33773.200    33947.200    34387.200    34388.500
   260:    34388.510    34438.510    34488.510    34489.710    34538.510
   265:    34588.510    34638.510    35551.210    35616.210    35643.520
   270:    35774.200    35921.200    36214.200    36555.200    36621.200
   275:    36794.200    37263.200    37355.700    37748.200    37852.200
   280:    37936.200    38333.200    38448.200    38484.200    38537.200
   285:    38538.500    38538.510    38588.510    38594.710    38606.710
   290:    38638.510    38688.510    38738.510    38788.510    39541.210
   295:    39793.520    39977.200    40144.200    40222.200    40492.200
   300:    40558.700    40638.200    40672.200    40771.200    40965.200
   305:    41994.200    42200.200    42243.200    42627.200    42662.200
   310:    42680.200    42719.200    42738.200    42830.200    43054.200
   315:    43237.200    43291.200    43344.200    43399.200    43433.200
   320:    43454.200    43495.200    43682.200    43790.200    43892.200
   325:    43955.200    43979.200    43994.200    44015.200    44033.200
   330:    44059.200    44117.200    44241.200    44282.200    44333.200
   335:    44797.700    44882.200    44883.500    44883.510    44933.510
   340:    44968.710    44983.510    45033.510    45083.510    45133.510
   345:    45691.210    45855.210    46042.210    46138.520    46267.200
   350:    46317.200    46356.200    46515.200    46588.200    46628.200
   355:    46810.200    46811.500    46811.510    46861.510    46866.710
   360:    46892.710    46911.510    46961.510    47011.510    47061.510
   365:    47768.710    47783.710    48013.210    48066.520    48212.200
   370:    48451.700    48665.200    48666.500    48666.510    48716.510
   375:    48745.710    48766.510    48816.510    48866.510    48916.510
   380:    49921.520    50119.200    50898.700    50922.700    50996.700
   385:    51132.200    51133.500    51133.510    51183.510    51216.710
   390:    51233.510    51283.510    51333.510    51383.510    51663.710
   395:    51923.210    52100.210    52185.210    52279.710    52327.710
   400:    52365.710    52388.520    52708.200    52709.500    52709.510
   405:    52759.510    52771.710    52809.510    52859.510    52909.510
   410:    52959.510    53964.520    54145.200    54295.200    54296.500
   415:    54296.510    54346.510    54396.510    54446.510    54496.510
   420:    54546.510    54655.710    55286.710    55551.520    56195.700
   425:    56413.700    57280.200    57281.500    57281.510    57331.510
   430:    57356.710    57381.510    57431.510    57481.510    57531.510
   435:    58248.710    58536.520    59023.700    59165.200    59166.500
   440:    59166.510    59216.510    59266.510    59277.710    59316.510
   445:    59366.510    59416.510    59782.710    60421.520    60786.700
   450:    61721.200    61722.500    61722.510    61772.510    61814.710
   455:    61822.510    61872.510    61922.510    61972.510    62977.520
   460:    63505.700    64222.700    65065.200    65066.500    65066.510
   465:    65116.510    65166.510    65170.710    65216.510    65266.510
   470:    65316.510    66321.520    66822.200    66823.500    66823.510
   475:    66873.510    66923.510    66952.710    66973.510    67023.510
   480:    67073.510    67734.710    68078.520    68401.700    69063.200
   485:    69301.700    69338.700    69913.200    69914.500    69914.510
   490:    69964.510    69981.710    69988.710    69990.710    70014.510
   495:    70064.510    70114.510    70164.510    71169.520    73373.200
   500:    73455.200    73556.700    73589.700    73645.700    73724.700
   505:    73738.700    73742.700    73753.700    73874.200    73968.200
   510:    74153.700    74367.200    74368.500    74368.510    74418.510
   515:    74424.710    74434.710    74468.510    74518.510    74568.510
   520:    74618.510    75623.520    75941.200    76141.700    76349.200
   525:    76579.700    76780.200    76928.200    76929.500    76929.510
   530:    76979.510    77011.710    77029.510    77079.510    77129.510
   535:    77179.510    78184.520    78418.200    79222.200    79800.200
   540:    80026.200    80235.200    80634.200    80635.500    80635.510
   545:    80685.510    80711.710    80735.510    80785.510    80835.510
   550:    80885.510    81890.520    82199.200    83076.200    83247.200
   555:    83293.200    83357.200    83553.200    83865.200    83980.700
   560:    84007.700    84050.700    84220.700    84478.200    84725.200
   565:    84915.200    84959.200    85657.200    85751.200    85946.200
   570:    86011.200    86051.200    86095.200    86338.200    86393.200
   575:    86464.200    86500.200    86510.200    86572.200    86769.700
   580:    87306.200    87307.500    87307.510    87357.510    87357.710
   585:    87407.510    87457.510    87507.510    87557.510    87924.210
   590:    88562.520    88582.200    88736.200    89270.200    89271.500
   595:    89271.510    89321.510    89341.710    89371.510    89421.510
   600:    89471.510    89521.510    90526.520    91155.200    91602.700
   605:    91635.700    91689.700    91781.700    92468.200    92469.500
   610:    92469.510    92519.510    92551.710    92569.510    92619.510
   615:    92669.510    92719.510    93724.520    94260.200    94508.200
   620:    94700.200    94827.700    95574.200    95791.700    96077.200
   625:    96263.200    96898.200    97011.700    97188.200    97253.200
   630:    97435.200    98511.200    98603.200    98905.999
E:
     0:        5.200       16.300       28.800       43.200       59.900
     5:       80.100      105.300      139.300      191.600      330.300
F:
     0:        0.000        0.000        0.000
