File: C:\MED-PC IV\DATA\!2020-03-21_08h29m.Subject EB11


Start Date: 03/21/20
End Date: 03/21/20
Subject: EB11
Experiment: MagThin
Group: 2
Box: 1
Start Time:  8:29:12
End Time:  8:55:29
MSN: MagThin
G:       0.000
H:       0.000
I:       0.000
J:       0.000
K:       0.000
L:       0.000
M:       0.000
N:       0.000
O:       0.000
P:       0.000
Q:       0.000
R:       0.000
S:       0.000
T:       0.000
U:       0.000
V:       0.000
W:       0.000
X:       0.000
Y:       0.000
Z:       0.000
A:
     0:        2.000        6.000        6.000       15.000        0.000
     5:    60000.000       11.000     1000.000        0.000        9.000
    10:        7.000       10.000       12.000        0.000        0.000
    15:        0.000
B:
     0:      401.000      772.000        1.000    60000.000   102670.000
     5:      296.000       36.000        0.000        0.000        0.000
    10:       95.000       34.000      204.000        0.000       -0.500
    15:     1000.000        0.000       34.000       71.000        0.000
    20:        0.000
C:
     0:      124.300      603.100      624.100      635.100      656.100
     5:      732.100      758.100      969.100      986.100     1026.100
    10:     1083.100     1107.100     1254.100     1280.100     1301.100
    15:     1448.100     1457.100     1495.100     1518.100     1594.100
    20:     1628.100     1673.300     1708.300     1832.100     1938.100
    25:     1950.100     2393.100     2494.100     2524.100     2668.100
    30:     2752.100     2924.100     2964.100     3013.100     3133.100
    35:     3178.100     3199.100     3325.100     3609.100     3623.100
    40:     3656.100     3796.100     3813.100     3828.100     3991.100
    45:     4036.100     4273.100     4593.100     4680.100     4708.100
    50:     4895.100     4936.100     5047.100     5048.200     6152.100
    55:     6208.100     6762.100     6763.200     6819.100     6878.100
    60:     6925.100     6990.100     7050.100     7201.100     7338.100
    65:     7400.300     7521.100     7827.100     7911.300     8092.100
    70:     8135.100     8205.100     8445.100     8493.100     8617.100
    75:     8659.100     8876.100     9091.100     9332.100     9368.100
    80:     9598.100     9710.100     9711.200     9957.100    10114.100
    85:    10266.100    10538.100    10575.100    10609.100    10711.100
    90:    10725.100    10793.100    10951.100    10952.200    11083.300
    95:    11138.300    11239.100    11240.200    11284.300    11341.300
   100:    11441.100    11442.200    11504.300    11627.100    11727.300
   105:    11992.100    11993.200    12098.100    12181.300    12365.100
   110:    12473.100    12574.300    12704.300    12723.300    12736.300
   115:    12801.300    12902.100    12903.200    12957.100    13002.100
   120:    13035.100    13077.100    13099.100    13231.100    13263.100
   125:    13396.100    13584.100    14066.100    14067.200    14141.100
   130:    14269.300    14338.300    14563.300    14618.300    14839.100
   135:    14926.100    14997.100    15021.100    15159.100    15253.100
   140:    15305.100    15358.100    15392.100    15449.100    15673.100
   145:    15810.100    15822.100    15900.300    16117.100    16197.100
   150:    16198.200    16218.100    16371.100    16479.100    16521.100
   155:    16576.100    16846.100    16940.100    17010.100    17192.100
   160:    17379.100    17611.100    17780.100    17825.100    17975.100
   165:    18204.100    18251.100    18472.100    18518.100    18563.100
   170:    18659.100    19327.100    19328.200    19407.100    19637.100
   175:    19684.100    19727.100    19941.100    19998.100    20267.100
   180:    20425.100    20743.100    20971.100    21032.100    21058.100
   185:    21151.300    21230.100    21461.100    21549.100    21618.100
   190:    21644.100    21750.100    22261.100    22315.100    22344.100
   195:    22397.100    22565.100    22772.100    22882.100    22932.100
   200:    23154.100    23374.100    23600.100    23784.100    24241.100
   205:    24276.100    24307.100    24308.200    24360.300    24453.100
   210:    24497.100    24631.100    24788.100    25038.100    25237.100
   215:    25238.200    25269.300    25321.300    25457.100    25537.100
   220:    25587.300    25677.300    25759.300    26071.300    26136.100
   225:    26137.200    26164.100    26243.100    26307.300    26417.100
   230:    26516.100    26691.100    26740.100    26892.100    26941.100
   235:    27337.100    27504.100    27505.200    27519.100    27607.100
   240:    27671.100    27731.100    27823.100    27892.100    28012.100
   245:    28041.100    28082.100    28115.100    28165.100    28289.100
   250:    28513.100    28550.100    28564.100    28581.100    28598.100
   255:    28650.100    28885.100    28908.100    28959.100    29101.100
   260:    29442.100    29472.100    29534.100    29767.100    29768.200
   265:    30127.100    30128.200    32099.100    32100.200    32585.100
   270:    32586.200    32586.300    32596.300    32640.300    32866.300
   275:    33035.300    33928.100    34034.300    34245.100    34246.200
   280:    34650.100    34770.300    34778.300    34811.300    34918.300
   285:    35028.100    35029.200    35468.100    35768.100    35769.200
   290:    36163.100    36164.200    36667.100    36838.300    36967.100
   295:    37078.300    37159.300    37279.100    37280.200    37641.100
   300:    37958.100    38414.100    38875.100    38876.200    39221.300
   305:    39344.100    39600.100    39788.300    39935.300    40080.100
   310:    40295.300    40406.100    40586.100    40587.200    41203.100
   315:    41308.300    41316.300    41433.300    42229.100    42578.300
   320:    42591.300    42603.300    42653.300    42773.100    42774.200
   325:    42901.100    43036.300    43314.100    43434.300    43483.300
   330:    43700.100    44685.100    45072.300    45181.100    45529.100
   335:    45598.300    45840.100    45841.200    45999.100    46082.100
   340:    46233.100    46490.100    46628.100    46673.100    47896.100
   345:    48101.100    48169.100    48302.100    48759.100    48809.100
   350:    48826.100    48975.100    49166.100    49367.100    49896.100
   355:    50048.100    50177.300    50204.300    50310.100    50388.100
   360:    50494.100    50543.100    50624.100    50691.300    50878.100
   365:    50879.200    51014.300    51143.300    51223.100    51224.200
   370:    51331.300    51545.100    51640.300    51857.100    51941.300
   375:    52308.100    52476.100    52524.100    52574.100    52708.100
   380:    52794.100    52890.100    52891.200    55060.100    55061.200
   385:    55795.100    55902.300    56086.100    56688.100    57431.100
   390:    57587.300    57710.100    57786.300    57996.100    57997.200
   395:    58325.100    58612.100    58860.100    59040.100    59332.100
   400:    59333.200
D:
     0:        0.111      124.700      603.200      624.200      635.200
     5:      656.200      732.200      758.200      969.200      986.200
    10:     1026.200     1083.200     1107.200     1254.200     1280.200
    15:     1301.200     1448.200     1457.200     1495.200     1518.200
    20:     1594.200     1628.200     1673.700     1708.700     1832.200
    25:     1938.200     1950.200     2393.200     2494.200     2524.200
    30:     2668.200     2752.200     2924.200     2964.200     3013.200
    35:     3133.200     3178.200     3199.200     3325.200     3609.200
    40:     3623.200     3656.200     3796.200     3813.200     3828.200
    45:     3991.200     4036.200     4273.200     4593.200     4680.200
    50:     4708.200     4895.200     4936.200     5047.200     5048.500
    55:     5048.510     5067.210     5098.510     5133.710     5148.510
    60:     5198.510     5248.510     5298.510     5935.210     6303.520
    65:     7407.200     7463.200     8017.200     8018.500     8018.510
    70:     8068.510     8087.710     8118.510     8168.510     8218.510
    75:     8268.510     9273.520     9329.200     9388.200     9435.200
    80:     9500.200     9560.200     9711.200     9848.200     9910.700
    85:    10031.200    10337.200    10421.700    10602.200    10645.200
    90:    10715.200    10955.200    11003.200    11127.200    11169.200
    95:    11386.200    11601.200    11842.200    11878.200    12108.200
   100:    12220.200    12221.500    12221.510    12260.210    12271.510
   105:    12306.710    12321.510    12336.710    12371.510    12421.510
   110:    12471.510    12891.210    13093.210    13406.210    13476.520
   115:    13722.200    13879.200    14031.200    14303.200    14340.200
   120:    14374.200    14476.200    14490.200    14558.200    14716.200
   125:    14717.500    14717.510    14767.510    14781.710    14807.710
   130:    14817.510    14867.510    14917.510    14967.510    15224.710
   135:    15236.710    15486.710    15517.710    15559.710    15653.210
   140:    15720.710    15972.520    16103.700    16158.700    16259.200
   145:    16260.500    16260.510    16306.710    16310.510    16322.710
   150:    16360.510    16410.510    16460.510    16510.510    16852.710
   155:    16923.710    17039.710    17108.710    17133.710    17277.710
   160:    17346.710    17490.210    17515.520    17559.700    17616.700
   165:    17716.200    17717.500    17717.510    17767.510    17797.710
   170:    17817.510    17867.510    17917.510    17967.510    18761.710
   175:    18763.710    18972.520    19034.700    19157.200    19257.700
   180:    19522.200    19523.500    19523.510    19573.510    19581.710
   185:    19595.710    19623.510    19673.510    19723.510    19773.510
   190:    20778.520    20883.200    20966.700    21150.200    21258.200
   195:    21359.700    21489.700    21508.700    21521.700    21586.700
   200:    21687.200    21688.500    21688.510    21738.510    21759.710
   205:    21788.510    21838.510    21888.510    21938.510    22707.210
   210:    22943.520    22997.200    23042.200    23075.200    23117.200
   215:    23139.200    23271.200    23303.200    23436.200    23624.200
   220:    24106.200    24107.500    24107.510    24157.510    24163.710
   225:    24190.710    24207.510    24257.510    24307.510    24357.510
   230:    24788.710    24835.710    24917.210    25023.710    25133.710
   235:    25181.710    25236.710    25296.710    25361.710    25362.520
   240:    25436.200    25564.700    25633.700    25858.700    25913.700
   245:    26134.200    26221.200    26292.200    26316.200    26454.200
   250:    26548.200    26600.200    26653.200    26687.200    26744.200
   255:    26968.200    27105.200    27117.200    27195.700    27412.200
   260:    27492.200    27493.500    27493.510    27543.510    27593.510
   265:    27643.510    27649.710    27693.510    27743.510    28205.210
   270:    28616.210    28683.210    28719.210    28748.520    28768.200
   275:    28921.200    29029.200    29071.200    29126.200    29396.200
   280:    29490.200    29560.200    29742.200    29929.200    30161.200
   285:    30330.200    30375.200    30525.200    30754.200    30801.200
   290:    31022.200    31068.200    31113.200    31209.200    31877.200
   295:    31878.500    31878.510    31928.510    31936.710    31978.510
   300:    32028.510    32078.510    32128.510    32512.210    32618.210
   305:    32778.210    33000.210    33133.520    33212.200    33442.200
   310:    33489.200    33532.200    33746.200    33803.200    34072.200
   315:    34230.200    34548.200    34776.200    34837.200    34863.200
   320:    34956.700    35035.200    35266.200    35354.200    35423.200
   325:    35449.200    35555.200    36066.200    36120.200    36149.200
   330:    36202.200    36370.200    36577.200    36687.200    36737.200
   335:    36959.200    37179.200    37405.200    37589.200    38046.200
   340:    38081.200    38112.200    38113.500    38113.510    38135.210
   345:    38163.510    38187.710    38213.510    38263.510    38313.510
   350:    38363.510    38852.210    39112.210    39203.710    39349.210
   355:    39368.520    39420.700    39513.200    39557.200    39691.200
   360:    39848.200    40098.200    40297.200    40298.500    40298.510
   365:    40348.510    40377.710    40398.510    40448.510    40498.510
   370:    40548.510    40874.710    40995.710    41099.210    41451.210
   375:    41553.520    41584.700    41636.700    41772.200    41852.200
   380:    41902.700    41992.700    42074.700    42386.700    42451.200
   385:    42452.500    42452.510    42502.510    42506.710    42552.510
   390:    42602.510    42652.510    42702.510    43184.210    43304.210
   395:    43365.710    43441.710    43707.520    43734.200    43813.200
   400:    43877.700    43987.200    44086.200    44261.200    44310.200
   405:    44462.200    44511.200    44907.200    45074.200    45075.500
   410:    45075.510    45125.510    45142.710    45175.510    45225.510
   415:    45275.510    45325.510    45664.710    45758.210    45920.210
   420:    46292.210    46330.520    46344.200    46432.200    46496.200
   425:    46556.200    46648.200    46717.200    46837.200    46866.200
   430:    46907.200    46940.200    46990.200    47114.200    47338.200
   435:    47375.200    47389.200    47406.200    47423.200    47475.200
   440:    47710.200    47733.200    47784.200    47926.200    48267.200
   445:    48297.200    48359.200    48592.200    48593.500    48593.510
   450:    48643.510    48649.710    48693.510    48743.510    48793.510
   455:    48843.510    49293.210    49688.210    49774.210    49848.520
   460:    50207.200    50208.500    50208.510    50258.510    50274.710
   465:    50308.510    50358.510    50408.510    50458.510    51463.520
   470:    53434.200    53435.500    53435.510    53485.510    53521.710
   475:    53526.710    53535.510    53585.510    53635.510    53685.510
   480:    54572.710    54690.520    55175.200    55176.500    55176.510
   485:    55226.510    55274.710    55276.510    55326.510    55376.510
   490:    55426.510    56320.710    56431.520    56431.700    56441.700
   495:    56485.700    56711.700    56880.700    57773.200    57879.700
   500:    58090.200    58091.500    58091.510    58141.510    58155.710
   505:    58191.510    58241.510    58291.510    58341.510    59346.520
   510:    59750.200    59870.700    59878.700    59911.700    60018.700
   515:    60128.200    60129.500    60129.510    60179.510    60196.710
   520:    60229.510    60279.510    60329.510    60379.510    60750.710
   525:    60770.710    60827.710    60845.710    60967.710    61058.710
   530:    61078.710    61085.710    61111.710    61201.710    61384.520
   535:    61823.200    62123.200    62124.500    62124.510    62174.510
   540:    62195.710    62224.510    62274.510    62324.510    62374.510
   545:    63379.520    63773.200    63774.500    63774.510    63824.510
   550:    63854.710    63874.510    63924.510    63974.510    64024.510
   555:    64563.710    64838.710    64858.710    64942.710    65029.520
   560:    65532.200    65703.700    65832.200    65943.700    66024.700
   565:    66144.200    66145.500    66145.510    66195.510    66202.710
   570:    66245.510    66295.510    66345.510    66395.510    66919.710
   575:    67400.520    67761.200    68078.200    68534.200    68995.200
   580:    68996.500    68996.510    69046.510    69062.710    69096.510
   585:    69146.510    69196.510    69246.510    70251.520    70596.700
   590:    70719.200    70975.200    71163.700    71310.700    71455.200
   595:    71670.700    71781.200    71961.200    71962.500    71962.510
   600:    72012.510    72015.710    72062.510    72112.510    72162.510
   605:    72212.510    73217.520    73833.200    73938.700    73946.700
   610:    74063.700    74859.200    75208.700    75221.700    75233.700
   615:    75283.700    75403.200    75404.500    75404.510    75454.510
   620:    75455.710    75504.510    75554.510    75604.510    75654.510
   625:    76220.710    76240.710    76258.710    76659.520    76786.200
   630:    76921.700    77199.200    77319.700    77368.700    77585.200
   635:    78570.200    78957.700    79066.200    79414.200    79483.700
   640:    79725.200    79726.500    79726.510    79775.710    79776.510
   645:    79826.510    79876.510    79926.510    79976.510    80221.710
   650:    80388.210    80850.210    80981.520    81139.200    81222.200
   655:    81373.200    81630.200    81768.200    81813.200    83036.200
   660:    83241.200    83309.200    83442.200    83899.200    83949.200
   665:    83966.200    84115.200    84306.200    84507.200    85036.200
   670:    85188.200    85317.700    85344.700    85450.200    85528.200
   675:    85634.200    85683.200    85764.200    85831.700    86018.200
   680:    86019.500    86019.510    86069.510    86079.710    86119.510
   685:    86169.510    86219.510    86269.510    86809.210    87056.710
   690:    87242.210    87274.520    87409.700    87538.700    87618.200
   695:    87619.500    87619.510    87669.510    87678.710    87719.510
   700:    87769.510    87819.510    87869.510    88579.710    88874.520
   705:    88981.700    89195.200    89290.700    89507.200    89591.700
   710:    89958.200    90126.200    90174.200    90224.200    90358.200
   715:    90444.200    90540.200    90541.500    90541.510    90589.710
   720:    90591.510    90641.510    90691.510    90741.510    90791.510
   725:    91796.520    93965.200    93966.500    93966.510    94016.510
   730:    94024.710    94066.510    94116.510    94166.510    94216.510
   735:    95221.520    95955.200    96062.700    96246.200    96848.200
   740:    97591.200    97747.700    97870.200    97946.700    98156.200
   745:    98157.500    98157.510    98203.710    98207.510    98257.510
   750:    98307.510    98357.510    98407.510    99412.520    99740.200
   755:   100027.200   100275.200   100455.200   100747.200   100748.500
   760:   100748.510   100798.510   100811.710   100848.510   100898.510
   765:   100948.510   100998.510   101601.710   101630.710   101848.710
   770:   102003.520   102670.999
E:
     0:        5.200       16.300       28.800       43.200       59.900
     5:       80.100      105.300      139.300      191.600      330.300
F:
     0:        0.000        0.000        0.000
