File: C:\MED-PC IV\DATA\!2020-03-22_08h46m.Subject EB11


Start Date: 03/22/20
End Date: 03/22/20
Subject: EB11
Experiment: MagThin
Group: 2
Box: 1
Start Time:  8:46:34
End Time:  9:12:40
MSN: MagThin
G:       0.000
H:       0.000
I:       0.000
J:       0.000
K:       0.000
L:       0.000
M:       0.000
N:       0.000
O:       0.000
P:       0.000
Q:       0.000
R:       0.000
S:       0.000
T:       0.000
U:       0.000
V:       0.000
W:       0.000
X:       0.000
Y:       0.000
Z:       0.000
A:
     0:        2.000        6.000        6.000       15.000        0.000
     5:    60000.000       11.000     1000.000        0.000        9.000
    10:        7.000       10.000       12.000        0.000        0.000
    15:        0.000
B:
     0:      396.000      761.000        1.000    60000.000   102670.000
     5:      277.000       26.000        0.000        0.000        0.000
    10:       99.000       34.000      204.000        0.000     3624.500
    15:     1000.000        0.000       34.000       85.000        0.000
    20:        0.000
C:
     0:       76.100      283.100      443.100      463.100      474.100
     5:      610.100      634.100      741.100      785.100      896.100
    10:     1118.100     1356.100     1459.100     1606.100     1857.100
    15:     1988.100     2017.100     2058.100     2095.100     2182.100
    20:     2351.100     2506.100     2804.100     2838.100     2856.100
    25:     2954.100     3007.100     3037.100     3063.100     3149.100
    30:     3185.100     3304.100     3401.100     3535.100     3551.100
    35:     3586.100     3706.100     3743.100     3784.100     3879.100
    40:     3885.100     3920.100     3950.100     4028.300     4212.300
    45:     4273.100     4323.100     4351.100     4391.100     4443.100
    50:     4505.100     4645.100     4879.100     4932.100     5056.100
    55:     5057.200     5205.100     5359.300     5390.300     5528.100
    60:     5612.300     5712.300     5753.300     5796.300     5954.100
    65:     5955.200     6046.100     6353.100     6354.200     6391.300
    70:     6512.100     6580.300     6672.300     6709.300     6765.100
    75:     6834.100     6922.300     6932.300     7003.300     7049.300
    80:     7185.300     7263.100     7305.100     7357.100     7515.100
    85:     7570.100     7571.200     7687.100     7688.200     7768.100
    90:     7834.300     8091.300     8162.100     8163.200     8298.300
    95:     8975.300     9402.300     9498.100     9499.200     9735.100
   100:     9820.300     9887.300    10002.100    10065.300    10219.100
   105:    10286.300    10397.300    10497.100    10567.300    10688.300
   110:    10711.300    10714.300    10816.100    10868.100    10998.100
   115:    11079.300    11090.300    11097.300    11222.300    11307.100
   120:    11308.200    11359.300    11419.300    11492.100    11646.300
   125:    11788.100    11966.100    12354.100    12592.100    12796.100
   130:    12810.100    12919.100    12945.100    13026.100    13197.100
   135:    13405.100    13456.100    13507.100    13591.100    13741.100
   140:    13928.100    13947.100    13982.100    13999.100    14019.100
   145:    14171.100    14336.100    14337.200    14530.100    14598.100
   150:    14714.300    14855.300    14954.100    15105.100    15322.100
   155:    15384.100    15438.100    15962.100    16025.100    16223.100
   160:    16317.300    16363.300    16399.300    16503.100    16504.200
   165:    16618.100    16700.300    16912.300    16990.100    17984.100
   170:    18307.100    18308.200    18423.100    18608.100    19064.100
   175:    19065.200    19105.300    19108.300    19113.300    19372.100
   180:    19469.300    19819.100    19893.300    19946.300    20300.100
   185:    20368.100    20398.100    20468.300    20638.100    20696.100
   190:    20748.100    20926.100    21176.100    21177.200    21247.300
   195:    21274.300    21347.100    21411.100    21450.100    21493.100
   200:    21536.100    21565.100    21794.100    21955.100    22221.100
   205:    22269.100    22402.100    22719.100    22772.100    23015.100
   210:    23074.100    23114.100    23166.100    23189.100    23356.100
   215:    23389.100    23552.100    23718.100    23762.100    23898.100
   220:    24053.100    24216.100    24217.200    24335.100    24554.100
   225:    24844.100    25024.100    25119.300    25268.100    25328.100
   230:    25376.100    25416.100    25441.100    25552.100    25758.100
   235:    25949.100    25993.100    26867.100    27000.100    27049.100
   240:    27163.100    27338.100    27767.300    27907.100    27947.100
   245:    28063.100    28224.100    28655.100    28707.100    28791.100
   250:    28935.100    28973.100    29009.100    29300.100    29301.200
   255:    29386.100    29387.200    29752.100    30046.300    30196.100
   260:    30197.200    30339.300    30557.100    30701.300    30813.100
   265:    30860.100    31007.100    31048.100    31192.100    31265.300
   270:    31438.100    31439.200    31563.100    31650.300    31805.100
   275:    31898.300    32077.100    32303.100    32382.100    32383.200
   280:    33393.100    33394.200    33539.100    33678.300    33731.300
   285:    33874.100    34176.100    34308.100    34421.100    34496.300
   290:    34652.100    34826.100    34881.100    34990.100    35050.100
   295:    35247.100    35315.100    35361.300    35535.100    35584.100
   300:    35691.100    35882.100    35925.100    36501.100    36543.100
   305:    36597.100    36615.100    36694.100    36863.100    37052.100
   310:    37113.100    37242.100    37599.100    37928.100    38046.100
   315:    38232.100    38417.100    38418.200    38629.100    38831.300
   320:    38957.100    39009.100    39110.100    39193.100    39404.100
   325:    39705.100    39825.100    40356.100    40357.200    40415.300
   330:    40529.100    40591.100    40615.100    40616.200    41420.100
   335:    41516.300    41676.100    41770.300    41913.100    41993.300
   340:    42189.100    42369.300    42395.300    42477.300    42487.300
   345:    42639.100    42728.100    42873.100    42925.100    43097.100
   350:    43140.100    43257.100    43300.100    44273.100    44274.200
   355:    44451.100    44590.100    45082.100    45146.100    45443.100
   360:    45529.300    45642.100    45883.100    46068.100    46196.100
   365:    46414.100    46415.200    46776.100    46777.200    49928.100
   370:    49929.200    51572.100    51573.200    51615.300    52607.100
   375:    52608.200    53414.100    53500.300    53604.300    53660.300
   380:    53744.100    53995.100    53996.200    54661.300    54917.100
   385:    54918.200    55006.300    55193.300    55889.100    55890.200
   390:    56983.100    56984.200    58668.100    58669.200    59023.300
   395:    59032.300
D:
     0:        0.111       76.200      283.200      443.200      463.200
     5:      474.200      610.200      634.200      741.200      785.200
    10:      896.200     1118.200     1356.200     1459.200     1606.200
    15:     1857.200     1988.200     2017.200     2058.200     2095.200
    20:     2182.200     2351.200     2506.200     2804.200     2838.200
    25:     2856.200     2954.200     3007.200     3037.200     3063.200
    30:     3149.200     3185.200     3304.200     3401.200     3535.200
    35:     3551.200     3586.200     3706.200     3743.200     3784.200
    40:     3879.200     3885.200     3920.200     3950.200     4028.700
    45:     4212.700     4273.200     4323.200     4351.200     4391.200
    50:     4443.200     4505.200     4645.200     4879.200     4932.200
    55:     5056.200     5057.500     5057.510     5107.510     5113.710
    60:     5157.510     5207.510     5257.510     5307.510     5484.710
    65:     5588.710     5767.210     5872.710     6020.710     6036.710
    70:     6312.520     6460.200     6614.700     6645.700     6783.200
    75:     6867.700     6967.700     7008.700     7051.700     7209.200
    80:     7210.500     7210.510     7260.510     7282.710     7310.510
    85:     7360.510     7410.510     7460.510     8465.520     8556.200
    90:     8863.200     8864.500     8864.510     8914.510     8917.710
    95:     8964.510     9014.510     9064.510     9114.510     9343.710
   100:     9352.710     9477.710     9511.710     9702.710     9761.710
   105:     9856.710    10119.520    10156.700    10277.200    10345.700
   110:    10437.700    10474.700    10530.200    10599.200    10687.700
   115:    10697.700    10768.700    10814.700    10950.700    11028.200
   120:    11070.200    11122.200    11280.200    11335.200    11336.500
   125:    11336.510    11345.210    11386.510    11396.710    11436.510
   130:    11486.510    11536.510    11586.510    11847.710    11902.710
   135:    11914.710    12110.710    12240.210    12302.710    12410.710
   140:    12561.710    12591.520    12707.200    12708.500    12708.510
   145:    12758.510    12769.710    12808.510    12858.510    12908.510
   150:    12958.510    13165.710    13299.210    13369.710    13376.710
   155:    13685.710    13963.520    14043.200    14109.700    14366.700
   160:    14437.200    14438.500    14438.510    14487.710    14488.510
   165:    14538.510    14588.510    14638.510    14688.510    15516.710
   170:    15548.710    15558.710    15566.710    15573.710    15595.710
   175:    15688.710    15693.520    15828.700    16505.700    16932.700
   180:    17028.200    17029.500    17029.510    17079.510    17099.710
   185:    17129.510    17179.510    17229.510    17279.510    17811.710
   190:    18284.520    18520.200    18605.700    18672.700    18787.200
   195:    18850.700    19004.200    19071.700    19182.700    19282.200
   200:    19352.700    19473.700    19496.700    19499.700    19601.200
   205:    19653.200    19783.200    19864.700    19875.700    19882.700
   210:    20007.700    20092.200    20093.500    20093.510    20123.710
   215:    20143.510    20193.510    20243.510    20293.510    20343.510
   220:    20768.710    20912.710    21114.710    21234.210    21301.710
   225:    21348.520    21399.700    21459.700    21532.200    21686.700
   230:    21828.200    22006.200    22394.200    22632.200    22836.200
   235:    22850.200    22959.200    22985.200    23066.200    23237.200
   240:    23445.200    23496.200    23547.200    23631.200    23781.200
   245:    23968.200    23987.200    24022.200    24039.200    24059.200
   250:    24211.200    24376.200    24377.500    24377.510    24427.510
   255:    24433.710    24477.510    24527.510    24577.510    24627.510
   260:    25090.210    25300.210    25628.210    25632.520    25825.200
   265:    25893.200    26009.700    26150.700    26249.200    26400.200
   270:    26617.200    26679.200    26733.200    27257.200    27320.200
   275:    27518.200    27612.700    27658.700    27694.700    27798.200
   280:    27799.500    27799.510    27848.710    27849.510    27899.510
   285:    27949.510    27999.510    28049.510    28795.210    28880.710
   290:    28962.710    28992.710    29054.520    29168.200    29250.700
   295:    29462.700    29540.200    30534.200    30857.200    30858.500
   300:    30858.510    30908.510    30914.710    30958.510    31008.510
   305:    31058.510    31108.510    31813.210    32042.210    32113.520
   310:    32228.200    32413.200    32869.200    32870.500    32870.510
   315:    32920.510    32935.710    32970.510    33020.510    33070.510
   320:    33120.510    34125.520    34165.700    34168.700    34173.700
   325:    34432.200    34529.700    34879.200    34953.700    35006.700
   330:    35360.200    35428.200    35458.200    35528.700    35698.200
   335:    35756.200    35808.200    35986.200    36236.200    36237.500
   340:    36237.510    36287.510    36289.710    36337.510    36387.510
   345:    36437.510    36487.510    36854.710    36867.710    36917.710
   350:    37265.210    37357.710    37492.520    37562.700    37589.700
   355:    37662.200    37726.200    37765.200    37808.200    37851.200
   360:    37880.200    38109.200    38270.200    38536.200    38584.200
   365:    38717.200    39034.200    39087.200    39330.200    39389.200
   370:    39429.200    39481.200    39504.200    39671.200    39704.200
   375:    39867.200    40033.200    40077.200    40213.200    40368.200
   380:    40531.200    40532.500    40532.510    40582.510    40594.710
   385:    40632.510    40682.510    40732.510    40782.510    41167.710
   390:    41346.710    41510.710    41584.210    41722.210    41787.520
   395:    41905.200    42124.200    42414.200    42594.200    42689.700
   400:    42838.200    42898.200    42946.200    42986.200    43011.200
   405:    43122.200    43328.200    43519.200    43563.200    44437.200
   410:    44570.200    44619.200    44733.200    44908.200    45337.700
   415:    45477.200    45517.200    45633.200    45794.200    46225.200
   420:    46277.200    46361.200    46505.200    46543.200    46579.200
   425:    46870.200    46871.500    46871.510    46921.510    46928.710
   430:    46971.510    47021.510    47071.510    47121.510    47560.210
   435:    47617.210    47943.210    48102.210    48126.520    48211.200
   440:    48212.500    48212.510    48262.510    48275.710    48312.510
   445:    48362.510    48412.510    48462.510    49467.520    49832.200
   450:    50126.700    50276.200    50277.500    50277.510    50327.510
   455:    50342.710    50377.510    50427.510    50477.510    50527.510
   460:    51497.210    51532.520    51674.700    51892.200    52036.700
   465:    52148.200    52195.200    52342.200    52383.200    52527.200
   470:    52600.700    52773.200    52774.500    52774.510    52824.510
   475:    52837.710    52874.510    52924.510    52974.510    53024.510
   480:    53525.710    53625.710    54029.520    54153.200    54240.700
   485:    54395.200    54488.700    54667.200    54893.200    54972.200
   490:    54973.500    54973.510    55023.510    55030.710    55073.510
   495:    55123.510    55173.510    55223.510    55787.710    55970.710
   500:    55983.710    56228.520    57238.200    57239.500    57239.510
   505:    57289.510    57299.710    57339.510    57389.510    57439.510
   510:    57489.510    58307.210    58494.520    58639.200    58778.700
   515:    58831.700    58974.200    59276.200    59408.200    59521.200
   520:    59596.700    59752.200    59926.200    59981.200    60090.200
   525:    60150.200    60347.200    60415.200    60461.700    60635.200
   530:    60684.200    60791.200    60982.200    61025.200    61601.200
   535:    61643.200    61697.200    61715.200    61794.200    61963.200
   540:    62152.200    62213.200    62342.200    62699.200    63028.200
   545:    63146.200    63332.200    63517.200    63518.500    63518.510
   550:    63568.510    63578.710    63618.510    63668.510    63718.510
   555:    63768.510    64639.210    64773.520    64984.200    65186.700
   560:    65312.200    65364.200    65465.200    65548.200    65759.200
   565:    66060.200    66180.200    66711.200    66712.500    66712.510
   570:    66762.510    66783.710    66812.510    66862.510    66912.510
   575:    66962.510    67755.210    67866.710    67903.710    67967.520
   580:    68025.700    68139.200    68201.200    68225.200    68226.500
   585:    68226.510    68271.710    68276.510    68326.510    68376.510
   590:    68426.510    68476.510    69026.710    69481.520    70285.200
   595:    70381.700    70541.200    70635.700    70778.200    70858.700
   600:    71054.200    71234.700    71260.700    71342.700    71352.700
   605:    71504.200    71593.200    71738.200    71790.200    71962.200
   610:    72005.200    72122.200    72165.200    73138.200    73139.500
   615:    73139.510    73189.510    73216.710    73239.510    73255.710
   620:    73289.510    73339.510    73389.510    74069.210    74140.210
   625:    74248.210    74306.210    74394.520    74571.200    74710.200
   630:    75202.200    75266.200    75563.200    75649.700    75762.200
   635:    76003.200    76188.200    76316.200    76534.200    76535.500
   640:    76535.510    76585.510    76597.710    76635.510    76685.510
   645:    76735.510    76785.510    77503.710    77519.710    77624.710
   650:    77790.520    78151.200    78152.500    78152.510    78202.510
   655:    78252.510    78302.510    78352.510    78357.710    78402.510
   660:    79407.520    82558.200    82559.500    82559.510    82609.510
   665:    82618.710    82659.510    82709.510    82759.510    82809.510
   670:    83814.520    85457.200    85458.500    85458.510    85508.510
   675:    85514.710    85558.510    85608.510    85658.510    85708.510
   680:    86228.710    86244.710    86511.710    86713.520    86755.700
   685:    87747.200    87748.500    87748.510    87798.510    87823.710
   690:    87848.510    87898.510    87948.510    87998.510    88414.710
   695:    88625.710    88932.710    89003.520    89809.200    89895.700
   700:    89999.700    90055.700    90139.200    90390.200    90391.500
   705:    90391.510    90441.510    90456.710    90491.510    90541.510
   710:    90591.510    90641.510    91073.710    91646.520    92311.700
   715:    92567.200    92568.500    92568.510    92618.510    92646.710
   720:    92668.510    92718.510    92768.510    92818.510    93823.520
   725:    93911.700    94098.700    94794.200    94795.500    94795.510
   730:    94845.510    94859.710    94895.510    94945.510    94995.510
   735:    95045.510    95958.710    96050.520    97143.200    97144.500
   740:    97144.510    97194.510    97207.710    97244.510    97294.510
   745:    97344.510    97394.510    98399.520   100083.200   100084.500
   750:   100084.510   100134.510   100148.710   100184.510   100234.510
   755:   100284.510   100334.510   101339.520   101693.700   101702.700
   760:   102670.999
E:
     0:        5.200       16.300       28.800       43.200       59.900
     5:       80.100      105.300      139.300      191.600      330.300
F:
     0:        0.000        0.000        0.000
