File: C:\MED-PC IV\DATA\!2020-03-24_07h58m.Subject EB11


Start Date: 03/24/20
End Date: 03/24/20
Subject: EB11
Experiment: MagThin
Group: 2
Box: 1
Start Time:  7:58:07
End Time:  8:22:28
MSN: MagThin
G:       0.000
H:       0.000
I:       0.000
J:       0.000
K:       0.000
L:       0.000
M:       0.000
N:       0.000
O:       0.000
P:       0.000
Q:       0.000
R:       0.000
S:       0.000
T:       0.000
U:       0.000
V:       0.000
W:       0.000
X:       0.000
Y:       0.000
Z:       0.000
A:
     0:        2.000        6.000        6.000       15.000        0.000
     5:    60000.000       11.000     1000.000        0.000        9.000
    10:        7.000       10.000       12.000        0.000        0.000
    15:        0.000
B:
     0:      389.000      709.000        1.000    60000.000    98905.000
     5:      303.000       29.000        0.000        0.000        0.000
    10:       72.000       31.000      186.000        0.000     1055.500
    15:     1000.000        0.000       31.000       55.000        0.000
    20:        0.000
C:
     0:      116.100      374.300      910.100      944.100      956.100
     5:     1176.100     1253.100     1488.300     1503.300     1590.100
    10:     1632.100     1783.100     1858.100     1959.100     2000.100
    15:     2063.100     2131.100     2173.100     2197.100     2208.100
    20:     2302.100     2494.100     2992.100     2993.200     3046.100
    25:     3099.100     3253.100     3306.100     3329.100     3362.100
    30:     3405.100     3444.100     3568.100     3631.100     3680.100
    35:     4373.100     4522.100     4611.100     4695.100     5154.100
    40:     5166.100     5224.100     5240.100     5320.100     5392.100
    45:     5496.100     5589.300     5676.100     5715.100     5795.100
    50:     5952.100     6435.100     6518.100     6559.100     6647.100
    55:     6691.100     6810.100     6852.100     6884.100     6906.100
    60:     6926.100     6947.100     7669.100     7701.100     7732.100
    65:     7787.100     7940.100     7996.100     7997.200     8103.100
    70:     8285.100     8344.100     8390.100     8500.100     8843.100
    75:     8915.100     8916.200     8941.100     9056.100     9203.100
    80:     9303.100     9348.100     9381.100     9479.100     9512.100
    85:     9566.100     9580.100     9595.100     9663.100     9727.100
    90:     9746.100     9789.100     9837.100     9899.100    10469.100
    95:    10529.100    10530.200    10542.100    11452.100    11453.200
   100:    11525.100    11689.100    11690.200    11744.100    11868.100
   105:    12043.100    12365.100    12366.200    13159.100    13160.200
   110:    13277.100    13432.100    13562.100    13699.100    14114.100
   115:    14198.100    14222.100    14393.100    14394.200    14462.100
   120:    14540.100    14593.100    14650.100    14683.100    14720.100
   125:    14764.100    14826.100    14945.300    14981.300    15038.100
   130:    15203.100    15258.100    15646.100    15691.100    15709.100
   135:    15811.100    15835.100    15966.100    16036.100    16101.100
   140:    16204.100    16233.100    16534.100    16535.200    16661.100
   145:    16796.100    17430.100    17530.100    17639.100    17706.100
   150:    17799.100    17800.200    17915.100    18106.100    18321.100
   155:    18670.100    18785.100    18803.100    18895.100    18948.100
   160:    19065.100    19901.100    19902.200    20133.100    20218.100
   165:    20270.100    20713.100    20780.100    20812.100    20855.100
   170:    21007.100    21087.100    21151.100    21179.100    21293.100
   175:    21438.100    21940.100    21987.100    22018.100    22118.100
   180:    22209.100    22276.100    22381.100    22844.100    22845.200
   185:    23031.100    23114.300    23193.300    23429.100    23595.300
   190:    23646.300    23849.100    24005.300    24053.300    24068.300
   195:    24213.100    24261.300    24303.300    24349.300    24476.300
   200:    24484.300    24535.300    24605.300    24657.300    24716.100
   205:    24773.300    25001.300    25172.300    25202.300    25215.300
   210:    25382.100    25445.300    25582.300    25675.300    25694.300
   215:    25756.300    25820.300    25893.300    25959.100    26156.300
   220:    26197.300    26284.300    26285.300    26286.300    26315.300
   225:    26363.100    26450.100    26567.100    26620.300    26669.300
   230:    26674.300    26685.300    26755.300    26764.300    26794.300
   235:    26857.100    26882.100    27019.100    27347.100    27577.300
   240:    27616.300    28052.300    28122.100    28123.200    28213.100
   245:    29563.100    29564.200    29984.100    30128.300    30487.100
   250:    30875.100    31148.100    31214.100    31240.100    31326.100
   255:    31387.100    31581.100    31899.100    31900.200    32040.100
   260:    32302.100    32796.100    32797.200    32977.300    33338.100
   265:    33472.300    33767.100    33768.200    35145.100    35146.200
   270:    35757.300    35870.100    35871.200    36793.100    36794.200
   275:    36919.300    37327.100    37560.300    37720.100    38161.100
   280:    38337.100    38387.100    38755.100    38895.100    39087.100
   285:    39268.100    39635.100    39747.100    39748.200    40059.100
   290:    40116.100    40166.100    40230.100    40550.100    40667.100
   295:    40730.100    40796.100    40957.100    40958.200    41478.100
   300:    41706.100    41821.100    41899.100    42118.100    42192.100
   305:    42323.100    42440.100    42638.100    42930.100    42951.100
   310:    43107.100    43128.100    43194.100    43233.100    43287.100
   315:    43448.100    43467.100    43513.100    44708.100    44759.100
   320:    44894.100    45509.100    45623.100    45782.100    46198.100
   325:    46199.200    46749.100    46958.100    47080.100    47136.100
   330:    47137.200    47396.100    47482.100    47622.100    47623.200
   335:    47992.100    48314.100    48505.100    48843.100    49555.100
   340:    49556.200    49767.100    50239.100    50305.100    50574.100
   345:    50677.100    50748.100    50964.100    51142.100    51271.100
   350:    51581.100    51652.100    51653.200    51740.100    51761.100
   355:    51803.100    52009.100    52010.200    53087.100    53088.200
   360:    53887.100    54064.100    54471.100    54908.100    54975.100
   365:    55222.100    55705.100    55762.100    55827.100    55890.100
   370:    55946.100    56099.100    56100.200    56345.100    56826.100
   375:    57062.100    57236.100    57480.100    57608.100    57756.100
   380:    57887.100    58275.100    58380.100    58461.100    58597.100
   385:    58828.100    59012.100    59119.100    59264.100
D:
     0:        0.111      116.200      374.700      910.200      944.200
     5:      956.200     1176.200     1253.200     1488.700     1503.700
    10:     1590.200     1632.200     1783.200     1858.200     1959.200
    15:     2000.200     2063.200     2131.200     2173.200     2197.200
    20:     2208.200     2302.200     2494.200     2992.200     2993.500
    25:     2993.510     3043.510     3062.710     3093.510     3143.510
    30:     3193.510     3243.510     3621.710     3648.710     3671.710
    35:     3826.210     3887.210     4053.210     4120.210     4248.520
    40:     4301.200     4354.200     4508.200     4561.200     4584.200
    45:     4617.200     4660.200     4699.200     4823.200     4886.200
    50:     4935.200     5628.200     5777.200     5866.200     5950.200
    55:     6409.200     6421.200     6479.200     6495.200     6575.200
    60:     6647.200     6751.200     6844.700     6931.200     6970.200
    65:     7050.200     7207.200     7690.200     7773.200     7814.200
    70:     7902.200     7946.200     8065.200     8107.200     8139.200
    75:     8161.200     8181.200     8202.200     8924.200     8956.200
    80:     8987.200     9042.200     9195.200     9251.200     9252.500
    85:     9252.510     9302.510     9305.710     9352.510     9402.510
    90:     9452.510     9502.510     9709.710     9843.710     9878.710
    95:     9892.710     9999.210    10271.710    10317.710    10366.710
   100:    10467.210    10507.520    10613.200    10795.200    10854.200
   105:    10900.200    11010.200    11353.200    11425.200    11426.500
   110:    11426.510    11476.510    11499.710    11526.510    11576.510
   115:    11626.510    11676.510    12642.210    12681.520    12706.200
   120:    12821.200    12968.200    13068.200    13113.200    13146.200
   125:    13244.200    13277.200    13331.200    13345.200    13360.200
   130:    13428.200    13492.200    13511.200    13554.200    13602.200
   135:    13664.200    14234.200    14294.200    14295.500    14295.510
   140:    14345.510    14357.710    14395.510    14445.510    14495.510
   145:    14545.510    15285.210    15418.210    15523.210    15550.520
   150:    15562.200    16472.200    16473.500    16473.510    16523.510
   155:    16554.710    16573.510    16623.510    16673.510    16723.510
   160:    17485.210    17648.710    17689.710    17714.710    17728.520
   165:    17800.200    17964.200    17965.500    17965.510    18015.510
   170:    18041.710    18065.510    18115.510    18165.510    18215.510
   175:    19025.210    19220.520    19274.200    19398.200    19573.200
   180:    19895.200    19896.500    19896.510    19946.510    19958.710
   185:    19996.510    20046.510    20096.510    20146.510    21151.520
   190:    21944.200    21945.500    21945.510    21995.510    22022.710
   195:    22045.510    22095.510    22145.510    22195.510    22859.210
   200:    23046.710    23146.210    23200.520    23317.200    23472.200
   205:    23602.200    23739.200    24154.200    24238.200    24262.200
   210:    24433.200    24434.500    24434.510    24484.510    24486.710
   215:    24534.510    24584.510    24634.510    24684.510    25384.210
   220:    25451.210    25470.210    25574.710    25613.710    25674.710
   225:    25689.520    25757.200    25835.200    25888.200    25945.200
   230:    25978.200    26015.200    26059.200    26121.200    26240.700
   235:    26276.700    26333.200    26498.200    26553.200    26941.200
   240:    26986.200    27004.200    27106.200    27130.200    27261.200
   245:    27331.200    27396.200    27499.200    27528.200    27829.200
   250:    27830.500    27830.510    27880.510    27908.710    27930.510
   255:    27980.510    28030.510    28080.510    28426.210    29085.520
   260:    29211.200    29346.200    29980.200    30080.200    30189.200
   265:    30256.200    30349.200    30350.500    30350.510    30400.510
   270:    30418.710    30450.510    30500.510    30550.510    30600.510
   275:    31473.210    31584.710    31605.520    31720.200    31911.200
   280:    32126.200    32475.200    32590.200    32608.200    32700.200
   285:    32753.200    32870.200    33706.200    33707.500    33707.510
   290:    33757.510    33767.710    33807.510    33857.510    33907.510
   295:    33957.510    34277.710    34424.710    34519.210    34622.710
   300:    34911.210    34962.520    35193.200    35278.200    35330.200
   305:    35773.200    35840.200    35872.200    35915.200    36067.200
   310:    36147.200    36211.200    36239.200    36353.200    36498.200
   315:    37000.200    37047.200    37078.200    37178.200    37269.200
   320:    37336.200    37441.200    37904.200    37905.500    37905.510
   325:    37955.510    37964.710    38005.510    38055.510    38105.510
   330:    38155.510    38840.710    39090.710    39160.520    39346.200
   335:    39429.700    39508.700    39744.200    39910.700    39961.700
   340:    40164.200    40320.700    40368.700    40383.700    40528.200
   345:    40576.700    40618.700    40664.700    40791.700    40799.700
   350:    40850.700    40920.700    40972.700    41031.200    41088.700
   355:    41316.700    41487.700    41517.700    41530.700    41697.200
   360:    41760.700    41897.700    41990.700    42009.700    42071.700
   365:    42135.700    42208.700    42274.200    42471.700    42512.700
   370:    42599.700    42600.700    42601.700    42630.700    42678.200
   375:    42765.200    42882.200    42935.700    42984.700    42989.700
   380:    43000.700    43070.700    43079.700    43109.700    43172.200
   385:    43197.200    43334.200    43662.200    43892.700    43931.700
   390:    44367.700    44437.200    44438.500    44438.510    44487.710
   395:    44488.510    44538.510    44588.510    44638.510    44688.510
   400:    45272.710    45290.710    45310.710    45395.710    45419.710
   405:    45439.710    45552.710    45693.520    45783.200    47133.200
   410:    47134.500    47134.510    47184.510    47196.710    47234.510
   415:    47284.510    47334.510    47384.510    48389.520    48809.200
   420:    48953.700    49312.200    49700.200    49973.200    50039.200
   425:    50065.200    50151.200    50212.200    50406.200    50724.200
   430:    50725.500    50725.510    50775.510    50790.710    50825.510
   435:    50875.510    50925.510    50975.510    51980.520    52120.200
   440:    52382.200    52876.200    52877.500    52877.510    52927.510
   445:    52963.710    52977.510    53027.510    53077.510    53127.510
   450:    53958.710    54132.520    54312.700    54673.200    54807.700
   455:    55102.200    55103.500    55103.510    55153.510    55168.710
   460:    55203.510    55253.510    55303.510    55353.510    56358.520
   465:    57735.200    57736.500    57736.510    57786.510    57808.710
   470:    57823.710    57836.510    57886.510    57936.510    57986.510
   475:    58718.710    58991.520    59602.700    59715.200    59716.500
   480:    59716.510    59766.510    59788.710    59816.510    59866.510
   485:    59916.510    59966.510    60472.710    60525.710    60529.710
   490:    60536.710    60837.710    60971.520    61893.200    61894.500
   495:    61894.510    61944.510    61986.710    61994.510    62044.510
   500:    62094.510    62144.510    63145.210    63149.520    63274.700
   505:    63682.200    63915.700    64075.200    64516.200    64692.200
   510:    64742.200    65110.200    65250.200    65442.200    65623.200
   515:    65990.200    66102.200    66103.500    66103.510    66153.510
   520:    66166.710    66197.710    66203.510    66253.510    66303.510
   525:    66353.510    67358.520    67669.200    67726.200    67776.200
   530:    67840.200    68160.200    68277.200    68340.200    68406.200
   535:    68567.200    68568.500    68568.510    68618.510    68649.710
   540:    68668.510    68718.510    68768.510    68818.510    69823.520
   545:    70343.200    70571.200    70686.200    70764.200    70983.200
   550:    71057.200    71188.200    71305.200    71503.200    71795.200
   555:    71816.200    71972.200    71993.200    72059.200    72098.200
   560:    72152.200    72313.200    72332.200    72378.200    73573.200
   565:    73624.200    73759.200    74374.200    74488.200    74647.200
   570:    75063.200    75064.500    75064.510    75082.210    75114.510
   575:    75144.710    75164.510    75214.510    75264.510    75314.510
   580:    76319.520    76869.200    77078.200    77200.200    77256.200
   585:    77257.500    77257.510    77307.510    77337.710    77357.510
   590:    77362.710    77407.510    77457.510    77507.510    78512.520
   595:    78771.200    78857.200    78997.200    78998.500    78998.510
   600:    79048.510    79059.710    79098.510    79148.510    79198.510
   605:    79248.510    80253.520    80622.200    80944.200    81135.200
   610:    81473.200    82185.200    82186.500    82186.510    82236.510
   615:    82251.710    82286.510    82336.510    82386.510    82436.510
   620:    83415.210    83441.520    83652.200    84124.200    84190.200
   625:    84459.200    84562.200    84633.200    84849.200    85027.200
   630:    85156.200    85466.200    85537.200    85538.500    85538.510
   635:    85588.510    85610.710    85638.510    85645.710    85688.510
   640:    85738.510    85788.510    86584.210    86707.210    86746.210
   645:    86793.520    86880.200    86901.200    86943.200    87149.200
   650:    87150.500    87150.510    87200.510    87222.710    87250.510
   655:    87300.510    87350.510    87400.510    88405.520    89482.200
   660:    89483.500    89483.510    89533.510    89542.710    89583.510
   665:    89633.510    89683.510    89733.510    90738.520    91537.200
   670:    91714.200    92121.200    92558.200    92625.200    92872.200
   675:    93355.200    93412.200    93477.200    93540.200    93596.200
   680:    93749.200    93750.500    93750.510    93800.510    93820.710
   685:    93850.510    93900.510    93950.510    94000.510    94703.210
   690:    94875.210    95005.520    95250.200    95731.200    95967.200
   695:    96141.200    96385.200    96513.200    96661.200    96792.200
   700:    97180.200    97285.200    97366.200    97502.200    97733.200
   705:    97917.200    98024.200    98169.200    98905.999
E:
     0:        5.200       16.300       28.800       43.200       59.900
     5:       80.100      105.300      139.300      191.600      330.300
F:
     0:        0.000        0.000        0.000
