File: C:\MED-PC IV\DATA\!2023-03-05_18h44m.Subject DF23


Start Date: 03/05/23
End Date: 03/06/23
Subject: DF23
Experiment: delayed_acquisition
Group: 1
Box: 3
Start Time: 18:44:32
End Time:  6:57:37
MSN: Delayed_AcquisitionYoked2_w_magmacro
G:       0.000
H:       0.000
I:       0.000
J:       0.000
K:       0.000
N:       0.000
O:       0.000
P:       0.000
Q:       0.000
R:       0.000
S:       0.000
T:       0.000
U:       0.000
V:       0.000
W:       0.000
X:       2.000
Y:       0.000
Z:       0.000
A:
     0:        2.000       60.000  4320000.000        1.000        0.000
     5:        1.000    96000.000        1.000       10.000        0.000
    10:        0.000        0.000        0.000        0.000        0.000
    15:        0.000        0.000        0.000        0.000        0.000
    20:        0.000        0.000        0.000        0.000        0.000
    25:        0.000        0.000        0.000        0.000        0.000
    30:        0.000        0.000        0.000        0.000        0.000
    35:        0.000        0.000        0.000        0.000        0.000
    40:        0.000        0.000        0.000        0.000        0.000
    45:        0.000        0.000        0.000        0.000        0.000
    50:        0.000        0.000        0.000        0.000        0.000
    55:        0.000        0.000        0.000        0.000        0.000
    60:        0.000        0.000        0.000        0.000        0.000
    65:        0.000        0.000        0.000        0.000        0.000
    70:        0.000        0.000        0.000        0.000        0.000
    75:        0.000        0.000        0.000        0.000        0.000
    80:        0.000        0.000        0.000        0.000        0.000
    85:        0.000        0.000        0.000        0.000        0.000
    90:        0.000        0.000        0.000        0.000        0.000
    95:        0.000        0.000        0.000        0.000        0.000
   100:        0.000
B:
     0:  4320000.000  4322130.000        1.000       27.000        0.000
     5:        0.000        0.000        5.000      932.000     1034.000
    10:        0.000      855.000        6.000        0.000       89.000
    15:        0.000        5.000        0.000        0.000        0.000
    20:        0.000        0.000        0.000        0.000        0.000
    25:        0.000        0.000        0.000        0.000        0.000
    30:        1.500        0.000        0.000       50.000        0.000
    35:        0.000        0.000        0.000        0.000        0.000
    40:        0.000        0.000        0.000        0.000        0.000
    45:        0.000        0.000        0.000        0.000        0.000
    50:        0.000        0.000        0.000        0.000        0.000
    55:        0.000        0.000        0.000        0.000        0.000
    60:        0.000        0.000        0.000        0.000        0.000
    65:        0.000        0.000        0.000        0.000        0.000
    70:        0.000        0.000        0.000        0.000        0.000
    75:        0.000        0.000        0.000        0.000        0.000
    80:        0.000        0.000        0.000        0.000        0.000
    85:        0.000        0.000        0.000        0.000        0.000
    90:        0.000        0.000        0.000        0.000        0.000
    95:        0.000        0.000        0.000        0.000        0.000
   100:        0.000
C:
     0:      859.300     1067.100     5258.300     5270.300     5296.300
     5:     5317.300     6126.300     6237.300     6954.300     7257.300
    10:     7503.300   106830.200   106830.200   106830.200   106830.200
    15:   106830.200   106830.200   106830.200   106830.200   106830.200
    20:   106830.200   107097.300   107103.300   107130.300   107166.300
    25:   107293.300   107594.300   107777.300   107789.300   108842.300
    30:   110835.300   110870.300   110930.300   111051.300   111063.300
    35:   111077.300   111086.300   111099.300   111114.300   111133.300
    40:   111145.300   111166.300   111238.300   111265.300   132425.300
    45:   137826.300   137857.300   139173.300   139549.300   140068.300
    50:   140138.300   140211.300   140379.300   140394.300   140527.300
    55:   140602.300   140618.300   140645.300   140649.300   140656.300
    60:   140664.300   140676.300   151132.300   193044.300   193087.300
    65:   193278.300   197112.300   201180.300   308173.200   308173.200
    70:   308173.200   308173.200   308173.200   308173.200   308173.200
    75:   308173.200   308173.200   308173.200   312648.300   312789.300
    80:   312804.300   312903.300   312971.300   313530.300   314056.300
    85:   314075.300   314143.300   314189.300   314198.300   314600.300
    90:   314691.300   314757.300   314816.300   314835.300   314852.300
    95:   314864.300   314868.300   314927.300   315003.300   315059.300
   100:   315069.300   315087.300   315274.300   315292.300   315324.300
   105:   315335.300   320068.300   320141.300   320334.300   337957.300
   110:   338150.300   345101.300   345971.300   353749.300   376704.300
   115:   381192.300   381338.300   381742.300   393293.300   393430.300
   120:   393817.300   397428.300   428861.300   429026.300   429071.300
   125:   429373.300   449733.300   459143.300   459201.300   459364.300
   130:   479393.300   492034.300   502181.300   510025.300   531733.300
   135:   533028.300   533133.300   533639.300   572309.300   590188.300
   140:   590205.300   594143.300   594381.300   595428.300   595735.300
   145:   604531.300   604602.300   604652.300   604980.300   617257.300
   150:   657860.300   658125.300   660130.300   660325.300   663763.300
   155:   663820.300   663837.300   663946.300   664062.300   672023.300
   160:   684831.300   684872.300   686091.300   686241.300   686391.300
   165:   686430.300   686457.300   697981.300   699457.300   699557.300
   170:   699737.300   705018.300   705111.300   716158.300   716167.300
   175:   716345.300   724026.300   724096.300   727115.300   727527.300
   180:   736860.300   740533.300   766122.300   767454.300   767524.300
   185:   768092.300   771724.300   771758.300   771773.300   786666.300
   190:   798396.300   798513.300   803826.300   811431.300   815946.300
   195:   816309.300   816832.300   816855.300   817239.300   817265.300
   200:   817356.300   817607.300   817895.300   823696.300   841575.300
   205:   842147.300   863897.300   864355.300   864860.300   864896.300
   210:   865392.300   865536.300   865620.300   865686.300   877166.300
   215:   879174.300   879265.300   879274.300   879445.300   887963.300
   220:   894245.300   899787.300   903942.300   908329.300   908632.300
   225:   908936.300   909468.300   912653.300   913830.300   913993.300
   230:   920328.300   929949.300   930125.300   935870.300   941790.300
   235:   961950.300   961988.300   962005.300   962302.300   975241.300
   240:   977552.300   977873.300   983132.300   985470.300   986841.300
   245:   987040.300   987637.300   987712.300   988352.300   989012.300
   250:   989072.300   990412.300   994496.300   994566.300   999470.300
   255:   999556.300   999673.300  1004470.300  1008342.300  1008698.100
   260:  1009201.100  1016205.300  1026194.300  1026253.300  1026468.300
   265:  1026719.300  1029401.300  1038207.300  1038429.300  1038538.300
   270:  1038840.300  1038848.300  1056384.300  1057062.300  1058654.300
   275:  1062482.300  1062498.300  1062537.300  1062624.300  1062627.300
   280:  1062787.300  1062913.300  1067709.300  1072792.300  1079708.300
   285:  1079760.300  1079850.300  1082315.300  1083412.300  1089874.300
   290:  1089952.300  1090023.300  1090038.300  1090047.300  1095337.300
   295:  1096174.300  1098018.300  1100118.300  1123501.300  1132131.300
   300:  1132269.300  1134532.300  1134617.300  1242685.200  1242685.200
   305:  1242685.200  1242685.200  1242685.200  1242685.200  1242685.200
   310:  1242685.200  1242685.200  1242685.200  1243436.300  1243519.300
   315:  1243550.300  1243583.300  1243612.300  1243636.300  1243647.300
   320:  1243662.300  1243674.300  1243704.300  1243716.300  1243725.300
   325:  1243741.300  1243771.300  1243795.300  1245504.300  1245918.300
   330:  1246040.300  1246138.300  1246191.300  1246219.300  1246265.300
   335:  1246269.300  1246316.300  1246328.300  1246355.300  1246402.300
   340:  1246428.300  1246451.300  1246473.300  1246485.300  1246498.300
   345:  1246521.300  1246543.300  1246566.300  1246586.300  1246608.300
   350:  1246633.300  1246669.300  1246840.300  1247430.300  1247448.300
   355:  1247760.300  1247828.300  1247854.300  1248307.300  1248651.300
   360:  1248706.300  1248731.300  1249721.300  1249728.300  1249738.300
   365:  1249747.300  1249788.300  1250465.300  1255729.300  1255899.300
   370:  1255984.300  1274813.300  1281320.300  1294733.300  1297965.300
   375:  1303746.300  1305594.300  1305958.300  1322710.300  1347672.300
   380:  1360060.300  1378158.300  1381052.300  1381680.300  1382683.300
   385:  1384968.300  1385103.300  1387775.300  1387808.300  1390051.300
   390:  1391319.300  1400018.300  1404443.300  1404805.300  1405818.300
   395:  1405981.300  1405986.300  1406137.300  1406331.300  1406535.300
   400:  1410874.300  1410920.300  1411566.300  1411606.300  1412537.300
   405:  1412559.300  1412590.300  1412604.300  1412833.300  1415116.300
   410:  1417150.300  1438648.300  1440999.300  1443046.300  1443075.300
   415:  1451300.100  1451435.100  1452213.300  1452280.300  1452375.300
   420:  1453416.300  1461849.300  1466044.300  1466185.300  1469922.300
   425:  1473672.300  1475032.300  1479144.300  1486168.300  1486177.300
   430:  1486325.300  1486577.300  1486794.300  1486805.300  1487055.300
   435:  1492532.300  1492570.300  1493642.300  1494642.300  1496519.300
   440:  1498612.300  1498675.300  1499406.300  1499697.300  1505726.300
   445:  1505984.300  1508594.300  1510308.300  1514104.300  1516630.300
   450:  1542567.300  1543127.300  1543536.300  1543788.300  1547611.300
   455:  1561007.300  1561311.300  1561325.300  1561365.300  1569579.300
   460:  1571940.300  1571999.300  1572057.300  1572112.300  1572144.300
   465:  1583680.300  1583976.300  1585257.300  1585898.300  1586098.300
   470:  1604846.300  1605106.300  1609187.300  1613881.300  1613904.300
   475:  1614065.300  1614130.300  1621110.300  1621195.300  1621234.300
   480:  1624917.300  1624990.300  1625226.300  1637343.300  1637648.300
   485:  1637688.300  1637702.300  1637792.300  1638148.300  1639044.300
   490:  1639259.300  1640325.300  1644115.300  1644263.300  1650277.300
   495:  1654677.300  1654863.300  1657696.300  1657789.300  1657834.300
   500:  1659575.300  1659902.300  1660361.300  1660556.300  1661168.300
   505:  1661182.300  1661341.300  1661385.300  1666452.300  1670661.300
   510:  1671796.300  1672504.300  1673830.300  1678589.300  1678594.300
   515:  1678702.300  1685268.300  1685291.300  1686105.300  1690590.300
   520:  1693153.300  1704384.300  1704919.300  1712798.300  1712863.300
   525:  1713682.300  1713733.300  1719492.300  1719707.300  1719801.300
   530:  1719888.300  1721660.300  1722021.300  1722035.300  1729059.300
   535:  1730606.300  1730647.300  1743608.300  1743701.300  1751030.300
   540:  1751232.300  1751274.300  1760067.300  1767443.300  1767740.300
   545:  1774648.300  1774752.300  1774866.300  1774879.300  1778413.300
   550:  1778698.300  1785087.300  1785654.300  1786287.300  1787164.100
   555:  1789685.300  1790201.300  1792016.300  1793555.300  1793709.300
   560:  1793808.300  1793897.300  1797205.300  1797542.300  1797549.300
   565:  1797612.300  1799909.300  1807664.300  1812264.300  1815298.300
   570:  1815346.300  1815920.300  1816652.300  1845516.300  1852877.300
   575:  1852893.300  1852982.300  1853775.300  1856935.300  1863833.300
   580:  1863884.300  1864263.300  1868001.300  1869562.300  1869581.300
   585:  1869738.300  1869894.300  1870028.300  1870124.300  1875984.300
   590:  1879243.300  1879268.300  1880323.300  1883253.300  1886622.300
   595:  1891861.300  1891937.300  1892015.300  1905199.300  1914300.300
   600:  1914318.300  1920816.300  1929181.300  1929470.300  1929793.300
   605:  1930484.300  1931095.300  1934392.300  1934861.300  1935875.300
   610:  1936056.300  1936097.300  1948398.300  1948477.300  1948622.300
   615:  1949171.300  1949310.300  1950187.300  1950442.300  1950507.300
   620:  1950517.300  1950599.300  1950892.300  1952161.300  1952167.300
   625:  1952217.300  1952236.300  1952264.300  1952545.300  1974832.300
   630:  1975029.300  1975230.300  1975308.300  1978207.100  1978607.300
   635:  1985014.300  1990327.300  1993001.300  1998977.300  1999028.300
   640:  1999242.300  1999991.300  2002447.300  2002528.300  2002812.300
   645:  2003369.300  2004296.300  2005809.300  2014501.300  2014712.300
   650:  2014732.300  2014737.300  2014791.300  2071793.300  2071816.300
   655:  2073965.300  2075639.300  2077155.300  2077577.300  2077680.300
   660:  2078081.300  2078376.300  2079261.300  2079327.300  2079566.300
   665:  2082273.300  2082327.300  2083844.300  2092561.300  2095401.300
   670:  2095508.300  2095568.300  2110556.300  2116457.300  2118418.300
   675:  2123317.300  2123428.300  2123442.300  2123461.300  2131476.300
   680:  2131568.300  2137266.300  2137440.300  2137927.300  2141086.300
   685:  2157224.300  2159867.300  2165921.300  2169926.300  2172081.300
   690:  2172163.300  2172243.300  2213478.300  2217250.300  2237313.300
   695:  2237482.300  2241926.300  2243966.300  2244969.300  2253695.300
   700:  2254780.300  2254804.300  2255330.300  2255633.300  2255821.300
   705:  2255841.300  2261756.300  2263607.300  2263771.300  2264002.300
   710:  2266845.100  2267250.100  2285280.300  2285784.300  2285882.300
   715:  2295643.300  2296173.300  2296382.300  2303207.300  2309467.300
   720:  2310124.300  2310226.300  2310254.300  2310267.300  2310906.300
   725:  2313649.300  2328594.300  2329276.300  2340044.300  2349129.300
   730:  2349185.300  2349270.300  2358941.300  2358997.300  2359571.300
   735:  2360196.300  2360814.300  2361280.300  2361327.300  2362762.300
   740:  2362822.300  2368814.300  2371585.300  2384763.300  2384825.300
   745:  2386225.300  2449666.300  2449884.300  2452443.300  2452467.300
   750:  2455242.300  2463152.300  2485384.300  2487303.300  2487334.300
   755:  2497815.300  2501184.300  2506163.300  2506509.300  2506783.300
   760:  2506857.300  2506882.300  2507449.300  2507570.300  2520003.300
   765:  2523119.300  2523255.300  2523636.300  2524777.300  2529113.300
   770:  2529828.300  2534582.300  2534835.300  2538886.100  2539449.100
   775:  2539588.100  2539692.100  2539846.100  2540796.300  2557864.300
   780:  2563522.300  2563722.300  2563790.300  2567043.300  2573227.300
   785:  2575065.300  2575168.300  2580739.300  2580748.300  2580820.300
   790:  2580858.300  2589229.300  2591338.300  2602224.300  2602410.300
   795:  2602748.300  2602788.300  2603544.300  2603687.300  2603717.300
   800:  2604316.300  2604347.300  2604356.300  2605187.300  2608145.300
   805:  2608533.300  2614118.300  2614709.300  2614742.300  2614770.300
   810:  2615130.300  2616263.300  2726367.300  2731845.300  2737955.300
   815:  3194659.300  3201214.300  3201312.300  3205141.300  3205147.300
   820:  3237468.100  3238258.300  3238464.300  3238511.300  3239678.300
   825:  3239688.300  3239704.300  3240089.100  3240382.100  3240578.100
   830:  3480772.200  3480772.200  3480772.200  3480772.200  3480772.200
   835:  3480772.200  3480772.200  3480772.200  3480772.200  3480772.200
   840:  3481182.300  3481201.300  3481205.300  3481222.300  3481241.300
   845:  3481266.300  3481288.300  3481303.300  3483524.300  3496191.300
   850:  3496990.300  3497005.300  3505217.300  3506962.300  3574556.300
   855:  3591447.100  3603400.300  3603727.300  3604253.300  3604530.300
   860:  3604546.300  3604554.300  3604968.300  3705019.300  3705686.300
   865:  3707268.300  3708621.300  3708821.300  3708879.300  3709118.300
   870:  3710244.300  3710374.300  3710506.300  3710582.300  3710851.100
   875:  3710945.100  3890757.200  3890757.200  3890757.200  3890757.200
   880:  3890757.200  3890757.200  3890757.200  3890757.200  3890757.200
   885:  3890757.200  3891615.300  3892538.300  3900818.300  3934564.300
   890:  3946182.300  3946568.300  3946625.300  3999840.300  4003989.300
   895:  4004061.300  4004088.300  4072140.300  4072214.300  4079299.300
   900:  4079628.300  4079795.300  4080272.300  4106116.100  4106268.100
   905:  4106385.100  4106419.100  4106515.100  4106571.100  4106690.300
   910:  4106695.300  4116147.300  4116844.300  4116943.300  4117095.300
   915:  4117279.300  4117376.300  4212242.300  4212252.300  4220351.300
   920:  4238853.300  4240810.300  4240864.300  4240903.300  4240964.300
   925:  4251689.300  4251850.300  4251907.300  4259085.300  4259215.300
   930:  4268543.300  4281214.300
D:
     0:        0.111      859.600     1067.200     5258.600     5270.600
     5:     5296.600     5317.600     6126.600     6237.600     6954.600
    10:     7257.600     7503.600    14705.650    17518.650    33848.650
    15:    43769.650    56765.650    58710.650    58916.650    59214.650
    20:    59296.650    59374.650    64225.650    67618.650    67631.650
    25:    67842.650    68074.650    68155.650    68349.650    68413.650
    30:    68427.650    68463.650    68499.650    68534.650    68545.650
    35:    68614.650    68643.650    68681.650    68692.650    68752.650
    40:    68758.650    93731.650    94859.650    95286.650    95297.650
    45:    98064.650   102426.650   106830.400   106875.410   106924.410
    50:   106954.610   106969.410   107018.410   107063.410   107112.410
    55:   107157.410   107206.410   107251.410   107256.420   107523.600
    60:   107529.600   107556.600   107592.600   107719.600   108020.600
    65:   108203.600   108215.600   109268.600   111261.600   111296.600
    70:   111356.600   111477.600   111489.600   111503.600   111512.600
    75:   111525.600   111540.600   111559.600   111571.600   111592.600
    80:   111664.600   111691.600   132851.600   138252.600   138283.600
    85:   139599.600   139975.600   140494.600   140564.600   140637.600
    90:   140805.600   140820.600   140953.600   141028.600   141044.600
    95:   141071.600   141075.600   141082.600   141090.600   141102.600
   100:   151558.600   193470.600   193513.600   193704.600   197538.600
   105:   201606.600   228951.650   228982.650   229718.650   239496.650
   110:   239553.650   242310.650   243628.650   247081.650   247100.650
   115:   247161.650   247592.650   247738.650   247882.650   247941.650
   120:   248447.650   248457.650   249494.650   302642.650   302783.650
   125:   304232.650   304292.650   308599.400   308644.410   308671.610
   130:   308693.410   308738.410   308787.410   308832.410   308881.410
   135:   308926.410   308975.410   309020.410   309025.420   313500.600
   140:   313641.600   313656.600   313755.600   313823.600   314382.600
   145:   314908.600   314927.600   314995.600   315041.600   315050.600
   150:   315452.600   315543.600   315609.600   315668.600   315687.600
   155:   315704.600   315716.600   315720.600   315779.600   315855.600
   160:   315911.600   315921.600   315939.600   316126.600   316144.600
   165:   316176.600   316187.600   320920.600   320993.600   321186.600
   170:   338809.600   339002.600   345953.600   346823.600   354601.600
   175:   377556.600   382044.600   382190.600   382594.600   394145.600
   180:   394282.600   394669.600   398280.600   429713.600   429878.600
   185:   429923.600   430225.600   450585.600   459995.600   460053.600
   190:   460216.600   480245.600   492886.600   503033.600   510877.600
   195:   532585.600   533880.600   533985.600   534491.600   573161.600
   200:   591040.600   591057.600   594995.600   595233.600   596280.600
   205:   596587.600   605383.600   605454.600   605504.600   605832.600
   210:   618109.600   658712.600   658977.600   660982.600   661177.600
   215:   664615.600   664672.600   664689.600   664798.600   664914.600
   220:   672875.600   685683.600   685724.600   686943.600   687093.600
   225:   687243.600   687282.600   687309.600   698833.600   700309.600
   230:   700409.600   700589.600   705870.600   705963.600   717010.600
   235:   717019.600   717197.600   724878.600   724948.600   727967.600
   240:   728379.600   737712.600   741385.600   766974.600   768306.600
   245:   768376.600   768944.600   772576.600   772610.600   772625.600
   250:   787518.600   799248.600   799365.600   804678.600   812283.600
   255:   816798.600   817161.600   817684.600   817707.600   818091.600
   260:   818117.600   818208.600   818459.600   818747.600   824548.600
   265:   842427.600   842999.600   864749.600   865207.600   865712.600
   270:   865748.600   866244.600   866388.600   866472.600   866538.600
   275:   878018.600   880026.600   880117.600   880126.600   880297.600
   280:   888815.600   895097.600   900639.600   904794.600   909181.600
   285:   909484.600   909788.600   910320.600   913505.600   914682.600
   290:   914845.600   921180.600   930801.600   930977.600   936722.600
   295:   942642.600   962802.600   962840.600   962857.600   963154.600
   300:   976093.600   978404.600   978725.600   983984.600   986322.600
   305:   987693.600   987892.600   988489.600   988564.600   989204.600
   310:   989864.600   989924.600   991264.600   995348.600   995418.600
   315:  1000322.600  1000408.600  1000525.600  1005322.600  1009194.600
   320:  1009550.200  1010053.200  1017057.600  1027046.600  1027105.600
   325:  1027320.600  1027571.600  1030253.600  1039059.600  1039281.600
   330:  1039390.600  1039692.600  1039700.600  1057236.600  1057914.600
   335:  1059506.600  1063334.600  1063350.600  1063389.600  1063476.600
   340:  1063479.600  1063639.600  1063765.600  1068561.600  1073644.600
   345:  1080560.600  1080612.600  1080702.600  1083167.600  1084264.600
   350:  1090726.600  1090804.600  1090875.600  1090890.600  1090899.600
   355:  1096189.600  1097026.600  1098870.600  1100970.600  1124353.600
   360:  1132983.600  1133121.600  1135384.600  1135469.600  1161111.650
   365:  1161133.650  1161337.650  1162672.650  1163537.650  1164176.650
   370:  1164203.650  1169259.650  1171577.650  1195433.650  1195796.650
   375:  1196335.650  1196342.650  1196516.650  1206893.650  1206913.650
   380:  1210496.650  1210734.650  1210839.650  1217454.650  1217702.650
   385:  1218072.650  1222233.650  1224996.650  1225312.650  1226576.650
   390:  1226744.650  1227165.650  1227369.650  1227398.650  1227573.650
   395:  1227622.650  1229178.650  1243537.400  1243582.410  1243600.610
   400:  1243631.410  1243640.610  1243676.410  1243725.410  1243770.410
   405:  1243819.410  1243864.410  1243913.410  1243958.410  1243963.420
   410:  1244714.600  1244797.600  1244828.600  1244861.600  1244890.600
   415:  1244914.600  1244925.600  1244940.600  1244952.600  1244982.600
   420:  1244994.600  1245003.600  1245019.600  1245049.600  1245073.600
   425:  1246782.600  1247196.600  1247318.600  1247416.600  1247469.600
   430:  1247497.600  1247543.600  1247547.600  1247594.600  1247606.600
   435:  1247633.600  1247680.600  1247706.600  1247729.600  1247751.600
   440:  1247763.600  1247776.600  1247799.600  1247821.600  1247844.600
   445:  1247864.600  1247886.600  1247911.600  1247947.600  1248118.600
   450:  1248708.600  1248726.600  1249038.600  1249106.600  1249132.600
   455:  1249585.600  1249929.600  1249984.600  1250009.600  1250999.600
   460:  1251006.600  1251016.600  1251025.600  1251066.600  1251743.600
   465:  1257007.600  1257177.600  1257262.600  1276091.600  1282598.600
   470:  1296011.600  1299243.600  1305024.600  1306872.600  1307236.600
   475:  1323988.600  1348950.600  1361338.600  1379436.600  1382330.600
   480:  1382958.600  1383961.600  1386246.600  1386381.600  1389053.600
   485:  1389086.600  1391329.600  1392597.600  1401296.600  1405721.600
   490:  1406083.600  1407096.600  1407259.600  1407264.600  1407415.600
   495:  1407609.600  1407813.600  1412152.600  1412198.600  1412844.600
   500:  1412884.600  1413815.600  1413837.600  1413868.600  1413882.600
   505:  1414111.600  1416394.600  1418428.600  1439926.600  1442277.600
   510:  1444324.600  1444353.600  1452578.200  1452713.200  1453491.600
   515:  1453558.600  1453653.600  1454694.600  1463127.600  1467322.600
   520:  1467463.600  1471200.600  1474950.600  1476310.600  1480422.600
   525:  1487446.600  1487455.600  1487603.600  1487855.600  1488072.600
   530:  1488083.600  1488333.600  1493810.600  1493848.600  1494920.600
   535:  1495920.600  1497797.600  1499890.600  1499953.600  1500684.600
   540:  1500975.600  1507004.600  1507262.600  1509872.600  1511586.600
   545:  1515382.600  1517908.600  1543845.600  1544405.600  1544814.600
   550:  1545066.600  1548889.600  1562285.600  1562589.600  1562603.600
   555:  1562643.600  1570857.600  1573218.600  1573277.600  1573335.600
   560:  1573390.600  1573422.600  1584958.600  1585254.600  1586535.600
   565:  1587176.600  1587376.600  1606124.600  1606384.600  1610465.600
   570:  1615159.600  1615182.600  1615343.600  1615408.600  1622388.600
   575:  1622473.600  1622512.600  1626195.600  1626268.600  1626504.600
   580:  1638621.600  1638926.600  1638966.600  1638980.600  1639070.600
   585:  1639426.600  1640322.600  1640537.600  1641603.600  1645393.600
   590:  1645541.600  1651555.600  1655955.600  1656141.600  1658974.600
   595:  1659067.600  1659112.600  1660853.600  1661180.600  1661639.600
   600:  1661834.600  1662446.600  1662460.600  1662619.600  1662663.600
   605:  1667730.600  1671939.600  1673074.600  1673782.600  1675108.600
   610:  1679867.600  1679872.600  1679980.600  1686546.600  1686569.600
   615:  1687383.600  1691868.600  1694431.600  1705662.600  1706197.600
   620:  1714076.600  1714141.600  1714960.600  1715011.600  1720770.600
   625:  1720985.600  1721079.600  1721166.600  1722938.600  1723299.600
   630:  1723313.600  1730337.600  1731884.600  1731925.600  1744886.600
   635:  1744979.600  1752308.600  1752510.600  1752552.600  1761345.600
   640:  1768721.600  1769018.600  1775926.600  1776030.600  1776144.600
   645:  1776157.600  1779691.600  1779976.600  1786365.600  1786932.600
   650:  1787565.600  1788442.200  1790963.600  1791479.600  1793294.600
   655:  1794833.600  1794987.600  1795086.600  1795175.600  1798483.600
   660:  1798820.600  1798827.600  1798890.600  1801187.600  1808942.600
   665:  1813542.600  1816576.600  1816624.600  1817198.600  1817930.600
   670:  1846794.600  1854155.600  1854171.600  1854260.600  1855053.600
   675:  1858213.600  1865111.600  1865162.600  1865541.600  1869279.600
   680:  1870840.600  1870859.600  1871016.600  1871172.600  1871306.600
   685:  1871402.600  1877262.600  1880521.600  1880546.600  1881601.600
   690:  1884531.600  1887900.600  1893139.600  1893215.600  1893293.600
   695:  1906477.600  1915578.600  1915596.600  1922094.600  1930459.600
   700:  1930748.600  1931071.600  1931762.600  1932373.600  1935670.600
   705:  1936139.600  1937153.600  1937334.600  1937375.600  1949676.600
   710:  1949755.600  1949900.600  1950449.600  1950588.600  1951465.600
   715:  1951720.600  1951785.600  1951795.600  1951877.600  1952170.600
   720:  1953439.600  1953445.600  1953495.600  1953514.600  1953542.600
   725:  1953823.600  1976110.600  1976307.600  1976508.600  1976586.600
   730:  1979485.200  1979885.600  1986292.600  1991605.600  1994279.600
   735:  2000255.600  2000306.600  2000520.600  2001269.600  2003725.600
   740:  2003806.600  2004090.600  2004647.600  2005574.600  2007087.600
   745:  2015779.600  2015990.600  2016010.600  2016015.600  2016069.600
   750:  2073071.600  2073094.600  2075243.600  2076917.600  2078433.600
   755:  2078855.600  2078958.600  2079359.600  2079654.600  2080539.600
   760:  2080605.600  2080844.600  2083551.600  2083605.600  2085122.600
   765:  2093839.600  2096679.600  2096786.600  2096846.600  2111834.600
   770:  2117735.600  2119696.600  2124595.600  2124706.600  2124720.600
   775:  2124739.600  2132754.600  2132846.600  2138544.600  2138718.600
   780:  2139205.600  2142364.600  2158502.600  2161145.600  2167199.600
   785:  2171204.600  2173359.600  2173441.600  2173521.600  2214756.600
   790:  2218528.600  2238591.600  2238760.600  2243204.600  2245244.600
   795:  2246247.600  2254973.600  2256058.600  2256082.600  2256608.600
   800:  2256911.600  2257099.600  2257119.600  2263034.600  2264885.600
   805:  2265049.600  2265280.600  2268123.200  2268528.200  2286558.600
   810:  2287062.600  2287160.600  2296921.600  2297451.600  2297660.600
   815:  2304485.600  2310745.600  2311402.600  2311504.600  2311532.600
   820:  2311545.600  2312184.600  2314927.600  2329872.600  2330554.600
   825:  2341322.600  2350407.600  2350463.600  2350548.600  2360219.600
   830:  2360275.600  2360849.600  2361474.600  2362092.600  2362558.600
   835:  2362605.600  2364040.600  2364100.600  2370092.600  2372863.600
   840:  2386041.600  2386103.600  2387503.600  2450944.600  2451162.600
   845:  2453721.600  2453745.600  2456520.600  2464430.600  2486662.600
   850:  2488581.600  2488612.600  2499093.600  2502462.600  2507441.600
   855:  2507787.600  2508061.600  2508135.600  2508160.600  2508727.600
   860:  2508848.600  2521281.600  2524397.600  2524533.600  2524914.600
   865:  2526055.600  2530391.600  2531106.600  2535860.600  2536113.600
   870:  2540164.200  2540727.200  2540866.200  2540970.200  2541124.200
   875:  2542074.600  2559142.600  2564800.600  2565000.600  2565068.600
   880:  2568321.600  2574505.600  2576343.600  2576446.600  2582017.600
   885:  2582026.600  2582098.600  2582136.600  2590507.600  2592616.600
   890:  2603502.600  2603688.600  2604026.600  2604066.600  2604822.600
   895:  2604965.600  2604995.600  2605594.600  2605625.600  2605634.600
   900:  2606465.600  2609423.600  2609811.600  2615396.600  2615987.600
   905:  2616020.600  2616048.600  2616408.600  2617541.600  2727645.600
   910:  2733123.600  2739233.600  3195937.600  3202492.600  3202590.600
   915:  3206419.600  3206425.600  3238746.200  3239536.600  3239742.600
   920:  3239789.600  3240956.600  3240966.600  3240982.600  3241367.200
   925:  3241660.200  3241856.200  3482050.400  3482095.410  3482144.410
   930:  3482189.410  3482238.410  3482262.610  3482283.410  3482332.410
   935:  3482377.410  3482426.410  3482471.410  3482476.420  3482886.600
   940:  3482905.600  3482909.600  3482926.600  3482945.600  3482970.600
   945:  3482992.600  3483007.600  3485228.600  3497895.600  3498694.600
   950:  3498709.600  3506921.600  3508666.600  3576260.600  3593151.200
   955:  3605104.600  3605431.600  3605957.600  3606234.600  3606250.600
   960:  3606258.600  3606672.600  3706723.600  3707390.600  3708972.600
   965:  3710325.600  3710525.600  3710583.600  3710822.600  3711948.600
   970:  3712078.600  3712210.600  3712286.600  3712555.200  3712649.200
   975:  3892461.400  3892506.410  3892555.410  3892600.410  3892649.410
   980:  3892694.410  3892743.410  3892745.610  3892788.410  3892837.410
   985:  3892882.410  3892887.420  3893745.600  3894668.600  3902948.600
   990:  3936694.600  3948312.600  3948698.600  3948755.600  4001970.600
   995:  4006119.600  4006191.600  4006218.600  4074270.600  4074344.600
  1000:  4081429.600  4081758.600  4081925.600  4082402.600  4108246.200
  1005:  4108398.200  4108515.200  4108549.200  4108645.200  4108701.200
  1010:  4108820.600  4108825.600  4118277.600  4118974.600  4119073.600
  1015:  4119225.600  4119409.600  4119506.600  4214372.600  4214382.600
  1020:  4222481.600  4240983.600  4242940.600  4242994.600  4243033.600
  1025:  4243094.600  4253819.600  4253980.600  4254037.600  4261215.600
  1030:  4261345.600  4270673.600  4283344.600  4322130.999
E:
     0:        5.200       16.300       28.800       43.200       59.900
     5:       80.100      105.300      139.300      191.600      330.300
F:
     0:        0.000        0.000        0.000        0.000        0.000
     5:        0.000
L:
     0:      123.000       71.000       62.000      211.000      283.000
M:
     0:        0.000        0.000        0.000        0.000        0.000
     5:        0.000
