File: C:\MED-PC IV\DATA\!2023-03-03_19h13m.Subject DF30


Start Date: 03/03/23
End Date: 03/04/23
Subject: DF30
Experiment: delayed_acquisition
Group: 1
Box: 10
Start Time: 19:13:59
End Time:  7:39:59
MSN: Delayed_Acquisition2_w_magmacro
G:       0.000
H:       0.000
I:       0.000
J:       0.000
K:       0.000
N:       0.000
O:       0.000
P:       0.000
Q:       0.000
R:       0.000
S:       0.000
T:       0.000
U:       0.000
V:       0.000
W:       0.000
X:       0.000
Y:       0.000
Z:       0.000
A:
     0:        2.000       60.000  4320000.000        1.000        0.000
     5:        1.000    96000.000        0.000       10.000        0.000
    10:        0.000        0.000        0.000        0.000        0.000
    15:        0.000        0.000        0.000        0.000        0.000
    20:        0.000        0.000        0.000        0.000        0.000
    25:        0.000        0.000        0.000        0.000        0.000
    30:        0.000        0.000        0.000        0.000        0.000
    35:        0.000        0.000        0.000        0.000        0.000
    40:        0.000        0.000        0.000        0.000        0.000
    45:        0.000        0.000        0.000        0.000        0.000
    50:        0.000        0.000        0.000        0.000        0.000
    55:        0.000        0.000        0.000        0.000        0.000
    60:        0.000        0.000        0.000        0.000        0.000
    65:        0.000        0.000        0.000        0.000        0.000
    70:        0.000        0.000        0.000        0.000        0.000
    75:        0.000        0.000        0.000        0.000        0.000
    80:        0.000        0.000        0.000        0.000        0.000
    85:        0.000        0.000        0.000        0.000        0.000
    90:        0.000        0.000        0.000        0.000        0.000
    95:        0.000        0.000        0.000        0.000        0.000
   100:        0.000
B:
     0:  4320000.000  4323834.000        1.000       10.000        0.000
     5:        0.000        0.000       10.000      591.000      738.000
    10:        0.000      490.000       18.000       19.000       99.000
    15:        0.000        9.000        0.000        0.000        0.000
    20:        0.000        0.000        0.000        0.000        0.000
    25:        0.000        0.000        0.000        0.000        0.000
    30:        1.190        1.000        0.000       91.000        0.000
    35:        0.000        0.000        0.000        0.000        0.000
    40:        0.000        0.000        0.000        0.000        0.000
    45:        0.000        0.000        0.000        0.000        0.000
    50:        0.000        0.000        0.000        0.000        0.000
    55:        0.000        0.000        0.000        0.000        0.000
    60:        0.000        0.000        0.000        0.000        0.000
    65:        0.000        0.000        0.000        0.000        0.000
    70:        0.000        0.000        0.000        0.000        0.000
    75:        0.000        0.000        0.000        0.000        0.000
    80:        0.000        0.000        0.000        0.000        0.000
    85:        0.000        0.000        0.000        0.000        0.000
    90:        0.000        0.000        0.000        0.000        0.000
    95:        0.000        0.000        0.000        0.000        0.000
   100:        0.000
C:
     0:      915.300     1011.300     5420.300     5426.300     5454.300
     5:     5517.300     9375.300     9400.300     9422.300    22817.100
    10:   118818.200   118818.200   118818.200   118818.200   118818.200
    15:   118818.200   118818.200   118818.200   118818.200   118818.200
    20:   119628.300   119672.300   119733.300   119738.300   119757.300
    25:   119778.300   119798.300   119821.300   119840.300   119859.300
    30:   119879.300   119897.300   119920.300   119941.300   119961.300
    35:   119987.300   120147.300   120155.300   120167.300   120182.300
    40:   120200.300   120218.300   120239.300   120255.300   120269.300
    45:   120288.300   120306.300   120326.300   120351.300   120364.300
    50:   120388.300   120399.300   120436.300   120580.300   120665.300
    55:   122297.300   122863.300   123867.300   124561.300   124576.300
    60:   124586.300   125816.300   128316.300   128326.300   129382.300
    65:   130060.300   130070.300   130454.300   131783.300   135276.300
    70:   141165.300   141168.300   145347.300   145438.300   145591.300
    75:   147935.300   149907.300   150604.100   246605.200   246605.200
    80:   246605.200   246605.200   246605.200   246605.200   246605.200
    85:   246605.200   246605.200   246605.200   249371.300   250914.300
    90:   251413.300   251429.300   251830.300   263106.300   266463.300
    95:   266471.300   266718.300   266756.300   274269.300   274447.300
   100:   274500.300   297454.300   297499.300   298215.300   298507.300
   105:   298594.300   298698.300   298770.300   331127.300   358928.300
   110:   358968.300   359674.300   407386.300   413553.300   415233.300
   115:   415859.300   425369.300   425408.300   426354.300   426380.300
   120:   426695.300   437484.300   437623.300   437710.300   437908.300
   125:   483022.300   483144.300   483682.300   495515.300   496579.300
   130:   506728.300   506773.300   506805.300   507442.300   512382.300
   135:   513263.300   516166.100   612167.200   612167.200   612167.200
   140:   612167.200   612167.200   612167.200   612167.200   612167.200
   145:   612167.200   612167.200   612611.300   612660.300   612680.300
   150:   612734.300   612778.300   612864.300   612879.300   612905.300
   155:   612933.300   612956.300   612979.300   613002.300   613025.300
   160:   613044.300   613065.300   613213.300   613473.300   613487.300
   165:   614166.300   614982.300   615185.300   615203.300   615216.300
   170:   615240.300   615252.300   615263.300   615284.300   615288.300
   175:   615311.300   615333.300   615353.300   615380.300   615406.300
   180:   615427.300   615448.300   615468.300   615491.300   615507.300
   185:   615528.300   615551.300   615570.300   615614.300   615695.300
   190:   615701.300   617127.300   617138.300   617149.300   617236.300
   195:   617483.300   617849.300   617854.300   617881.300   619915.300
   200:   619927.300   620138.300   621441.300   622955.300   626059.100
   205:   722060.200   722060.200   722060.200   722060.200   722060.200
   210:   722060.200   722060.200   722060.200   722060.200   722060.200
   215:   722357.300   722366.300   722390.300   722405.300   722425.300
   220:   722449.300   722479.300   722505.300   722553.300   722575.300
   225:   722719.300   723711.300   725428.300   727113.300   727858.300
   230:   728683.300   728690.300   728904.300   757774.300   757855.300
   235:   760900.300   850125.300   870628.300   870898.300   870970.300
   240:   874165.300   879143.300   897472.300   897546.300   901406.300
   245:  1007563.300  1013992.300  1024291.300  1032529.300  1058743.300
   250:  1059119.300  1059542.300  1059548.300  1059597.300  1059981.300
   255:  1060034.300  1241512.300  1241556.300  1241753.300  1244657.300
   260:  1314958.300  1332107.300  1332584.300  1333067.300  1333095.300
   265:  1333310.300  1406240.300  1416076.300  1416124.300  1428561.100
   270:  1524562.200  1524562.200  1524562.200  1524562.200  1524562.200
   275:  1524562.200  1524562.200  1524562.200  1524562.200  1524562.200
   280:  1524788.300  1524792.300  1524831.300  1524905.300  1524954.300
   285:  1525233.300  1525464.300  1525473.300  1525550.300  1526125.300
   290:  1526795.300  1526812.300  1526823.300  1526834.300  1527107.300
   295:  1532682.300  1532702.300  1533724.300  1533749.300  1601206.300
   300:  1601246.300  1601692.300  1601698.300  1601761.300  1996319.300
   305:  1996365.300  1996445.300  1996490.300  1996524.300  2003132.100
   310:  2099133.200  2099133.200  2099133.200  2099133.200  2099133.200
   315:  2099133.200  2099133.200  2099133.200  2099133.200  2099133.200
   320:  2099491.300  2099514.300  2099534.300  2099555.300  2099580.300
   325:  2099601.300  2099628.300  2099646.300  2099668.300  2099690.300
   330:  2099712.300  2099733.300  2099751.300  2099777.300  2099805.300
   335:  2099828.300  2099852.300  2099867.300  2099890.300  2099913.300
   340:  2099937.300  2099951.300  2099958.300  2099991.300  2100099.300
   345:  2100141.300  2100153.300  2100178.300  2100223.300  2100265.300
   350:  2100293.300  2100310.300  2100333.300  2100356.300  2100376.300
   355:  2100394.300  2100442.300  2100463.300  2100509.300  2100531.300
   360:  2100675.300  2100681.300  2100759.300  2100776.300  2100808.300
   365:  2100823.300  2101079.300  2101120.300  2101188.300  2101270.300
   370:  2101341.300  2101358.300  2101376.300  2101399.300  2101430.300
   375:  2102680.300  2102719.300  2102857.300  2102873.300  2102910.300
   380:  2102928.300  2102978.300  2103000.300  2103010.300  2103022.300
   385:  2103912.300  2103956.300  2103981.300  2104340.300  2104351.300
   390:  2104648.300  2104691.300  2104954.300  2105551.300  2106210.300
   395:  2106226.300  2106239.300  2106339.300  2106813.300  2118582.300
   400:  2173791.300  2173807.300  2173830.300  2180850.300  2180891.300
   405:  2180930.300  2181460.300  2181481.300  2181490.300  2181690.300
   410:  2187482.300  2284098.300  2284375.300  2293047.300  2293382.300
   415:  2297452.300  2298511.300  2298685.300  2298948.300  2518312.300
   420:  2526758.300  2530763.300  2530886.300  2537958.300  2538164.300
   425:  2539136.100  2635137.200  2635137.200  2635137.200  2635137.200
   430:  2635137.200  2635137.200  2635137.200  2635137.200  2635137.200
   435:  2635137.200  2636081.300  2636100.300  2636105.300  2636127.300
   440:  2636151.300  2636173.300  2637006.300  2637822.300  2638077.300
   445:  2638129.300  2638145.300  2638177.300  2638198.300  2638218.300
   450:  2638232.300  2638248.300  2638258.300  2638281.300  2638287.300
   455:  2638354.300  2638369.300  2638380.300  2638387.300  2638400.300
   460:  2638429.300  2638452.300  2638498.300  2639025.300  2639033.300
   465:  2639067.300  2639084.300  2639095.300  2640160.300  2640188.300
   470:  2640203.300  2640219.300  2640335.300  2640357.300  2640400.300
   475:  2640436.300  2640459.300  2640773.300  2640788.300  2640824.300
   480:  2641721.300  2641746.300  2642162.300  2642173.300  2642647.300
   485:  2642768.300  2642812.300  2643648.300  2643800.300  3034913.100
   490:  3130914.200  3130914.200  3130914.200  3130914.200  3130914.200
   495:  3130914.200  3130914.200  3130914.200  3130914.200  3130914.200
   500:  3131162.300  3131178.300  3131192.300  3131204.300  3131249.300
   505:  3133592.300  3133992.300  3134116.300  3134143.300  3134196.300
   510:  3134249.300  3134488.300  3134603.300  3139762.300  3559904.300
   515:  3560039.300  3580472.300  3581060.300  3581088.300  3721128.300
   520:  3832752.300  3832823.300  3840024.100  3936025.200  3936025.200
   525:  3936025.200  3936025.200  3936025.200  3936025.200  3936025.200
   530:  3936025.200  3936025.200  3936025.200  3937330.300  3937374.300
   535:  3937396.300  3937417.300  3937438.300  3937455.300  3937481.300
   540:  3937485.300  3937504.300  3937546.300  3937567.300  3937571.300
   545:  3938320.300  3939651.300  3939709.300  3939806.300  3939824.300
   550:  3939835.300  3939842.300  3940021.300  3940032.300  3940070.300
   555:  3940081.300  3940091.300  3940102.300  3940190.300  3940202.300
   560:  3940257.300  3940277.300  3940287.300  3940300.300  3940357.300
   565:  3940519.300  3940550.300  3941708.300  3941722.300  3942568.300
   570:  3942602.300  3942612.300  3942646.300  3942874.300  3942897.300
   575:  3944020.300  3944053.300  3944127.300  3944857.300  3945142.300
   580:  3945209.300  3957702.300  3961483.300  4112208.300  4135543.300
   585:  4286854.300  4293075.300  4293321.300  4293888.300  4303919.100
   590:  4320000.200
D:
     0:        0.111      915.600     1011.600     5420.600     5426.600
     5:     5454.600     5517.600     9375.600     9400.600     9422.600
    10:    22817.200    22887.250    22901.250    22917.250    23003.250
    15:    23188.650    23327.650    23348.650    23413.650    28583.250
    20:    28602.250    29137.650    29187.650    29226.650    29305.650
    25:    29326.650    34014.650    34023.650    34129.650    34147.650
    30:    34181.650    34258.650    34362.650    35741.650    38799.650
    35:    38822.650    41391.650    42669.650    42717.650    42985.650
    40:    54748.650    54780.650    55565.650    55795.650    55801.650
    45:    56151.650    57209.650    57335.650    57449.650    61969.650
    50:    61991.650    61997.650    80849.250    80920.250    80990.250
    55:    81058.250    81217.650    81261.650    89700.650    91256.250
    60:    91415.650    95276.650    95315.650    95386.650   107679.650
    65:   108039.250   108209.650   108236.650   108572.650   118818.400
    70:   118863.410   118883.610   118912.410   118922.610   118957.410
    75:   119006.410   119051.410   119100.410   119145.410   119194.410
    80:   119239.410   119244.420   120054.600   120098.600   120159.600
    85:   120164.600   120183.600   120204.600   120224.600   120247.600
    90:   120266.600   120285.600   120305.600   120323.600   120346.600
    95:   120367.600   120387.600   120413.600   120573.600   120581.600
   100:   120593.600   120608.600   120626.600   120644.600   120665.600
   105:   120681.600   120695.600   120714.600   120732.600   120752.600
   110:   120777.600   120790.600   120814.600   120825.600   120862.600
   115:   121006.600   121091.600   122723.600   123289.600   124293.600
   120:   124987.600   125002.600   125012.600   126242.600   128742.600
   125:   128752.600   129808.600   130486.600   130496.600   130880.600
   130:   132209.600   135702.600   141591.600   141594.600   145773.600
   135:   145864.600   146017.600   148361.600   150333.600   151030.200
   140:   200023.650   200089.650   203771.650   204476.650   247031.400
   145:   247076.410   247125.410   247161.610   247170.410   247219.410
   150:   247264.410   247313.410   247358.410   247407.410   247452.410
   155:   247457.420   250223.600   251766.600   252265.600   252281.600
   160:   252682.600   263958.600   267315.600   267323.600   267570.600
   165:   267608.600   275121.600   275299.600   275352.600   298306.600
   170:   298351.600   299067.600   299359.600   299446.600   299550.600
   175:   299622.600   331979.600   359780.600   359820.600   360526.600
   180:   408238.600   414405.600   416085.600   416711.600   426221.600
   185:   426260.600   427206.600   427232.600   427547.600   438336.600
   190:   438475.600   438562.600   438760.600   483874.600   483996.600
   195:   484534.600   496367.600   497431.600   507580.600   507625.600
   200:   507657.600   508294.600   513234.600   514115.600   517018.200
   205:   517083.650   517208.650   581716.650   613019.400   613064.410
   210:   613108.610   613113.410   613158.410   613207.410   613252.410
   215:   613301.410   613346.410   613395.410   613440.410   613445.420
   220:   613889.600   613938.600   613958.600   614012.600   614056.600
   225:   614142.600   614157.600   614183.600   614211.600   614234.600
   230:   614257.600   614280.600   614303.600   614322.600   614343.600
   235:   614491.600   614751.600   614765.600   615444.600   616260.600
   240:   616463.600   616481.600   616494.600   616518.600   616530.600
   245:   616541.600   616562.600   616566.600   616589.600   616611.600
   250:   616631.600   616658.600   616684.600   616705.600   616726.600
   255:   616746.600   616769.600   616785.600   616806.600   616829.600
   260:   616848.600   616892.600   616973.600   616979.600   618405.600
   265:   618416.600   618427.600   618514.600   618761.600   619127.600
   270:   619132.600   619159.600   621193.600   621205.600   621416.600
   275:   622719.600   624233.600   627337.200   627622.250   628696.250
   280:   628937.650   629520.650   632609.650   632663.650   635367.650
   285:   635416.650   635516.650   671850.650   723338.400   723383.410
   290:   723432.410   723477.410   723481.610   723496.610   723521.610
   295:   723526.410   723571.410   723620.410   723665.410   723714.410
   300:   723759.410   723764.420   724061.600   724070.600   724094.600
   305:   724109.600   724129.600   724153.600   724183.600   724209.600
   310:   724257.600   724279.600   724423.600   725415.600   727132.600
   315:   728817.600   729562.600   730387.600   730394.600   730608.600
   320:   759478.600   759559.600   762604.600   851829.600   872332.600
   325:   872602.600   872674.600   875869.600   880847.600   899176.600
   330:   899250.600   903110.600  1009267.600  1015696.600  1025995.600
   335:  1034233.600  1060447.600  1060823.600  1061246.600  1061252.600
   340:  1061301.600  1061685.600  1061738.600  1243216.600  1243260.600
   345:  1243457.600  1246361.600  1316662.600  1333811.600  1334288.600
   350:  1334771.600  1334799.600  1335014.600  1407944.600  1417780.600
   355:  1417828.600  1430265.200  1430300.250  1430615.650  1430728.650
   360:  1430785.650  1431147.650  1497124.650  1514079.650  1514117.650
   365:  1526266.400  1526311.410  1526360.410  1526403.610  1526405.410
   370:  1526414.610  1526454.410  1526455.610  1526463.610  1526487.610
   375:  1526499.410  1526548.410  1526593.410  1526636.610  1526642.410
   380:  1526687.410  1526692.420  1526918.600  1526922.600  1526961.600
   385:  1527035.600  1527084.600  1527363.600  1527594.600  1527603.600
   390:  1527680.600  1528255.600  1528925.600  1528942.600  1528953.600
   395:  1528964.600  1529237.600  1534812.600  1534832.600  1535854.600
   400:  1535879.600  1603336.600  1603376.600  1603822.600  1603828.600
   405:  1603891.600  1998449.600  1998495.600  1998575.600  1998620.600
   410:  1998654.600  2005262.200  2005525.250  2006076.650  2006378.650
   415:  2006387.650  2006453.650  2007063.650  2007207.650  2007425.650
   420:  2007736.650  2012299.650  2101263.400  2101308.410  2101357.410
   425:  2101357.610  2101402.410  2101451.410  2101496.410  2101545.410
   430:  2101590.410  2101639.410  2101684.410  2101689.420  2102047.600
   435:  2102070.600  2102090.600  2102111.600  2102136.600  2102157.600
   440:  2102184.600  2102202.600  2102224.600  2102246.600  2102268.600
   445:  2102289.600  2102307.600  2102333.600  2102361.600  2102384.600
   450:  2102408.600  2102423.600  2102446.600  2102469.600  2102493.600
   455:  2102507.600  2102514.600  2102547.600  2102655.600  2102697.600
   460:  2102709.600  2102734.600  2102779.600  2102821.600  2102849.600
   465:  2102866.600  2102889.600  2102912.600  2102932.600  2102950.600
   470:  2102998.600  2103019.600  2103065.600  2103087.600  2103231.600
   475:  2103237.600  2103315.600  2103332.600  2103364.600  2103379.600
   480:  2103635.600  2103676.600  2103744.600  2103826.600  2103897.600
   485:  2103914.600  2103932.600  2103955.600  2103986.600  2105236.600
   490:  2105275.600  2105413.600  2105429.600  2105466.600  2105484.600
   495:  2105534.600  2105556.600  2105566.600  2105578.600  2106468.600
   500:  2106512.600  2106537.600  2106896.600  2106907.600  2107204.600
   505:  2107247.600  2107510.600  2108107.600  2108766.600  2108782.600
   510:  2108795.600  2108895.600  2109369.600  2121138.600  2176347.600
   515:  2176363.600  2176386.600  2183406.600  2183447.600  2183486.600
   520:  2184016.600  2184037.600  2184046.600  2184246.600  2190038.600
   525:  2286654.600  2286931.600  2295603.600  2295938.600  2300008.600
   530:  2301067.600  2301241.600  2301504.600  2520868.600  2529314.600
   535:  2533319.600  2533442.600  2540514.600  2540720.600  2541692.200
   540:  2541800.650  2541822.650  2542175.650  2544323.650  2567994.650
   545:  2574253.650  2590102.650  2596749.650  2596875.650  2597110.650
   550:  2597225.650  2637693.400  2637738.410  2637787.410  2637832.410
   555:  2637861.610  2637875.610  2637881.410  2637926.410  2637975.410
   560:  2638020.410  2638069.410  2638114.410  2638119.420  2639063.600
   565:  2639082.600  2639087.600  2639109.600  2639133.600  2639155.600
   570:  2639988.600  2640804.600  2641059.600  2641111.600  2641127.600
   575:  2641159.600  2641180.600  2641200.600  2641214.600  2641230.600
   580:  2641240.600  2641263.600  2641269.600  2641336.600  2641351.600
   585:  2641362.600  2641369.600  2641382.600  2641411.600  2641434.600
   590:  2641480.600  2642007.600  2642015.600  2642049.600  2642066.600
   595:  2642077.600  2643142.600  2643170.600  2643185.600  2643201.600
   600:  2643317.600  2643339.600  2643382.600  2643418.600  2643441.600
   605:  2643755.600  2643770.600  2643806.600  2644703.600  2644728.600
   610:  2645144.600  2645155.600  2645629.600  2645750.600  2645794.600
   615:  2646630.600  2646782.600  3037895.200  3096083.250  3103904.650
   620:  3104101.650  3104146.650  3133896.400  3133941.410  3133990.410
   625:  3134035.410  3134053.610  3134084.410  3134129.410  3134178.410
   630:  3134223.410  3134272.410  3134317.410  3134322.420  3134570.600
   635:  3134586.600  3134600.600  3134612.600  3134657.600  3137000.600
   640:  3137400.600  3137524.600  3137551.600  3137604.600  3137657.600
   645:  3137896.600  3138011.600  3143170.600  3563312.600  3563447.600
   650:  3583880.600  3584468.600  3584496.600  3724536.600  3836160.600
   655:  3836231.600  3843432.200  3843892.650  3844218.650  3860851.650
   660:  3864226.650  3864847.250  3865629.650  3865727.650  3865815.650
   665:  3939433.400  3939478.410  3939527.410  3939530.610  3939572.410
   670:  3939621.410  3939666.410  3939715.410  3939760.410  3939809.410
   675:  3939854.410  3939859.420  3941164.600  3941208.600  3941230.600
   680:  3941251.600  3941272.600  3941289.600  3941315.600  3941319.600
   685:  3941338.600  3941380.600  3941401.600  3941405.600  3942154.600
   690:  3943485.600  3943543.600  3943640.600  3943658.600  3943669.600
   695:  3943676.600  3943855.600  3943866.600  3943904.600  3943915.600
   700:  3943925.600  3943936.600  3944024.600  3944036.600  3944091.600
   705:  3944111.600  3944121.600  3944134.600  3944191.600  3944353.600
   710:  3944384.600  3945542.600  3945556.600  3946402.600  3946436.600
   715:  3946446.600  3946480.600  3946708.600  3946731.600  3947854.600
   720:  3947887.600  3947961.600  3948691.600  3948976.600  3949043.600
   725:  3961536.600  3965317.600  4116042.600  4139377.600  4290688.600
   730:  4296909.600  4297155.600  4297722.600  4307753.200  4307835.250
   735:  4307960.650  4323834.400  4323834.999
E:
     0:        5.200       16.300       28.800       43.200       59.900
     5:       80.100      105.300      139.300      191.600      330.300
F:
     0:        1.000        0.000        1.000        0.000        0.000
     5:        0.000
L:
     0:       64.000      129.000       88.000      142.000      136.000
     5:       93.000      167.000      156.000       96.000
M:
     0:        0.000        0.000        0.000        0.000        0.000
     5:        0.000
