File: C:\MED-PC IV\DATA\!2023-02-27_18h40m.Subject DF23


Start Date: 02/27/23
End Date: 02/28/23
Subject: DF23
Experiment: delayed_acquisition
Group: 1
Box: 3
Start Time: 18:40:38
End Time:  6:58:32
MSN: Delayed_AcquisitionYoked2_w_magmacro
G:       0.000
H:       0.000
I:       0.000
J:       0.000
K:       0.000
N:       0.000
O:       0.000
P:       0.000
Q:       0.000
R:       0.000
S:       0.000
T:       0.000
U:       0.000
V:       0.000
W:       0.000
X:       2.000
Y:       0.000
Z:       0.000
A:
     0:        2.000       60.000  4320000.000        1.000        0.000
     5:        1.000    96000.000        1.000       10.000        0.000
    10:        0.000        0.000        0.000        0.000        0.000
    15:        0.000        0.000        0.000        0.000        0.000
    20:        0.000        0.000        0.000        0.000        0.000
    25:        0.000        0.000        0.000        0.000        0.000
    30:        0.000        0.000        0.000        0.000        0.000
    35:        0.000        0.000        0.000        0.000        0.000
    40:        0.000        0.000        0.000        0.000        0.000
    45:        0.000        0.000        0.000        0.000        0.000
    50:        0.000        0.000        0.000        0.000        0.000
    55:        0.000        0.000        0.000        0.000        0.000
    60:        0.000        0.000        0.000        0.000        0.000
    65:        0.000        0.000        0.000        0.000        0.000
    70:        0.000        0.000        0.000        0.000        0.000
    75:        0.000        0.000        0.000        0.000        0.000
    80:        0.000        0.000        0.000        0.000        0.000
    85:        0.000        0.000        0.000        0.000        0.000
    90:        0.000        0.000        0.000        0.000        0.000
    95:        0.000        0.000        0.000        0.000        0.000
   100:        0.000
B:
     0:  4320000.000  4323834.000        1.000       10.000        0.000
     5:        0.000        0.000        9.000     1055.000     1304.000
    10:        0.000      955.000        9.000        3.000      226.000
    15:        0.000        9.000        0.000        0.000        0.000
    20:        0.000        0.000        0.000        0.000        0.000
    25:        0.000        0.000        0.000        0.000        0.000
    30:        0.984        0.000        0.000       90.000        0.000
    35:        0.000        0.000        0.000        0.000        0.000
    40:        0.000        0.000        0.000        0.000        0.000
    45:        0.000        0.000        0.000        0.000        0.000
    50:        0.000        0.000        0.000        0.000        0.000
    55:        0.000        0.000        0.000        0.000        0.000
    60:        0.000        0.000        0.000        0.000        0.000
    65:        0.000        0.000        0.000        0.000        0.000
    70:        0.000        0.000        0.000        0.000        0.000
    75:        0.000        0.000        0.000        0.000        0.000
    80:        0.000        0.000        0.000        0.000        0.000
    85:        0.000        0.000        0.000        0.000        0.000
    90:        0.000        0.000        0.000        0.000        0.000
    95:        0.000        0.000        0.000        0.000        0.000
   100:        0.000
C:
     0:    97916.200    97916.200    97916.200    97916.200    97916.200
     5:    97916.200    97916.200    97916.200    97916.200    97916.200
    10:   102162.300   102184.300   102213.300   102243.300   102265.300
    15:   102341.300   102396.300   102491.300   102603.300   102692.300
    20:   102713.300   102763.300   102786.300   102804.300   102847.300
    25:   102872.300   102956.300   103021.300   103047.300   103062.300
    30:   103110.300   103125.300   104025.300   104196.300   104259.300
    35:   104268.300   104280.300   104353.300   104371.300   104454.300
    40:   104511.300   104517.300   104548.300   104598.300   104609.300
    45:   104615.300   105276.300   105900.300   107269.300   120308.300
    50:   120636.300   123971.300   129328.300   140441.300   140473.300
    55:   148992.300   149147.300   150620.300   150696.300   161761.300
    60:   162835.300   174790.300   178159.300   178262.300   178526.300
    65:   209820.300   211516.300   211570.300   211645.300   224940.300
    70:   233086.300   233148.300   234160.300   234219.300   256278.300
    75:   256413.300   263270.300   263414.300   272169.300   272388.300
    80:   272403.300   272501.300   287025.300   287075.300   290697.300
    85:   291053.300   396119.200   396119.200   396119.200   396119.200
    90:   396119.200   396119.200   396119.200   396119.200   396119.200
    95:   396119.200   399356.300   399411.300   399421.300   399470.300
   100:   399534.300   399549.300   399689.300   399816.300   399914.300
   105:   399964.300   400007.300   400032.300   400139.300   400174.300
   110:   400217.300   400267.300   404473.300   404492.300   405170.300
   115:   405408.300   405781.300   413307.300   418286.300   419038.300
   120:   419293.300   419530.300   419678.300   420171.300   420222.300
   125:   420296.300   420318.300   420498.300   420718.300   420776.300
   130:   420785.300   420796.300   420805.300   420848.300   420855.300
   135:   421022.300   423981.300   433409.300   433927.300   433996.300
   140:   456933.300   467909.300   472444.300   472500.300   472656.300
   145:   472972.100   473367.300   473439.300   478020.300   480537.300
   150:   482186.300   482352.300   488465.300   514584.300   522600.300
   155:   533766.300   563807.300   564426.300   564591.300   593653.300
   160:   594030.300   609982.300   610268.300   610645.300   610713.300
   165:   610816.300   611013.300   619741.300   626254.300   626383.300
   170:   627135.300   627139.300   627155.300   627162.300   655468.300
   175:   655514.300   655555.300   655938.300   656025.300   656059.300
   180:   657151.300   657158.300   657289.300   786322.200   786322.200
   185:   786322.200   786322.200   786322.200   786322.200   786322.200
   190:   786322.200   786322.200   786322.200   789656.300   789744.300
   195:   789834.300   789969.300   789972.300   789994.300   790001.300
   200:   790006.300   790073.300   813228.300   815584.300   816509.300
   205:   821946.300   825337.300   825496.300   837924.300   838752.300
   210:   838863.300   840018.100   840102.100   840317.100   844752.300
   215:   845081.300   876427.300   886890.300   886981.300   917681.300
   220:   922008.300   922107.300   926947.300   929538.300   929748.300
   225:  1040858.200  1040858.200  1040858.200  1040858.200  1040858.200
   230:  1040858.200  1040858.200  1040858.200  1040858.200  1040858.200
   235:  1045351.300  1045514.300  1045588.300  1045697.300  1045774.300
   240:  1045843.300  1045876.300  1045890.300  1045906.300  1045916.300
   245:  1045988.300  1046011.300  1046071.300  1046102.300  1046850.300
   250:  1046853.300  1046869.300  1046873.300  1046881.300  1047474.300
   255:  1047493.300  1048365.300  1049855.300  1050652.300  1050665.300
   260:  1050670.300  1050708.300  1050714.300  1051024.300  1062517.300
   265:  1062611.300  1067805.300  1071021.300  1074071.300  1074254.300
   270:  1074423.300  1074708.300  1074858.300  1074866.300  1074889.300
   275:  1074920.300  1143540.300  1147206.300  1147711.300  1147791.300
   280:  1148031.300  1215908.300  1216366.300  1220159.300  1220283.300
   285:  1226471.300  1226578.300  1226685.300  1226822.300  1226840.300
   290:  1226930.300  1227031.300  1227034.300  1227464.300  1256066.300
   295:  1260903.300  1262582.300  1262587.300  1263842.300  1269414.300
   300:  1269697.300  1273588.300  1275025.300  1275036.300  1275076.300
   305:  1325452.300  1332027.300  1347486.300  1347947.300  1347957.300
   310:  1379545.300  1379551.300  1384614.300  1384656.300  1384999.300
   315:  1385194.300  1385210.300  1419143.300  1419360.300  1419703.300
   320:  1426174.300  1426394.300  1436897.300  1437483.300  1437793.300
   325:  1437947.300  1447914.300  1452614.300  1453008.300  1458696.300
   330:  1560818.200  1560818.200  1560818.200  1560818.200  1560818.200
   335:  1560818.200  1560818.200  1560818.200  1560818.200  1560818.200
   340:  1564636.300  1564644.300  1564650.300  1564682.300  1564697.300
   345:  1564715.300  1564724.300  1564736.300  1564745.300  1564764.300
   350:  1564797.300  1564816.300  1564884.300  1564900.300  1564953.300
   355:  1565079.300  1565217.300  1565301.300  1565320.300  1565346.300
   360:  1565393.300  1565450.300  1565495.300  1565505.300  1565520.300
   365:  1566131.300  1566167.300  1566478.300  1566819.300  1566861.300
   370:  1566881.300  1567212.300  1567223.300  1567231.300  1567269.300
   375:  1567286.300  1567344.300  1567348.300  1567555.300  1567586.300
   380:  1567758.300  1567770.300  1567790.300  1567807.300  1567826.300
   385:  1567872.300  1567952.300  1568261.300  1568304.300  1568414.300
   390:  1569181.300  1569187.300  1570483.300  1573441.300  1574162.300
   395:  1574720.300  1575130.300  1575147.300  1575154.300  1586722.300
   400:  1591522.300  1591575.300  1591663.300  1591677.300  1686001.300
   405:  1691503.300  1697057.300  1705054.300  1705789.300  1706711.300
   410:  1706769.300  1717908.300  1719945.300  1720041.300  1720198.300
   415:  1720288.300  1720308.300  1720316.300  1720340.300  1720343.300
   420:  1720480.300  1720494.300  1720519.300  1720531.300  1720875.300
   425:  1721831.300  1721959.300  1734509.300  1734918.300  1735032.300
   430:  1773501.300  1789504.300  1790140.300  1811732.300  1811769.300
   435:  1812586.300  1813025.300  1837095.300  1837697.300  1838520.300
   440:  1846960.300  1849161.300  1849635.300  1850021.300  1850044.300
   445:  1850055.300  1850065.300  1850136.300  1850141.300  1850715.300
   450:  1853794.300  1853899.300  1853971.300  1854009.300  1854070.300
   455:  1854111.300  1854135.300  1854153.300  1854176.300  1854405.300
   460:  1854425.300  1854449.300  1854464.300  1854516.300  1855296.300
   465:  1855355.300  1855759.300  1855973.300  1857320.300  1859193.300
   470:  1859210.300  1859359.300  1859689.300  1860249.300  1860342.300
   475:  1869535.300  1871548.300  1871596.300  1871649.300  1871728.300
   480:  1871798.300  1871834.300  1871919.300  1872475.300  1879217.300
   485:  1886168.300  1886299.300  1886383.300  1934140.300  1943024.300
   490:  1951593.300  1968283.300  1975258.300  1976977.300  1977927.300
   495:  1978423.300  1978457.300  2004526.300  2005000.300  2013693.300
   500:  2016982.300  2017124.300  2017160.300  2017225.300  2017275.300
   505:  2020730.300  2021584.300  2023945.300  2025217.300  2080164.300
   510:  2182208.200  2182208.200  2182208.200  2182208.200  2182208.200
   515:  2182208.200  2182208.200  2182208.200  2182208.200  2182208.200
   520:  2187228.300  2187446.300  2187492.300  2187524.300  2187565.300
   525:  2187635.300  2187665.300  2187676.300  2187691.300  2187757.300
   530:  2187967.300  2187977.300  2188009.300  2188060.300  2188074.300
   535:  2188086.300  2188118.300  2188130.300  2188199.300  2188226.300
   540:  2188257.300  2188277.300  2188406.300  2188423.300  2194177.300
   545:  2194192.300  2194204.300  2196317.300  2196650.300  2196749.300
   550:  2199374.300  2199402.300  2201107.300  2201157.300  2206802.300
   555:  2213598.300  2221853.300  2223318.300  2223468.300  2224620.100
   560:  2224745.300  2224807.300  2224866.300  2225718.300  2237568.300
   565:  2237718.300  2237920.300  2239052.300  2239159.300  2239903.300
   570:  2240029.300  2240036.300  2240709.300  2240817.300  2242049.300
   575:  2242081.300  2242552.300  2244844.300  2255542.300  2255973.300
   580:  2255989.300  2295958.300  2296691.300  2297071.300  2298488.300
   585:  2299349.300  2314069.300  2316924.300  2357325.300  2369459.300
   590:  2369465.300  2398416.300  2399460.300  2402626.300  2402659.300
   595:  2402665.300  2403170.300  2408308.300  2409153.300  2412627.300
   600:  2417068.300  2420415.300  2422694.300  2422895.300  2430333.300
   605:  2430884.300  2437159.300  2437379.300  2440253.300  2442928.300
   610:  2443189.300  2443655.300  2444583.300  2444910.300  2444983.300
   615:  2445030.300  2445156.300  2542813.200  2542813.200  2542813.200
   620:  2542813.200  2542813.200  2542813.200  2542813.200  2542813.200
   625:  2542813.200  2542813.200  2544409.300  2544419.300  2544470.300
   630:  2544474.300  2544482.300  2544513.300  2544521.300  2544525.300
   635:  2544545.300  2544553.300  2544572.300  2544596.300  2544610.300
   640:  2544624.300  2544629.300  2544663.300  2544673.300  2544680.300
   645:  2544915.300  2544953.300  2544962.300  2544976.300  2544987.300
   650:  2544997.300  2545004.300  2545034.300  2545051.300  2545079.300
   655:  2545172.300  2545189.300  2545212.300  2545234.300  2545252.300
   660:  2545802.300  2545831.300  2545873.300  2545903.300  2545932.300
   665:  2545954.300  2545965.300  2545985.300  2546038.300  2546040.300
   670:  2546060.300  2546072.300  2546152.300  2546166.300  2546204.300
   675:  2547257.300  2547323.300  2547422.300  2547472.300  2547533.300
   680:  2547549.300  2547579.300  2547610.300  2547631.300  2547684.300
   685:  2547747.300  2547818.300  2547846.300  2547909.300  2547913.300
   690:  2548394.300  2548411.300  2548432.300  2548521.300  2548553.300
   695:  2548570.300  2548588.300  2548609.300  2548649.300  2554183.300
   700:  2555606.300  2562979.300  2562994.300  2563485.300  2579235.300
   705:  2579563.300  2579643.300  2580893.300  2580959.300  2581080.300
   710:  2581186.300  2602621.300  2623279.300  2623592.300  2625058.300
   715:  2626175.300  2626243.300  2631864.300  2664717.300  2665074.300
   720:  2721967.300  2722108.300  2723546.300  2724668.300  2724869.300
   725:  2732204.300  2732448.300  2732499.300  2733469.300  2761835.300
   730:  2761840.300  2762172.300  2762311.300  2770477.300  2770638.300
   735:  2774292.300  2774386.300  2774499.300  2783603.300  2789832.300
   740:  2790102.300  2817081.300  2820536.300  2820757.300  2824236.300
   745:  2826312.300  2828421.300  2829803.300  2829823.300  2830768.300
   750:  2835351.300  2835483.300  2835501.300  2932312.200  2932312.200
   755:  2932312.200  2932312.200  2932312.200  2932312.200  2932312.200
   760:  2932312.200  2932312.200  2932312.200  2933702.300  2935190.300
   765:  2935194.300  2935212.300  2935234.300  2935251.300  2935295.300
   770:  2935317.300  2935344.300  2935368.300  2935381.300  2935397.300
   775:  2935422.300  2935437.300  2935571.300  2935601.300  2935617.300
   780:  2935646.300  2935667.300  2935684.300  2935717.300  2935729.300
   785:  2935762.300  2935799.300  2935841.300  2935886.300  2935916.300
   790:  2935938.300  2935995.300  2936013.300  2936078.300  2936099.300
   795:  2936115.300  2936144.300  2936279.300  2936295.300  2936304.300
   800:  2936320.300  2936332.300  2936356.300  2941406.300  2943191.300
   805:  2943901.300  2996805.300  3000617.300  3004605.300  3014874.300
   810:  3015104.300  3016217.300  3033120.300  3045580.300  3045601.300
   815:  3085896.300  3086143.300  3087565.300  3090525.300  3093903.300
   820:  3096895.300  3100477.300  3108072.300  3118230.300  3119946.300
   825:  3125822.300  3129545.300  3139274.300  3139696.300  3142499.300
   830:  3151213.300  3153040.300  3165885.300  3165904.300  3169028.300
   835:  3169144.300  3169393.300  3170829.300  3170874.300  3170941.300
   840:  3171393.300  3171557.300  3171870.300  3172047.300  3172069.300
   845:  3172071.300  3173841.300  3173846.300  3205432.300  3205444.300
   850:  3205646.300  3212460.300  3213430.300  3236480.300  3266251.300
   855:  3267339.300  3281165.300  3301505.300  3301557.300  3344613.300
   860:  3348688.300  3367104.300  3367699.300  3370605.300  3372485.300
   865:  3479812.200  3479812.200  3479812.200  3479812.200  3479812.200
   870:  3479812.200  3479812.200  3479812.200  3479812.200  3479812.200
   875:  3482878.300  3482935.300  3483032.300  3484359.300  3484613.300
   880:  3484704.300  3484742.300  3484936.300  3484988.300  3501154.300
   885:  3503625.300  3504722.300  3505481.300  3510486.300  3510987.300
   890:  3511818.300  3511822.300  3522926.300  3523572.300  3527098.300
   895:  3527336.300  3532974.300  3539820.300  3564049.300  3565903.300
   900:  3566553.300  3577249.300  3578829.300  3578850.300  3585511.300
   905:  3594411.300  3599763.300  3600505.300  3607901.300  3615819.300
   910:  3616878.300  3620537.300  3620635.300  3620828.300  3620833.300
   915:  3620875.300  3620918.300  3621041.300  3621658.300  3640731.300
   920:  3642016.300  3646937.300  3647908.300  3655385.300  3655614.300
   925:  3655621.300  3656549.300  3667737.300  3670803.300  3671738.300
   930:  3675563.300  3686222.300  3686272.300  3686580.300  3687348.300
   935:  3689733.300  3692307.300  3699930.300  3699940.300  3711392.300
   940:  3719355.300  3719499.300  3719530.300  3720987.300  3721582.300
   945:  3721810.300  3722087.300  3741004.300  3741043.300  3744699.300
   950:  3748570.300  3764556.300  3765003.300  3766826.300  3783263.300
   955:  3783292.300  3784167.300  3794068.300  3842297.300  3844041.300
   960:  3846126.300  3970123.300  3971136.300  3971908.300  3971964.300
   965:  3984712.300  3984907.300  3985506.300  3986661.300  3988081.300
   970:  3988300.300  3997768.300  3999509.300  3999649.300  4000091.300
   975:  4001232.300  4001285.300  4001690.300  4010794.300  4037699.300
   980:  4037779.300  4040443.300  4040472.300  4040670.300  4040749.300
   985:  4052254.300  4052933.300  4060745.300  4060868.300  4067052.300
   990:  4067168.300  4067714.300  4072609.300  4074104.300  4084577.300
   995:  4086755.300  4086825.300  4087276.300  4087462.300  4094439.300
  1000:  4096551.300  4096586.300  4096651.300  4096821.300  4096838.300
  1005:  4098484.100  4098593.100  4099176.100  4099364.100  4099399.300
  1010:  4099405.100  4100062.300  4100421.300  4100426.300  4100430.300
  1015:  4101961.300  4121030.300  4139126.300  4141041.300  4141080.300
  1020:  4141325.300  4143897.300  4145392.300  4152170.300  4153151.300
  1025:  4156489.300  4159932.300  4167679.300  4169601.300  4169992.300
  1030:  4179788.300  4181569.300  4191231.300  4191281.300  4191472.300
  1035:  4218469.300  4228788.300  4228821.300  4233954.300  4234616.300
  1040:  4237262.300  4244672.300  4258025.300  4260164.300  4293868.300
  1045:  4296292.300  4302755.300  4303150.300  4303210.300  4303379.300
  1050:  4311290.300  4312558.300  4318788.300  4318806.300  4318886.300
D:
     0:        0.111     8244.650     8352.650     8450.650    11332.650
     5:    11506.650    11540.650    11547.650    12855.650    13047.650
    10:    14851.650    14895.650    15453.650    15560.650    21128.650
    15:    21477.650    23165.650    23652.650    24175.650    24219.650
    20:    24554.650    24593.650    24626.650    24771.650    24914.650
    25:    33741.650    33902.650    34217.650    34274.650    34313.650
    30:    37516.650    50446.650    83018.650    83105.650    87129.650
    35:    87787.650    87816.650    87962.650    88106.650    88190.650
    40:    88219.650    88229.650    88377.650    88515.650    88687.650
    45:    88698.650    89789.650    90120.650    90135.650    91744.650
    50:    91757.650    92511.650    92544.650    93020.650    93085.650
    55:    93088.650    96001.650    96087.650    97916.400    97961.410
    60:    97997.610    98010.410    98055.410    98104.410    98149.410
    65:    98198.410    98243.410    98292.410    98337.410    98342.420
    70:   102588.600   102610.600   102639.600   102669.600   102691.600
    75:   102767.600   102822.600   102917.600   103029.600   103118.600
    80:   103139.600   103189.600   103212.600   103230.600   103273.600
    85:   103298.600   103382.600   103447.600   103473.600   103488.600
    90:   103536.600   103551.600   104451.600   104622.600   104685.600
    95:   104694.600   104706.600   104779.600   104797.600   104880.600
   100:   104937.600   104943.600   104974.600   105024.600   105035.600
   105:   105041.600   105702.600   106326.600   107695.600   120734.600
   110:   121062.600   124397.600   129754.600   140867.600   140899.600
   115:   149418.600   149573.600   151046.600   151122.600   162187.600
   120:   163261.600   175216.600   178585.600   178688.600   178952.600
   125:   210246.600   211942.600   211996.600   212071.600   225366.600
   130:   233512.600   233574.600   234586.600   234645.600   256704.600
   135:   256839.600   263696.600   263840.600   272595.600   272814.600
   140:   272829.600   272927.600   287451.600   287501.600   291123.600
   145:   291479.600   307830.650   308724.250   309846.650   315617.650
   150:   316893.650   317077.650   317588.650   317720.650   317799.650
   155:   317805.650   320171.650   320177.650   320346.650   320583.650
   160:   328378.650   328610.650   377358.650   377593.650   377680.650
   165:   377957.650   378149.650   387453.650   396545.400   396590.410
   170:   396639.410   396684.410   396703.610   396733.410   396778.410
   175:   396827.410   396872.410   396921.410   396966.410   396971.420
   180:   400208.600   400263.600   400273.600   400322.600   400386.600
   185:   400401.600   400541.600   400668.600   400766.600   400816.600
   190:   400859.600   400884.600   400991.600   401026.600   401069.600
   195:   401119.600   405325.600   405344.600   406022.600   406260.600
   200:   406633.600   414159.600   419138.600   419890.600   420145.600
   205:   420382.600   420530.600   421023.600   421074.600   421148.600
   210:   421170.600   421350.600   421570.600   421628.600   421637.600
   215:   421648.600   421657.600   421700.600   421707.600   421874.600
   220:   424833.600   434261.600   434779.600   434848.600   457785.600
   225:   468761.600   473296.600   473352.600   473508.600   473824.200
   230:   474219.600   474291.600   478872.600   481389.600   483038.600
   235:   483204.600   489317.600   515436.600   523452.600   534618.600
   240:   564659.600   565278.600   565443.600   594505.600   594882.600
   245:   610834.600   611120.600   611497.600   611565.600   611668.600
   250:   611865.600   620593.600   627106.600   627235.600   627987.600
   255:   627991.600   628007.600   628014.600   656320.600   656366.600
   260:   656407.600   656790.600   656877.600   656911.600   658003.600
   265:   658010.600   658141.600   697636.650   699482.650   708721.650
   270:   709421.650   710177.650   710284.650   719379.650   720908.650
   275:   727744.650   728186.650   733432.650   775385.650   780099.650
   280:   786155.650   787174.400   787219.410   787265.610   787268.410
   285:   787313.410   787362.410   787407.410   787456.410   787501.410
   290:   787550.410   787595.410   787600.420   790934.600   791022.600
   295:   791112.600   791247.600   791250.600   791272.600   791279.600
   300:   791284.600   791351.600   814506.600   816862.600   817787.600
   305:   823224.600   826615.600   826774.600   839202.600   840030.600
   310:   840141.600   841296.200   841380.200   841595.200   846030.600
   315:   846359.600   877705.600   888168.600   888259.600   918959.600
   320:   923286.600   923385.600   928225.600   930816.600   931026.600
   325:   973622.650   986168.650  1020338.650  1020357.650  1020397.650
   330:  1021074.650  1032367.650  1032376.650  1042136.400  1042181.410
   335:  1042230.410  1042236.610  1042275.410  1042324.410  1042369.410
   340:  1042418.410  1042463.410  1042512.410  1042557.410  1042562.420
   345:  1047055.600  1047218.600  1047292.600  1047401.600  1047478.600
   350:  1047547.600  1047580.600  1047594.600  1047610.600  1047620.600
   355:  1047692.600  1047715.600  1047775.600  1047806.600  1048554.600
   360:  1048557.600  1048573.600  1048577.600  1048585.600  1049178.600
   365:  1049197.600  1050069.600  1051559.600  1052356.600  1052369.600
   370:  1052374.600  1052412.600  1052418.600  1052728.600  1064221.600
   375:  1064315.600  1069509.600  1072725.600  1075775.600  1075958.600
   380:  1076127.600  1076412.600  1076562.600  1076570.600  1076593.600
   385:  1076624.600  1145244.600  1148910.600  1149415.600  1149495.600
   390:  1149735.600  1217612.600  1218070.600  1221863.600  1221987.600
   395:  1228175.600  1228282.600  1228389.600  1228526.600  1228544.600
   400:  1228634.600  1228735.600  1228738.600  1229168.600  1257770.600
   405:  1262607.600  1264286.600  1264291.600  1265546.600  1271118.600
   410:  1271401.600  1275292.600  1276729.600  1276740.600  1276780.600
   415:  1327156.600  1333731.600  1349190.600  1349651.600  1349661.600
   420:  1381249.600  1381255.600  1386318.600  1386360.600  1386703.600
   425:  1386898.600  1386914.600  1420847.600  1421064.600  1421407.600
   430:  1427878.600  1428098.600  1438601.600  1439187.600  1439497.600
   435:  1439651.600  1449618.600  1454318.600  1454712.600  1460400.600
   440:  1487165.650  1494882.650  1497083.650  1497365.650  1504882.650
   445:  1505447.650  1505580.650  1505627.650  1505682.650  1506942.650
   450:  1507364.650  1515648.650  1516838.650  1517829.650  1520455.650
   455:  1520841.250  1520867.250  1523890.650  1524083.650  1532736.650
   460:  1532805.650  1533299.650  1533456.650  1540757.650  1540935.650
   465:  1562522.400  1562567.410  1562606.610  1562616.410  1562661.410
   470:  1562710.410  1562755.410  1562804.410  1562849.410  1562898.410
   475:  1562943.410  1562948.420  1566766.600  1566774.600  1566780.600
   480:  1566812.600  1566827.600  1566845.600  1566854.600  1566866.600
   485:  1566875.600  1566894.600  1566927.600  1566946.600  1567014.600
   490:  1567030.600  1567083.600  1567209.600  1567347.600  1567431.600
   495:  1567450.600  1567476.600  1567523.600  1567580.600  1567625.600
   500:  1567635.600  1567650.600  1568261.600  1568297.600  1568608.600
   505:  1568949.600  1568991.600  1569011.600  1569342.600  1569353.600
   510:  1569361.600  1569399.600  1569416.600  1569474.600  1569478.600
   515:  1569685.600  1569716.600  1569888.600  1569900.600  1569920.600
   520:  1569937.600  1569956.600  1570002.600  1570082.600  1570391.600
   525:  1570434.600  1570544.600  1571311.600  1571317.600  1572613.600
   530:  1575571.600  1576292.600  1576850.600  1577260.600  1577277.600
   535:  1577284.600  1588852.600  1593652.600  1593705.600  1593793.600
   540:  1593807.600  1688131.600  1693633.600  1699187.600  1707184.600
   545:  1707919.600  1708841.600  1708899.600  1720038.600  1722075.600
   550:  1722171.600  1722328.600  1722418.600  1722438.600  1722446.600
   555:  1722470.600  1722473.600  1722610.600  1722624.600  1722649.600
   560:  1722661.600  1723005.600  1723961.600  1724089.600  1736639.600
   565:  1737048.600  1737162.600  1775631.600  1791634.600  1792270.600
   570:  1813862.600  1813899.600  1814716.600  1815155.600  1839225.600
   575:  1839827.600  1840650.600  1849090.600  1851291.600  1851765.600
   580:  1852151.600  1852174.600  1852185.600  1852195.600  1852266.600
   585:  1852271.600  1852845.600  1855924.600  1856029.600  1856101.600
   590:  1856139.600  1856200.600  1856241.600  1856265.600  1856283.600
   595:  1856306.600  1856535.600  1856555.600  1856579.600  1856594.600
   600:  1856646.600  1857426.600  1857485.600  1857889.600  1858103.600
   605:  1859450.600  1861323.600  1861340.600  1861489.600  1861819.600
   610:  1862379.600  1862472.600  1871665.600  1873678.600  1873726.600
   615:  1873779.600  1873858.600  1873928.600  1873964.600  1874049.600
   620:  1874605.600  1881347.600  1888298.600  1888429.600  1888513.600
   625:  1936270.600  1945154.600  1953723.600  1970413.600  1977388.600
   630:  1979107.600  1980057.600  1980553.600  1980587.600  2006656.600
   635:  2007130.600  2015823.600  2019112.600  2019254.600  2019290.600
   640:  2019355.600  2019405.600  2022860.600  2023714.600  2026075.600
   645:  2027347.600  2082294.600  2091388.650  2091474.650  2091540.650
   650:  2096297.650  2097692.650  2100887.650  2114169.650  2114240.650
   655:  2114281.650  2114464.650  2114872.650  2116269.650  2155767.650
   660:  2179559.650  2179613.650  2179860.650  2180077.650  2183180.650
   665:  2184338.400  2184383.410  2184432.410  2184462.610  2184477.410
   670:  2184526.410  2184571.410  2184620.410  2184665.410  2184714.410
   675:  2184759.410  2184764.420  2189784.600  2190002.600  2190048.600
   680:  2190080.600  2190121.600  2190191.600  2190221.600  2190232.600
   685:  2190247.600  2190313.600  2190523.600  2190533.600  2190565.600
   690:  2190616.600  2190630.600  2190642.600  2190674.600  2190686.600
   695:  2190755.600  2190782.600  2190813.600  2190833.600  2190962.600
   700:  2190979.600  2196733.600  2196748.600  2196760.600  2198873.600
   705:  2199206.600  2199305.600  2201930.600  2201958.600  2203663.600
   710:  2203713.600  2209358.600  2216154.600  2224409.600  2225874.600
   715:  2226024.600  2227176.200  2227301.600  2227363.600  2227422.600
   720:  2228274.600  2240124.600  2240274.600  2240476.600  2241608.600
   725:  2241715.600  2242459.600  2242585.600  2242592.600  2243265.600
   730:  2243373.600  2244605.600  2244637.600  2245108.600  2247400.600
   735:  2258098.600  2258529.600  2258545.600  2298514.600  2299247.600
   740:  2299627.600  2301044.600  2301905.600  2316625.600  2319480.600
   745:  2359881.600  2372015.600  2372021.600  2400972.600  2402016.600
   750:  2405182.600  2405215.600  2405221.600  2405726.600  2410864.600
   755:  2411709.600  2415183.600  2419624.600  2422971.600  2425250.600
   760:  2425451.600  2432889.600  2433440.600  2439715.600  2439935.600
   765:  2442809.600  2445484.600  2445745.600  2446211.600  2447139.600
   770:  2447466.600  2447539.600  2447586.600  2447712.600  2468672.650
   775:  2481501.650  2481809.650  2487923.650  2488104.650  2488168.650
   780:  2496315.650  2503335.650  2504034.650  2505414.650  2505686.650
   785:  2516863.650  2517191.650  2518565.650  2519739.650  2520642.650
   790:  2521040.650  2534006.650  2534110.650  2534137.650  2539692.650
   795:  2542159.650  2545369.400  2545414.410  2545438.610  2545463.410
   800:  2545508.410  2545557.410  2545602.410  2545651.410  2545696.410
   805:  2545745.410  2545790.410  2545795.420  2547391.600  2547401.600
   810:  2547452.600  2547456.600  2547464.600  2547495.600  2547503.600
   815:  2547507.600  2547527.600  2547535.600  2547554.600  2547578.600
   820:  2547592.600  2547606.600  2547611.600  2547645.600  2547655.600
   825:  2547662.600  2547897.600  2547935.600  2547944.600  2547958.600
   830:  2547969.600  2547979.600  2547986.600  2548016.600  2548033.600
   835:  2548061.600  2548154.600  2548171.600  2548194.600  2548216.600
   840:  2548234.600  2548784.600  2548813.600  2548855.600  2548885.600
   845:  2548914.600  2548936.600  2548947.600  2548967.600  2549020.600
   850:  2549022.600  2549042.600  2549054.600  2549134.600  2549148.600
   855:  2549186.600  2550239.600  2550305.600  2550404.600  2550454.600
   860:  2550515.600  2550531.600  2550561.600  2550592.600  2550613.600
   865:  2550666.600  2550729.600  2550800.600  2550828.600  2550891.600
   870:  2550895.600  2551376.600  2551393.600  2551414.600  2551503.600
   875:  2551535.600  2551552.600  2551570.600  2551591.600  2551631.600
   880:  2557165.600  2558588.600  2565961.600  2565976.600  2566467.600
   885:  2582217.600  2582545.600  2582625.600  2583875.600  2583941.600
   890:  2584062.600  2584168.600  2605603.600  2626261.600  2626574.600
   895:  2628040.600  2629157.600  2629225.600  2634846.600  2667699.600
   900:  2668056.600  2724949.600  2725090.600  2726528.600  2727650.600
   905:  2727851.600  2735186.600  2735430.600  2735481.600  2736451.600
   910:  2764817.600  2764822.600  2765154.600  2765293.600  2773459.600
   915:  2773620.600  2777274.600  2777368.600  2777481.600  2786585.600
   920:  2792814.600  2793084.600  2820063.600  2823518.600  2823739.600
   925:  2827218.600  2829294.600  2831403.600  2832785.600  2832805.600
   930:  2833750.600  2838333.600  2838465.600  2838483.600  2840461.650
   935:  2840913.650  2847678.650  2856632.650  2856803.650  2862471.650
   940:  2878690.650  2878756.650  2878868.650  2896991.650  2897743.650
   945:  2902484.650  2903706.650  2903774.650  2904509.650  2908909.650
   950:  2917289.650  2920449.650  2935294.400  2935339.410  2935388.410
   955:  2935431.610  2935433.410  2935482.410  2935527.410  2935576.410
   960:  2935621.410  2935670.410  2935715.410  2935720.420  2937110.600
   965:  2938598.600  2938602.600  2938620.600  2938642.600  2938659.600
   970:  2938703.600  2938725.600  2938752.600  2938776.600  2938789.600
   975:  2938805.600  2938830.600  2938845.600  2938979.600  2939009.600
   980:  2939025.600  2939054.600  2939075.600  2939092.600  2939125.600
   985:  2939137.600  2939170.600  2939207.600  2939249.600  2939294.600
   990:  2939324.600  2939346.600  2939403.600  2939421.600  2939486.600
   995:  2939507.600  2939523.600  2939552.600  2939687.600  2939703.600
  1000:  2939712.600  2939728.600  2939740.600  2939764.600  2944814.600
  1005:  2946599.600  2947309.600  3000213.600  3004025.600  3008013.600
  1010:  3018282.600  3018512.600  3019625.600  3036528.600  3048988.600
  1015:  3049009.600  3089304.600  3089551.600  3090973.600  3093933.600
  1020:  3097311.600  3100303.600  3103885.600  3111480.600  3121638.600
  1025:  3123354.600  3129230.600  3132953.600  3142682.600  3143104.600
  1030:  3145907.600  3154621.600  3156448.600  3169293.600  3169312.600
  1035:  3172436.600  3172552.600  3172801.600  3174237.600  3174282.600
  1040:  3174349.600  3174801.600  3174965.600  3175278.600  3175455.600
  1045:  3175477.600  3175479.600  3177249.600  3177254.600  3208840.600
  1050:  3208852.600  3209054.600  3215868.600  3216838.600  3239888.600
  1055:  3269659.600  3270747.600  3284573.600  3304913.600  3304965.600
  1060:  3348021.600  3352096.600  3370512.600  3371107.600  3374013.600
  1065:  3375893.600  3389990.650  3390010.650  3422341.650  3422360.650
  1070:  3422551.650  3426279.650  3427158.650  3427217.650  3429577.650
  1075:  3430703.650  3432426.650  3433485.650  3433498.650  3433764.650
  1080:  3433789.650  3434222.650  3434234.650  3434245.650  3434284.650
  1085:  3434321.650  3434344.650  3434397.650  3436799.650  3436802.650
  1090:  3438480.650  3438485.650  3439095.650  3442131.650  3442322.650
  1095:  3442913.650  3445372.650  3460514.650  3460676.650  3460799.650
  1100:  3469998.650  3470457.650  3472981.650  3473226.650  3473397.650
  1105:  3473426.650  3473462.650  3473481.650  3473979.650  3482687.650
  1110:  3482792.650  3483220.400  3483265.410  3483271.610  3483314.410
  1115:  3483359.410  3483408.410  3483453.410  3483502.410  3483547.410
  1120:  3483596.410  3483641.410  3483646.420  3486712.600  3486769.600
  1125:  3486866.600  3488193.600  3488447.600  3488538.600  3488576.600
  1130:  3488770.600  3488822.600  3504988.600  3507459.600  3508556.600
  1135:  3509315.600  3514320.600  3514821.600  3515652.600  3515656.600
  1140:  3526760.600  3527406.600  3530932.600  3531170.600  3536808.600
  1145:  3543654.600  3567883.600  3569737.600  3570387.600  3581083.600
  1150:  3582663.600  3582684.600  3589345.600  3598245.600  3603597.600
  1155:  3604339.600  3611735.600  3619653.600  3620712.600  3624371.600
  1160:  3624469.600  3624662.600  3624667.600  3624709.600  3624752.600
  1165:  3624875.600  3625492.600  3644565.600  3645850.600  3650771.600
  1170:  3651742.600  3659219.600  3659448.600  3659455.600  3660383.600
  1175:  3671571.600  3674637.600  3675572.600  3679397.600  3690056.600
  1180:  3690106.600  3690414.600  3691182.600  3693567.600  3696141.600
  1185:  3703764.600  3703774.600  3715226.600  3723189.600  3723333.600
  1190:  3723364.600  3724821.600  3725416.600  3725644.600  3725921.600
  1195:  3744838.600  3744877.600  3748533.600  3752404.600  3768390.600
  1200:  3768837.600  3770660.600  3787097.600  3787126.600  3788001.600
  1205:  3797902.600  3846131.600  3847875.600  3849960.600  3973957.600
  1210:  3974970.600  3975742.600  3975798.600  3988546.600  3988741.600
  1215:  3989340.600  3990495.600  3991915.600  3992134.600  4001602.600
  1220:  4003343.600  4003483.600  4003925.600  4005066.600  4005119.600
  1225:  4005524.600  4014628.600  4041533.600  4041613.600  4044277.600
  1230:  4044306.600  4044504.600  4044583.600  4056088.600  4056767.600
  1235:  4064579.600  4064702.600  4070886.600  4071002.600  4071548.600
  1240:  4076443.600  4077938.600  4088411.600  4090589.600  4090659.600
  1245:  4091110.600  4091296.600  4098273.600  4100385.600  4100420.600
  1250:  4100485.600  4100655.600  4100672.600  4102318.200  4102427.200
  1255:  4103010.200  4103198.200  4103233.600  4103239.200  4103896.600
  1260:  4104255.600  4104260.600  4104264.600  4105795.600  4124864.600
  1265:  4142960.600  4144875.600  4144914.600  4145159.600  4147731.600
  1270:  4149226.600  4156004.600  4156985.600  4160323.600  4163766.600
  1275:  4171513.600  4173435.600  4173826.600  4183622.600  4185403.600
  1280:  4195065.600  4195115.600  4195306.600  4222303.600  4232622.600
  1285:  4232655.600  4237788.600  4238450.600  4241096.600  4248506.600
  1290:  4261859.600  4263998.600  4297702.600  4300126.600  4306589.600
  1295:  4306984.600  4307044.600  4307213.600  4315124.600  4316392.600
  1300:  4322622.600  4322640.600  4322720.600  4323834.999
E:
     0:        5.200       16.300       28.800       43.200       59.900
     5:       80.100      105.300      139.300      191.600      330.300
F:
     0:        0.000        0.000        0.000        0.000        0.000
     5:        0.000
L:
     0:       80.000      157.000       90.000       99.000       83.000
     5:      123.000       68.000      136.000       50.000
M:
     0:        0.000        0.000        0.000        0.000        0.000
     5:        0.000
