File: C:\MED-PC IV\DATA\!2023-03-03_19h13m.Subject DF26


Start Date: 03/03/23
End Date: 03/04/23
Subject: DF26
Experiment: delayed_acquisition
Group: 1
Box: 6
Start Time: 19:13:57
End Time:  7:26:27
MSN: Delayed_AcquisitionYoked2_w_magmacro
G:       0.000
H:       0.000
I:       0.000
J:       0.000
K:       0.000
N:       0.000
O:       0.000
P:       0.000
Q:       0.000
R:       0.000
S:       0.000
T:       0.000
U:       0.000
V:       0.000
W:       0.000
X:      -1.000
Y:       0.000
Z:       0.000
A:
     0:        2.000       60.000  4320000.000        1.000        0.000
     5:        1.000    96000.000        1.000       10.000        0.000
    10:        0.000        0.000        0.000        0.000        0.000
    15:        0.000        0.000        0.000        0.000        0.000
    20:        0.000        0.000        0.000        0.000        0.000
    25:        0.000        0.000        0.000        0.000        0.000
    30:        0.000        0.000        0.000        0.000        0.000
    35:        0.000        0.000        0.000        0.000        0.000
    40:        0.000        0.000        0.000        0.000        0.000
    45:        0.000        0.000        0.000        0.000        0.000
    50:        0.000        0.000        0.000        0.000        0.000
    55:        0.000        0.000        0.000        0.000        0.000
    60:        0.000        0.000        0.000        0.000        0.000
    65:        0.000        0.000        0.000        0.000        0.000
    70:        0.000        0.000        0.000        0.000        0.000
    75:        0.000        0.000        0.000        0.000        0.000
    80:        0.000        0.000        0.000        0.000        0.000
    85:        0.000        0.000        0.000        0.000        0.000
    90:        0.000        0.000        0.000        0.000        0.000
    95:        0.000        0.000        0.000        0.000        0.000
   100:        0.000
B:
     0:  4320000.000  4322556.000        1.000       17.000        0.000
     5:        0.000        0.000        6.000      448.000      527.000
    10:        0.000      371.000        6.000        3.000       62.000
    15:        0.000        6.000        0.000        0.000        0.000
    20:        0.000        0.000        0.000        0.000        0.000
    25:        0.000        0.000        0.000        0.000        0.000
    30:        2.042        0.000        0.000       60.000        0.000
    35:        0.000        0.000        0.000        0.000        0.000
    40:        0.000        0.000        0.000        0.000        0.000
    45:        0.000        0.000        0.000        0.000        0.000
    50:        0.000        0.000        0.000        0.000        0.000
    55:        0.000        0.000        0.000        0.000        0.000
    60:        0.000        0.000        0.000        0.000        0.000
    65:        0.000        0.000        0.000        0.000        0.000
    70:        0.000        0.000        0.000        0.000        0.000
    75:        0.000        0.000        0.000        0.000        0.000
    80:        0.000        0.000        0.000        0.000        0.000
    85:        0.000        0.000        0.000        0.000        0.000
    90:        0.000        0.000        0.000        0.000        0.000
    95:        0.000        0.000        0.000        0.000        0.000
   100:        0.000
C:
     0:      157.300      213.300      254.300   102758.200   102758.200
     5:   102758.200   102758.200   102758.200   102758.200   102758.200
    10:   102758.200   102758.200   102758.200   103946.300   103980.300
    15:   103987.300   103999.300   104024.300   104041.300   104062.300
    20:   104082.300   104107.300   104135.300   104148.300   104181.300
    25:   104201.300   104267.300   104347.300   104368.300   104394.300
    30:   105379.300   106630.300   106753.300   107003.300   107142.300
    35:   107160.300   107173.300   107183.300   107250.300   107258.300
    40:   107416.300   107426.300   107447.300   107454.300   107557.300
    45:   107578.300   107645.300   107712.300   107831.300   108026.300
    50:   108220.300   108296.300   108387.300   108442.300   108503.300
    55:   108843.300   108996.300   109146.300   109151.300   118722.300
    60:   119371.300   126535.300   135391.300   135445.300   139736.300
    65:   146612.300   194057.300   199149.300   216205.300   216398.300
    70:   222902.300   246232.300   257004.300   272146.300   278142.300
    75:   281045.300   297454.300   315933.300   325870.300   327235.300
    80:   339975.100   343086.300   366439.300   382720.300   388088.300
    85:   392978.300   393078.300   404078.300   404109.300   438789.300
    90:   469731.300   472974.300   475548.300   478538.300   478632.300
    95:   482753.300   487329.300   487363.300   490670.300   490949.300
   100:   494852.300   615884.200   615884.200   615884.200   615884.200
   105:   615884.200   615884.200   615884.200   615884.200   615884.200
   110:   615884.200   619836.300   619914.300   620058.300   620147.300
   115:   620174.300   620223.300   620245.300   620271.300   620289.300
   120:   620293.300   620323.300   620332.300   620336.300   620359.300
   125:   620383.300   620404.300   620427.300   620571.300   620597.300
   130:   620644.300   620652.300   620660.300   620712.300   620720.300
   135:   620790.300   620807.300   621302.300   621785.300   622530.300
   140:   626469.300   632333.300   635233.100   635578.300   635699.300
   145:   639031.300   646456.300   646553.300   656624.300   657173.300
   150:   730601.300   730827.300   732277.100   732290.100   816699.300
   155:   826886.300   840112.300   854452.300   854461.300   860034.300
   160:   860097.300   874501.300   881947.300   900257.300   905066.300
   165:   930435.300   965134.300   969278.300   971658.300   980607.300
   170:  1034738.300  1037846.300  1061910.300  1062040.300  1089654.300
   175:  1102898.300  1203972.200  1203972.200  1203972.200  1203972.200
   180:  1203972.200  1203972.200  1203972.200  1203972.200  1203972.200
   185:  1203972.200  1208520.300  1208570.300  1208581.300  1208678.300
   190:  1209363.300  1209385.300  1209535.300  1209797.300  1209933.300
   195:  1210360.300  1210609.300  1210629.300  1210638.300  1210894.300
   200:  1213328.300  1216559.300  1219647.300  1225112.300  1225233.300
   205:  1236815.300  1267383.300  1298212.300  1303182.300  1355276.300
   210:  1361210.300  1389064.300  1410047.300  1410080.300  1423044.300
   215:  1423295.300  1435866.300  1558244.300  1563776.300  1563830.300
   220:  1571304.300  1571307.300  1579395.100  1579872.300  1579892.300
   225:  1580005.300  1580036.300  1585940.300  1588897.100  1621422.300
   230:  1628469.100  1631947.300  1693888.300  1709427.300  1709565.300
   235:  1713122.100  1857719.300  1994239.200  1994239.200  1994239.200
   240:  1994239.200  1994239.200  1994239.200  1994239.200  1994239.200
   245:  1994239.200  1994239.200  1998792.300  1998830.300  1999012.300
   250:  1999014.300  1999028.300  1999381.300  1999463.300  1999502.300
   255:  1999948.300  1999964.300  2000462.300  2000475.300  2018791.300
   260:  2018970.300  2127928.300  2156316.300  2166688.300  2182831.100
   265:  2253087.300  2258469.300  2265793.300  2265913.300  2266381.300
   270:  2706281.300  2706565.300  2712336.300  2714868.300  2715141.300
   275:  2715349.300  2715847.300  2715893.300  2759001.300  2759006.300
   280:  2759028.300  2759249.300  2762176.300  2762384.300  2768359.100
   285:  2773356.300  2773448.300  2773635.300  2773968.300  2777376.300
   290:  2777404.300  2782832.300  2787660.100  2788006.300  2792479.300
   295:  2792879.300  2903057.300  2903098.300  2910182.300  2924885.300
   300:  2932651.100  2932871.300  2933120.300  2933291.300  2933456.300
   305:  2933474.300  2933537.300  2950669.300  2976184.100  2980421.300
   310:  2980637.300  2992776.100  2993434.100  3002171.300  3304106.300
   315:  3520241.200  3520241.200  3520241.200  3520241.200  3520241.200
   320:  3520241.200  3520241.200  3520241.200  3520241.200  3520241.200
   325:  3520704.300  3520724.300  3520761.300  3520784.300  3520802.300
   330:  3520832.300  3520856.300  3520879.300  3520902.300  3520922.300
   335:  3520937.300  3520959.300  3520982.300  3521004.300  3521031.300
   340:  3521053.300  3521077.300  3521097.300  3521120.300  3521144.300
   345:  3521164.300  3521188.300  3521208.300  3521231.300  3521251.300
   350:  3521273.300  3521293.300  3521317.300  3521336.300  3521359.300
   355:  3521380.300  3521398.300  3521415.300  3521436.300  3521477.300
   360:  3521497.300  3521519.300  3521542.300  3521564.300  3521586.300
   365:  3521605.300  3521625.300  3521649.300  3521671.300  3521709.300
   370:  3521873.300  3521956.300  3521975.300  3522625.300  3522668.300
   375:  3522682.300  3522701.300  3522720.300  3522737.300  3522751.300
   380:  3522756.300  3522775.300  3522801.300  3522816.300  3522835.300
   385:  3522853.300  3522873.300  3522890.300  3522910.300  3522919.300
   390:  3522929.300  3522945.300  3522988.300  3523034.300  3523054.300
   395:  3523080.300  3523094.300  3523107.300  3523112.300  3523131.300
   400:  3523150.300  3523168.300  3523183.300  3523204.300  3523259.300
   405:  3523275.300  3523353.300  3523359.300  3523376.300  3523467.300
   410:  3523474.300  3528048.300  3528066.300  3540181.300  3540197.300
   415:  3550061.300  3736668.200  3736668.200  3736668.200  3736668.200
   420:  3736668.200  3736668.200  3736668.200  3736668.200  3736668.200
   425:  3736668.200  3737404.300  3737420.300  3737437.300  3737455.300
   430:  3737475.300  3737522.300  3737553.300  3739941.300  3740322.300
   435:  3740456.300  3740466.300  3740486.300  3740539.300  3740607.300
   440:  3742241.300  3742356.300  3743509.300  3760130.100  3760157.100
   445:  4253706.300  4265312.300  4265365.300
D:
     0:        0.111      157.600      213.600      254.600     8896.650
     5:     9007.650    12896.250    13257.250    13685.650    13722.650
    10:    17372.650    17512.650    19418.650    19770.650    19917.650
    15:    25183.650    25380.650    28497.650    28539.650    28633.650
    20:    39267.650    39343.650    43823.650    44590.250    44946.650
    25:    47035.650    47098.650    47139.650    53109.650    53227.650
    30:    68267.650    73283.650    78125.650    81630.650    81691.650
    35:    88798.650    88870.650    88902.650    89252.650    89475.650
    40:    89600.650    89674.650    96577.650   102758.400   102803.410
    45:   102852.410   102897.410   102921.610   102946.410   102991.410
    50:   103040.410   103085.410   103134.410   103179.410   103184.420
    55:   104372.600   104406.600   104413.600   104425.600   104450.600
    60:   104467.600   104488.600   104508.600   104533.600   104561.600
    65:   104574.600   104607.600   104627.600   104693.600   104773.600
    70:   104794.600   104820.600   105805.600   107056.600   107179.600
    75:   107429.600   107568.600   107586.600   107599.600   107609.600
    80:   107676.600   107684.600   107842.600   107852.600   107873.600
    85:   107880.600   107983.600   108004.600   108071.600   108138.600
    90:   108257.600   108452.600   108646.600   108722.600   108813.600
    95:   108868.600   108929.600   109269.600   109422.600   109572.600
   100:   109577.600   119148.600   119797.600   126961.600   135817.600
   105:   135871.600   140162.600   147038.600   194483.600   199575.600
   110:   216631.600   216824.600   223328.600   246658.600   257430.600
   115:   272572.600   278568.600   281471.600   297880.600   316359.600
   120:   326296.600   327661.600   340401.200   343512.600   366865.600
   125:   383146.600   388514.600   393404.600   393504.600   404504.600
   130:   404535.600   439215.600   470157.600   473400.600   475974.600
   135:   478964.600   479058.600   483179.600   487755.600   487789.600
   140:   491096.600   491375.600   495278.600   550592.650   550626.650
   145:   550869.650   553952.650   559764.650   594744.650   599062.650
   150:   616310.400   616355.410   616404.410   616418.610   616449.410
   155:   616498.410   616543.410   616592.410   616637.410   616686.410
   160:   616731.410   616736.420   620688.600   620766.600   620910.600
   165:   620999.600   621026.600   621075.600   621097.600   621123.600
   170:   621141.600   621145.600   621175.600   621184.600   621188.600
   175:   621211.600   621235.600   621256.600   621279.600   621423.600
   180:   621449.600   621496.600   621504.600   621512.600   621564.600
   185:   621572.600   621642.600   621659.600   622154.600   622637.600
   190:   623382.600   627321.600   633185.600   636085.200   636430.600
   195:   636551.600   639883.600   647308.600   647405.600   657476.600
   200:   658025.600   731453.600   731679.600   733129.200   733142.200
   205:   817551.600   827738.600   840964.600   855304.600   855313.600
   210:   860886.600   860949.600   875353.600   882799.600   901109.600
   215:   905918.600   931287.600   965986.600   970130.600   972510.600
   220:   981459.600  1035590.600  1038698.600  1062762.600  1062892.600
   225:  1090506.600  1103750.600  1146709.650  1147218.650  1150296.650
   230:  1152276.650  1160414.650  1164050.650  1164080.650  1166307.650
   235:  1166415.650  1166781.650  1175132.650  1175217.650  1204824.400
   240:  1204869.410  1204918.410  1204963.410  1204986.610  1205012.410
   245:  1205057.410  1205106.410  1205151.410  1205200.410  1205245.410
   250:  1205250.420  1209798.600  1209848.600  1209859.600  1209956.600
   255:  1210641.600  1210663.600  1210813.600  1211075.600  1211211.600
   260:  1211638.600  1211887.600  1211907.600  1211916.600  1212172.600
   265:  1214606.600  1217837.600  1220925.600  1226390.600  1226511.600
   270:  1238093.600  1268661.600  1299490.600  1304460.600  1356554.600
   275:  1362488.600  1390342.600  1411325.600  1411358.600  1424322.600
   280:  1424573.600  1437144.600  1559522.600  1565054.600  1565108.600
   285:  1572582.600  1572585.600  1580673.200  1581150.600  1581170.600
   290:  1581283.600  1581314.600  1587218.600  1590175.200  1622700.600
   295:  1629747.200  1633225.600  1695166.600  1710705.600  1710843.600
   300:  1714400.200  1858997.600  1904187.650  1905589.650  1905616.650
   305:  1909157.650  1909432.650  1981805.650  1987852.650  1995517.400
   310:  1995562.410  1995611.410  1995656.410  1995701.610  1995705.410
   315:  1995750.410  1995799.410  1995844.410  1995893.410  1995938.410
   320:  1995943.420  2000496.600  2000534.600  2000716.600  2000718.600
   325:  2000732.600  2001085.600  2001167.600  2001206.600  2001652.600
   330:  2001668.600  2002166.600  2002179.600  2020495.600  2020674.600
   335:  2129632.600  2158020.600  2168392.600  2184535.200  2254791.600
   340:  2260173.600  2267497.600  2267617.600  2268085.600  2707985.600
   345:  2708269.600  2714040.600  2716572.600  2716845.600  2717053.600
   350:  2717551.600  2717597.600  2760705.600  2760710.600  2760732.600
   355:  2760953.600  2763880.600  2764088.600  2770063.200  2775060.600
   360:  2775152.600  2775339.600  2775672.600  2779080.600  2779108.600
   365:  2784536.600  2789364.200  2789710.600  2794183.600  2794583.600
   370:  2904761.600  2904802.600  2911886.600  2926589.600  2934355.200
   375:  2934575.600  2934824.600  2934995.600  2935160.600  2935178.600
   380:  2935241.600  2952373.600  2977888.200  2982125.600  2982341.600
   385:  2994480.200  2995138.200  3003875.600  3305810.600  3521945.400
   390:  3521990.410  3522039.410  3522084.410  3522133.410  3522178.410
   395:  3522227.410  3522234.610  3522272.410  3522321.410  3522366.410
   400:  3522371.420  3522834.600  3522854.600  3522891.600  3522914.600
   405:  3522932.600  3522962.600  3522986.600  3523009.600  3523032.600
   410:  3523052.600  3523067.600  3523089.600  3523112.600  3523134.600
   415:  3523161.600  3523183.600  3523207.600  3523227.600  3523250.600
   420:  3523274.600  3523294.600  3523318.600  3523338.600  3523361.600
   425:  3523381.600  3523403.600  3523423.600  3523447.600  3523466.600
   430:  3523489.600  3523510.600  3523528.600  3523545.600  3523566.600
   435:  3523607.600  3523627.600  3523649.600  3523672.600  3523694.600
   440:  3523716.600  3523735.600  3523755.600  3523779.600  3523801.600
   445:  3523839.600  3524003.600  3524086.600  3524105.600  3524755.600
   450:  3524798.600  3524812.600  3524831.600  3524850.600  3524867.600
   455:  3524881.600  3524886.600  3524905.600  3524931.600  3524946.600
   460:  3524965.600  3524983.600  3525003.600  3525020.600  3525040.600
   465:  3525049.600  3525059.600  3525075.600  3525118.600  3525164.600
   470:  3525184.600  3525210.600  3525224.600  3525237.600  3525242.600
   475:  3525261.600  3525280.600  3525298.600  3525313.600  3525334.600
   480:  3525389.600  3525405.600  3525483.600  3525489.600  3525506.600
   485:  3525597.600  3525604.600  3530178.600  3530196.600  3542311.600
   490:  3542327.600  3552191.600  3738798.400  3738843.410  3738892.410
   495:  3738937.410  3738986.410  3739031.410  3739080.410  3739123.610
   500:  3739125.410  3739174.410  3739219.410  3739224.420  3739960.600
   505:  3739976.600  3739993.600  3740011.600  3740031.600  3740078.600
   510:  3740109.600  3742497.600  3742878.600  3743012.600  3743022.600
   515:  3743042.600  3743095.600  3743163.600  3744797.600  3744912.600
   520:  3746065.600  3762686.200  3762713.200  4256262.600  4267868.600
   525:  4267921.600  4322556.999
E:
     0:        5.200       16.300       28.800       43.200       59.900
     5:       80.100      105.300      139.300      191.600      330.300
F:
     0:        0.000        0.000        0.000        0.000        0.000
     5:        0.000
L:
     0:      162.000      107.000      161.000      183.000      288.000
     5:      324.000
M:
     0:        0.000        0.000        0.000        0.000        0.000
     5:        0.000
