File: C:\MED-PC IV\DATA\!2023-03-03_19h13m.Subject DF25


Start Date: 03/03/23
End Date: 03/04/23
Subject: DF25
Experiment: delayed_acquisition
Group: 1
Box: 5
Start Time: 19:13:57
End Time:  7:26:27
MSN: Delayed_AcquisitionYoked2_w_magmacro
G:       0.000
H:       0.000
I:       0.000
J:       0.000
K:       0.000
N:       0.000
O:       0.000
P:       0.000
Q:       0.000
R:       0.000
S:       0.000
T:       0.000
U:       0.000
V:       0.000
W:       0.000
X:      -3.000
Y:       0.000
Z:       0.000
A:
     0:        2.000       60.000  4320000.000        2.000        0.000
     5:        1.000    96000.000        1.000       10.000        0.000
    10:        0.000        0.000        0.000        0.000        0.000
    15:        0.000        0.000        0.000        0.000        0.000
    20:        0.000        0.000        0.000        0.000        0.000
    25:        0.000        0.000        0.000        0.000        0.000
    30:        0.000        0.000        0.000        0.000        0.000
    35:        0.000        0.000        0.000        0.000        0.000
    40:        0.000        0.000        0.000        0.000        0.000
    45:        0.000        0.000        0.000        0.000        0.000
    50:        0.000        0.000        0.000        0.000        0.000
    55:        0.000        0.000        0.000        0.000        0.000
    60:        0.000        0.000        0.000        0.000        0.000
    65:        0.000        0.000        0.000        0.000        0.000
    70:        0.000        0.000        0.000        0.000        0.000
    75:        0.000        0.000        0.000        0.000        0.000
    80:        0.000        0.000        0.000        0.000        0.000
    85:        0.000        0.000        0.000        0.000        0.000
    90:        0.000        0.000        0.000        0.000        0.000
    95:        0.000        0.000        0.000        0.000        0.000
   100:        0.000
B:
     0:  4320000.000  4322556.000        1.000       21.000        0.000
     5:        0.000        0.000        6.000      672.000      725.000
    10:        0.000      591.000        7.000        4.000       34.000
    15:        0.000        6.000        0.000        0.000        0.000
    20:        0.000        0.000        0.000        0.000        0.000
    25:        0.000        0.000        0.000        0.000        0.000
    30:        1.332        0.000        0.000       60.000        0.000
    35:        0.000        0.000        0.000        0.000        0.000
    40:        0.000        0.000        0.000        0.000        0.000
    45:        0.000        0.000        0.000        0.000        0.000
    50:        0.000        0.000        0.000        0.000        0.000
    55:        0.000        0.000        0.000        0.000        0.000
    60:        0.000        0.000        0.000        0.000        0.000
    65:        0.000        0.000        0.000        0.000        0.000
    70:        0.000        0.000        0.000        0.000        0.000
    75:        0.000        0.000        0.000        0.000        0.000
    80:        0.000        0.000        0.000        0.000        0.000
    85:        0.000        0.000        0.000        0.000        0.000
    90:        0.000        0.000        0.000        0.000        0.000
    95:        0.000        0.000        0.000        0.000        0.000
   100:        0.000
C:
     0:     4403.300     4482.300     4491.300     7302.300     7580.300
     5:   112962.200   112962.200   112962.200   112962.200   112962.200
    10:   112962.200   112962.200   112962.200   112962.200   112962.200
    15:   113445.300   117080.300   117513.300   117627.300   117683.300
    20:   117959.300   117971.300   118332.300   118336.300   118347.300
    25:   118366.300   118375.300   118378.300   118391.300   118415.300
    30:   118535.300   119100.300   120767.300   121061.300   124810.300
    35:   124915.300   125012.300   141882.300   141888.300   141972.300
    40:   141984.300   142005.300   142100.300   142362.300   142398.300
    45:   160376.300   163888.300   167987.300   168024.300   168057.300
    50:   168151.300   168257.300   168260.300   183430.300   185245.100
    55:   191235.300   191724.300   191953.300   256047.300   275304.300
    60:   301774.300   301809.300   301939.300   302212.300   312364.300
    65:   318284.300   327794.300   353393.300   382128.300   382447.300
    70:   393632.300   393640.300   408748.300   415352.100   417457.300
    75:   421103.300   421147.300   421189.300   425350.300   425526.300
    80:   425905.300   532837.200   532837.200   532837.200   532837.200
    85:   532837.200   532837.200   532837.200   532837.200   532837.200
    90:   532837.200   533596.300   533837.300   533873.300   533896.300
    95:   533918.300   534030.300   537148.300   537222.300   537845.300
   100:   538218.300   541818.300   642190.200   642190.200   642190.200
   105:   642190.200   642190.200   642190.200   642190.200   642190.200
   110:   642190.200   642190.200   646670.300   646699.300   646706.300
   115:   646787.300   647223.300   648175.300   753356.300   757983.300
   120:   762841.300   765436.300   773849.300   812739.300   841278.300
   125:   879416.300   879515.300   891361.300   900593.300   900725.300
   130:   903527.300   903616.300   921032.100   995708.300  1002804.300
   135:  1140854.100  1143570.300  1143760.300  1144003.300  1144232.300
   140:  1144337.300  1144348.300  1144406.300  1144526.300  1144603.300
   145:  1150585.300  1150624.300  1159763.300  1159849.300  1179335.300
   150:  1202416.300  1213011.300  1231935.300  1232071.300  1232099.300
   155:  1232158.300  1232226.300  1232639.300  1233122.300  1235379.300
   160:  1235557.300  1243338.300  1306427.300  1343599.300  1343674.300
   165:  1406198.300  1424698.300  1425124.300  1425788.100  1447817.300
   170:  1679418.200  1679418.200  1679418.200  1679418.200  1679418.200
   175:  1679418.200  1679418.200  1679418.200  1679418.200  1679418.200
   180:  1679642.300  1679667.300  1679693.300  1679714.300  1679739.300
   185:  1679763.300  1679788.300  1679815.300  1679838.300  1679863.300
   190:  1679888.300  1679904.300  1679931.300  1679950.300  1679975.300
   195:  1680980.300  1680988.300  1681744.300  1682395.300  1682413.300
   200:  1682433.300  1682453.300  1682481.300  1682492.300  1682832.300
   205:  1683561.300  1683576.300  1683673.300  1683706.300  1683766.300
   210:  1683783.300  1683788.300  1683938.300  1684036.300  1685872.300
   215:  1690717.300  1737086.300  1786528.300  1786594.300  1786632.300
   220:  1786705.300  1802251.300  1863317.300  1863369.300  1863519.300
   225:  1864355.300  1864495.300  1920193.100  1934833.300  1934843.300
   230:  1934860.300  1935021.300  1935595.300  1954943.300  1963934.100
   235:  1969339.300  1969568.300  1969688.300  1969867.300  1969972.300
   240:  1970097.300  1970327.300  1970383.300  1970482.300  1975996.300
   245:  1976044.300  2032339.300  2032480.300  2032715.300  2032985.300
   250:  2033096.300  2033129.300  2033165.300  2033585.300  2033923.300
   255:  2034245.300  2034363.300  2034432.300  2034739.300  2034823.300
   260:  2034925.300  2034992.300  2035004.300  2035261.300  2035347.300
   265:  2035865.300  2036395.300  2036599.300  2036605.300  2036765.300
   270:  2036802.300  2036846.300  2036877.300  2037062.300  2037075.300
   275:  2037236.300  2037588.300  2037748.300  2037759.300  2037813.300
   280:  2038252.300  2038398.300  2038404.300  2039634.300  2039820.300
   285:  2040092.300  2040647.300  2040693.300  2040715.300  2041291.300
   290:  2041433.300  2041692.300  2041700.300  2041705.300  2042685.300
   295:  2042878.300  2043049.300  2043174.300  2048596.300  2048652.300
   300:  2048701.300  2049832.300  2049923.300  2049986.300  2050046.300
   305:  2050378.300  2050616.300  2050642.300  2055982.100  2057560.100
   310:  2068834.300  2069170.300  2069731.300  2069897.300  2076834.300
   315:  2082177.300  2082335.300  2090752.300  2114555.300  2114608.300
   320:  2120491.300  2207950.300  2208062.300  2352851.300  2551202.200
   325:  2551202.200  2551202.200  2551202.200  2551202.200  2551202.200
   330:  2551202.200  2551202.200  2551202.200  2551202.200  2553442.300
   335:  2553523.300  2553823.300  2554134.300  2554143.300  2554224.300
   340:  2554348.300  2554860.300  2555034.300  2555309.300  2555378.300
   345:  2556898.300  2556905.300  2557009.300  2561895.300  2564900.300
   350:  2575979.300  2606197.300  2612863.300  2612974.300  2613019.300
   355:  2613076.300  2613351.300  2613368.300  2616960.300  2617238.300
   360:  2620173.100  2653392.300  2653435.300  2653598.300  2653655.300
   365:  2659025.300  2659049.300  2659141.300  2659578.300  2660546.100
   370:  2675208.300  2706435.300  2711787.100  2769533.300  2775975.300
   375:  2776328.300  2776380.300  2777507.300  2777690.300  2777838.300
   380:  2777904.300  2777929.300  2778001.300  2778168.300  2782781.100
   385:  2786444.300  2794667.100  2794806.100  2812374.300  2825543.100
   390:  2830147.100  2831476.300  2831690.300  2836461.300  2837089.300
   395:  3017829.300  3017908.300  3261529.300  3263416.300  3493796.300
   400:  3493806.300  3579129.300  3579169.300  3645735.300  3655644.100
   405:  3662493.300  3662592.300  3662635.300  3662674.300  3663058.300
   410:  3663059.300  3663480.300  3663491.300  3663495.300  3663621.300
   415:  3699476.100  3814202.300  3814381.300  3814502.300  3814549.300
   420:  3861158.100  3865695.300  3883337.300  3883882.300  3884007.300
   425:  3927062.300  3927482.300  4000410.300  4030886.300  4030999.300
   430:  4031999.300  4032552.300  4032912.300  4036917.100  4039470.300
   435:  4039703.300  4039836.300  4039866.300  4040036.300  4149538.200
   440:  4149538.200  4149538.200  4149538.200  4149538.200  4149538.200
   445:  4149538.200  4149538.200  4149538.200  4149538.200  4149667.300
   450:  4149683.300  4149774.300  4149887.300  4150077.300  4150253.300
   455:  4150286.300  4150776.300  4150873.300  4150990.300  4151047.300
   460:  4151245.300  4152013.300  4152027.300  4152118.300  4152297.300
   465:  4152315.300  4152799.300  4152873.300  4153087.300  4153140.300
   470:  4153334.300  4153410.300  4153485.300  4153498.300  4153594.300
   475:  4153884.300  4154303.300  4154334.300  4154373.300  4154510.300
   480:  4154634.300  4154667.300  4155708.300  4155804.300  4155866.300
   485:  4155961.300  4155979.300  4156090.300  4156119.300  4156129.300
   490:  4156325.300  4156406.300  4156470.300  4156754.300  4156770.300
   495:  4156809.300  4157108.300  4157236.300  4157294.300  4157595.300
   500:  4157603.300  4157616.300  4157655.300  4157776.300  4157787.300
   505:  4157798.300  4157969.300  4158002.300  4158212.300  4158259.300
   510:  4158278.300  4158334.300  4158338.300  4158468.300  4158619.300
   515:  4158729.300  4158755.300  4158764.300  4159004.300  4159156.300
   520:  4159803.300  4159821.300  4160116.300  4160161.300  4160314.300
   525:  4160336.300  4160541.300  4161061.300  4161349.300  4161503.300
   530:  4161593.300  4161607.300  4161634.300  4163540.300  4163624.300
   535:  4163651.300  4163677.300  4163686.300  4163839.300  4163844.300
   540:  4163863.300  4164269.300  4164793.300  4165571.300  4165675.300
   545:  4165691.300  4165778.300  4165807.300  4165827.300  4165842.300
   550:  4167100.300  4167210.300  4167242.300  4167420.300  4167509.300
   555:  4167518.300  4167583.300  4167693.300  4167948.300  4168086.300
   560:  4168221.300  4168351.300  4169257.300  4169331.300  4169413.300
   565:  4169424.300  4169470.300  4169514.300  4169529.300  4169607.300
   570:  4169679.300  4169721.300  4169739.300  4169969.300  4169988.300
   575:  4170007.300  4170087.300  4170168.300  4170466.300  4171379.300
   580:  4171448.300  4171618.300  4171676.300  4171765.300  4171840.300
   585:  4171854.300  4171869.300  4172298.300  4172335.300  4172568.300
   590:  4172575.300  4172715.300  4174524.300  4174580.300  4174679.300
   595:  4174708.300  4174712.300  4174767.300  4174891.300  4174947.300
   600:  4174959.300  4175101.300  4175109.300  4177626.300  4177672.300
   605:  4177725.300  4177736.300  4177808.300  4177825.300  4177992.300
   610:  4178011.300  4178103.300  4178115.300  4178128.300  4178330.300
   615:  4178468.300  4178471.300  4178496.300  4178550.300  4178560.300
   620:  4178578.300  4178623.300  4182019.300  4182089.300  4182192.300
   625:  4182232.300  4182290.300  4182329.300  4182341.300  4182555.300
   630:  4187656.300  4187747.300  4187895.300  4195921.300  4195966.300
   635:  4196014.300  4196024.300  4196051.300  4196139.300  4198790.300
   640:  4198866.300  4198902.300  4198932.300  4198955.300  4198998.300
   645:  4199002.300  4199025.300  4199033.300  4199040.300  4199284.300
   650:  4199393.300  4202701.300  4202811.300  4202817.300  4202859.300
   655:  4208473.300  4208745.300  4306241.300  4306331.300  4306393.300
   660:  4306495.300  4307822.300  4307906.300  4308059.300  4308271.300
   665:  4310576.300  4310653.300  4310801.300  4310828.300  4312031.300
   670:  4312146.300  4312235.300
D:
     0:        0.111     4403.600     4482.600     4491.600     7302.600
     5:     7580.600    18530.650    21621.250    21768.250    22032.650
    10:    22597.650    24135.650    24390.650    27652.650    27708.650
    15:    33159.650    43053.650    43172.650    43368.650    43610.650
    20:    46476.250    56073.650    56084.650    61231.650    87134.650
    25:    98598.650    99093.650   109429.650   112962.400   113007.410
    30:   113056.410   113101.410   113149.610   113150.410   113195.410
    35:   113244.410   113289.410   113338.410   113383.410   113388.420
    40:   113871.600   117506.600   117939.600   118053.600   118109.600
    45:   118385.600   118397.600   118758.600   118762.600   118773.600
    50:   118792.600   118801.600   118804.600   118817.600   118841.600
    55:   118961.600   119526.600   121193.600   121487.600   125236.600
    60:   125341.600   125438.600   142308.600   142314.600   142398.600
    65:   142410.600   142431.600   142526.600   142788.600   142824.600
    70:   160802.600   164314.600   168413.600   168450.600   168483.600
    75:   168577.600   168683.600   168686.600   183856.600   185671.200
    80:   191661.600   192150.600   192379.600   256473.600   275730.600
    85:   302200.600   302235.600   302365.600   302638.600   312790.600
    90:   318710.600   328220.600   353819.600   382554.600   382873.600
    95:   394058.600   394066.600   409174.600   415778.200   417883.600
   100:   421529.600   421573.600   421615.600   425776.600   425952.600
   105:   426331.600   441739.650   506842.650   512122.250   521321.650
   110:   521338.650   521368.650   521398.650   522255.650   533263.400
   115:   533308.410   533357.410   533368.610   533402.410   533451.410
   120:   533496.410   533545.410   533590.410   533639.410   533684.410
   125:   533689.420   534448.600   534689.600   534725.600   534748.600
   130:   534770.600   534882.600   538000.600   538074.600   538697.600
   135:   539070.600   542670.600   562483.650   607673.650   607962.650
   140:   608122.650   608178.650   643042.400   643087.410   643136.410
   145:   643136.610   643181.410   643230.410   643275.410   643324.410
   150:   643369.410   643418.410   643463.410   643468.420   647948.600
   155:   647977.600   647984.600   648065.600   648501.600   649453.600
   160:   754634.600   759261.600   764119.600   766714.600   775127.600
   165:   814017.600   842556.600   880694.600   880793.600   892639.600
   170:   901871.600   902003.600   904805.600   904894.600   922310.200
   175:   996986.600  1004082.600  1142132.200  1144848.600  1145038.600
   180:  1145281.600  1145510.600  1145615.600  1145626.600  1145684.600
   185:  1145804.600  1145881.600  1151863.600  1151902.600  1161041.600
   190:  1161127.600  1180613.600  1203694.600  1214289.600  1233213.600
   195:  1233349.600  1233377.600  1233436.600  1233504.600  1233917.600
   200:  1234400.600  1236657.600  1236835.600  1244616.600  1307705.600
   205:  1344877.600  1344952.600  1407476.600  1425976.600  1426402.600
   210:  1427066.200  1449095.600  1623848.650  1680696.400  1680741.410
   215:  1680790.410  1680835.410  1680838.610  1680884.410  1680929.410
   220:  1680978.410  1681023.410  1681072.410  1681117.410  1681122.420
   225:  1681346.600  1681371.600  1681397.600  1681418.600  1681443.600
   230:  1681467.600  1681492.600  1681519.600  1681542.600  1681567.600
   235:  1681592.600  1681608.600  1681635.600  1681654.600  1681679.600
   240:  1682684.600  1682692.600  1683448.600  1684099.600  1684117.600
   245:  1684137.600  1684157.600  1684185.600  1684196.600  1684536.600
   250:  1685265.600  1685280.600  1685377.600  1685410.600  1685470.600
   255:  1685487.600  1685492.600  1685642.600  1685740.600  1687576.600
   260:  1692421.600  1738790.600  1788232.600  1788298.600  1788336.600
   265:  1788409.600  1803955.600  1865021.600  1865073.600  1865223.600
   270:  1866059.600  1866199.600  1921897.200  1936537.600  1936547.600
   275:  1936564.600  1936725.600  1937299.600  1956647.600  1965638.200
   280:  1971043.600  1971272.600  1971392.600  1971571.600  1971676.600
   285:  1971801.600  1972031.600  1972087.600  1972186.600  1977700.600
   290:  1977748.600  2034043.600  2034184.600  2034419.600  2034689.600
   295:  2034800.600  2034833.600  2034869.600  2035289.600  2035627.600
   300:  2035949.600  2036067.600  2036136.600  2036443.600  2036527.600
   305:  2036629.600  2036696.600  2036708.600  2036965.600  2037051.600
   310:  2037569.600  2038099.600  2038303.600  2038309.600  2038469.600
   315:  2038506.600  2038550.600  2038581.600  2038766.600  2038779.600
   320:  2038940.600  2039292.600  2039452.600  2039463.600  2039517.600
   325:  2039956.600  2040102.600  2040108.600  2041338.600  2041524.600
   330:  2041796.600  2042351.600  2042397.600  2042419.600  2042995.600
   335:  2043137.600  2043396.600  2043404.600  2043409.600  2044389.600
   340:  2044582.600  2044753.600  2044878.600  2050300.600  2050356.600
   345:  2050405.600  2051536.600  2051627.600  2051690.600  2051750.600
   350:  2052082.600  2052320.600  2052346.600  2057686.200  2059264.200
   355:  2070538.600  2070874.600  2071435.600  2071601.600  2078538.600
   360:  2083881.600  2084039.600  2092456.600  2116259.600  2116312.600
   365:  2122195.600  2209654.600  2209766.600  2354555.600  2552906.400
   370:  2552951.410  2553000.410  2553027.610  2553042.610  2553045.410
   375:  2553094.410  2553139.410  2553188.410  2553233.410  2553282.410
   380:  2553327.410  2553332.420  2555572.600  2555653.600  2555953.600
   385:  2556264.600  2556273.600  2556354.600  2556478.600  2556990.600
   390:  2557164.600  2557439.600  2557508.600  2559028.600  2559035.600
   395:  2559139.600  2564025.600  2567030.600  2578109.600  2608327.600
   400:  2614993.600  2615104.600  2615149.600  2615206.600  2615481.600
   405:  2615498.600  2619090.600  2619368.600  2622303.200  2655522.600
   410:  2655565.600  2655728.600  2655785.600  2661155.600  2661179.600
   415:  2661271.600  2661708.600  2662676.200  2677338.600  2708565.600
   420:  2713917.200  2771663.600  2778105.600  2778458.600  2778510.600
   425:  2779637.600  2779820.600  2779968.600  2780034.600  2780059.600
   430:  2780131.600  2780298.600  2784911.200  2788574.600  2796797.200
   435:  2796936.200  2814504.600  2827673.200  2832277.200  2833606.600
   440:  2833820.600  2838591.600  2839219.600  3019959.600  3020038.600
   445:  3263659.600  3265546.600  3495926.600  3495936.600  3581259.600
   450:  3581299.600  3647865.600  3657774.200  3664623.600  3664722.600
   455:  3664765.600  3664804.600  3665188.600  3665189.600  3665610.600
   460:  3665621.600  3665625.600  3665751.600  3701606.200  3816332.600
   465:  3816511.600  3816632.600  3816679.600  3863288.200  3867825.600
   470:  3885467.600  3886012.600  3886137.600  3929192.600  3929612.600
   475:  4002540.600  4033016.600  4033129.600  4034129.600  4034682.600
   480:  4035042.600  4039047.200  4041600.600  4041833.600  4041966.600
   485:  4041996.600  4042166.600  4112516.650  4113017.650  4151668.400
   490:  4151713.410  4151762.410  4151807.410  4151824.610  4151856.410
   495:  4151901.410  4151950.410  4151995.410  4152044.410  4152089.410
   500:  4152094.420  4152223.600  4152239.600  4152330.600  4152443.600
   505:  4152633.600  4152809.600  4152842.600  4153332.600  4153429.600
   510:  4153546.600  4153603.600  4153801.600  4154569.600  4154583.600
   515:  4154674.600  4154853.600  4154871.600  4155355.600  4155429.600
   520:  4155643.600  4155696.600  4155890.600  4155966.600  4156041.600
   525:  4156054.600  4156150.600  4156440.600  4156859.600  4156890.600
   530:  4156929.600  4157066.600  4157190.600  4157223.600  4158264.600
   535:  4158360.600  4158422.600  4158517.600  4158535.600  4158646.600
   540:  4158675.600  4158685.600  4158881.600  4158962.600  4159026.600
   545:  4159310.600  4159326.600  4159365.600  4159664.600  4159792.600
   550:  4159850.600  4160151.600  4160159.600  4160172.600  4160211.600
   555:  4160332.600  4160343.600  4160354.600  4160525.600  4160558.600
   560:  4160768.600  4160815.600  4160834.600  4160890.600  4160894.600
   565:  4161024.600  4161175.600  4161285.600  4161311.600  4161320.600
   570:  4161560.600  4161712.600  4162359.600  4162377.600  4162672.600
   575:  4162717.600  4162870.600  4162892.600  4163097.600  4163617.600
   580:  4163905.600  4164059.600  4164149.600  4164163.600  4164190.600
   585:  4166096.600  4166180.600  4166207.600  4166233.600  4166242.600
   590:  4166395.600  4166400.600  4166419.600  4166825.600  4167349.600
   595:  4168127.600  4168231.600  4168247.600  4168334.600  4168363.600
   600:  4168383.600  4168398.600  4169656.600  4169766.600  4169798.600
   605:  4169976.600  4170065.600  4170074.600  4170139.600  4170249.600
   610:  4170504.600  4170642.600  4170777.600  4170907.600  4171813.600
   615:  4171887.600  4171969.600  4171980.600  4172026.600  4172070.600
   620:  4172085.600  4172163.600  4172235.600  4172277.600  4172295.600
   625:  4172525.600  4172544.600  4172563.600  4172643.600  4172724.600
   630:  4173022.600  4173935.600  4174004.600  4174174.600  4174232.600
   635:  4174321.600  4174396.600  4174410.600  4174425.600  4174854.600
   640:  4174891.600  4175124.600  4175131.600  4175271.600  4177080.600
   645:  4177136.600  4177235.600  4177264.600  4177268.600  4177323.600
   650:  4177447.600  4177503.600  4177515.600  4177657.600  4177665.600
   655:  4180182.600  4180228.600  4180281.600  4180292.600  4180364.600
   660:  4180381.600  4180548.600  4180567.600  4180659.600  4180671.600
   665:  4180684.600  4180886.600  4181024.600  4181027.600  4181052.600
   670:  4181106.600  4181116.600  4181134.600  4181179.600  4184575.600
   675:  4184645.600  4184748.600  4184788.600  4184846.600  4184885.600
   680:  4184897.600  4185111.600  4190212.600  4190303.600  4190451.600
   685:  4198477.600  4198522.600  4198570.600  4198580.600  4198607.600
   690:  4198695.600  4201346.600  4201422.600  4201458.600  4201488.600
   695:  4201511.600  4201554.600  4201558.600  4201581.600  4201589.600
   700:  4201596.600  4201840.600  4201949.600  4205257.600  4205367.600
   705:  4205373.600  4205415.600  4211029.600  4211301.600  4308797.600
   710:  4308887.600  4308949.600  4309051.600  4310378.600  4310462.600
   715:  4310615.600  4310827.600  4313132.600  4313209.600  4313357.600
   720:  4313384.600  4314587.600  4314702.600  4314791.600  4322556.999
E:
     0:        5.200       16.300       28.800       43.200       59.900
     5:       80.100      105.300      139.300      191.600      330.300
F:
     0:        0.000        0.000        0.000        0.000        0.000
     5:        0.000
L:
     0:      186.000      104.000       93.000      141.000      120.000
     5:      155.000
M:
     0:        0.000        0.000        0.000        0.000        0.000
     5:        0.000
