File: C:\MED-PC IV\DATA\!2023-03-07_18h55m.Subject DF28


Start Date: 03/07/23
End Date: 03/08/23
Subject: DF28
Experiment: delayed_acquisition
Group: 1
Box: 8
Start Time: 18:55:49
End Time:  7:12:14
MSN: Delayed_Acquisition2_w_magmacro
G:       0.000
H:       0.000
I:       0.000
J:       0.000
K:       0.000
N:       0.000
O:       0.000
P:       0.000
Q:       0.000
R:       0.000
S:       0.000
T:       0.000
U:       0.000
V:       0.000
W:       0.000
X:       0.000
Y:       0.000
Z:       0.000
A:
     0:        2.000       60.000  4320000.000        2.000        0.000
     5:        1.000    96000.000        0.000       10.000        0.000
    10:        0.000        0.000        0.000        0.000        0.000
    15:        0.000        0.000        0.000        0.000        0.000
    20:        0.000        0.000        0.000        0.000        0.000
    25:        0.000        0.000        0.000        0.000        0.000
    30:        0.000        0.000        0.000        0.000        0.000
    35:        0.000        0.000        0.000        0.000        0.000
    40:        0.000        0.000        0.000        0.000        0.000
    45:        0.000        0.000        0.000        0.000        0.000
    50:        0.000        0.000        0.000        0.000        0.000
    55:        0.000        0.000        0.000        0.000        0.000
    60:        0.000        0.000        0.000        0.000        0.000
    65:        0.000        0.000        0.000        0.000        0.000
    70:        0.000        0.000        0.000        0.000        0.000
    75:        0.000        0.000        0.000        0.000        0.000
    80:        0.000        0.000        0.000        0.000        0.000
    85:        0.000        0.000        0.000        0.000        0.000
    90:        0.000        0.000        0.000        0.000        0.000
    95:        0.000        0.000        0.000        0.000        0.000
   100:        0.000
B:
     0:  4320000.000  4323408.000        1.000        8.000        0.000
     5:        0.000        0.000        8.000      392.000      536.000
    10:        0.000      304.000        8.000        6.000      120.000
    15:        0.000        8.000        0.000        0.000        0.000
    20:        0.000        0.000        0.000        0.000        0.000
    25:        0.000        0.000        0.000        0.000        0.000
    30:        1.038        0.000        0.000       80.000        0.000
    35:        0.000        0.000        0.000        0.000        0.000
    40:        0.000        0.000        0.000        0.000        0.000
    45:        0.000        0.000        0.000        0.000        0.000
    50:        0.000        0.000        0.000        0.000        0.000
    55:        0.000        0.000        0.000        0.000        0.000
    60:        0.000        0.000        0.000        0.000        0.000
    65:        0.000        0.000        0.000        0.000        0.000
    70:        0.000        0.000        0.000        0.000        0.000
    75:        0.000        0.000        0.000        0.000        0.000
    80:        0.000        0.000        0.000        0.000        0.000
    85:        0.000        0.000        0.000        0.000        0.000
    90:        0.000        0.000        0.000        0.000        0.000
    95:        0.000        0.000        0.000        0.000        0.000
   100:        0.000
C:
     0:      166.300     3956.300     6858.300    10640.300    11007.100
     5:   107008.200   107008.200   107008.200   107008.200   107008.200
    10:   107008.200   107008.200   107008.200   107008.200   107008.200
    15:   112847.300   112886.300   112977.300   113312.300   116530.300
    20:   119986.300   120008.300   120220.300   120466.300   120513.300
    25:   120624.300   120735.300   120953.300   120958.300   129828.300
    30:   184748.300   199605.300   199620.300   212884.300   213101.300
    35:   213142.300   221712.300   221911.300   221958.300   222114.300
    40:   222124.300   285746.100   381747.200   381747.200   381747.200
    45:   381747.200   381747.200   381747.200   381747.200   381747.200
    50:   381747.200   381747.200   387218.300   387609.300   387666.300
    55:   387693.300   387945.300   387970.300   407004.300   467089.300
    60:   467725.300   467903.300   515280.300   515800.300   523481.300
    65:   542193.300   571935.300   577138.300   628460.300   628620.300
    70:   628713.300   628729.300   628909.300   629085.300   629092.300
    75:   631013.300   631231.300   669885.300   673744.300   696779.300
    80:   697463.300   697519.300   697756.300   697763.300   701792.300
    85:   701968.300   702438.100   798439.200   798439.200   798439.200
    90:   798439.200   798439.200   798439.200   798439.200   798439.200
    95:   798439.200   798439.200   803910.300   804067.300   804147.300
   100:   804170.300   804266.300   812444.300   820156.300   820178.300
   105:   820986.300   822505.300   836372.300   836577.300   836606.300
   110:   836639.300   836810.300   837383.300   853981.300   854009.300
   115:   854073.300   866684.300   866713.300   885836.300   885887.300
   120:   886525.300   904588.300   904609.300   915930.300   916906.300
   125:   933177.300   961020.300   961073.300   961112.300   980771.300
   130:   981339.300   981376.300   981486.300   981525.300   981572.300
   135:   981620.300  1044573.300  1044582.300  1062407.300  1071780.300
   140:  1075699.300  1085661.300  1086161.300  1088927.300  1103446.300
   145:  1103455.300  1119670.300  1126039.300  1126066.300  1126074.300
   150:  1126126.300  1131022.300  1157294.100  1253295.200  1253295.200
   155:  1253295.200  1253295.200  1253295.200  1253295.200  1253295.200
   160:  1253295.200  1253295.200  1253295.200  1254163.300  1254278.300
   165:  1254299.300  1254375.300  1254383.300  1254764.300  1259034.300
   170:  1262203.300  1263313.300  1268317.300  1268386.300  1268757.300
   175:  1268841.300  1268936.300  1269419.300  1269430.300  1347486.300
   180:  1355234.300  1403472.300  1404380.300  1404456.300  1404515.300
   185:  1418899.300  1426095.300  1426116.300  1456484.300  1456552.300
   190:  1456599.300  1456783.300  1456851.300  1456867.300  1457143.300
   195:  1464084.300  1464103.300  1468106.300  1468138.300  1468183.300
   200:  1468190.300  1468201.300  1468242.300  1468255.300  1468640.300
   205:  1524286.300  1543074.300  1562257.300  1579827.300  1579955.300
   210:  1580112.300  1638746.300  1638940.300  1643835.300  1651516.300
   215:  1651523.300  1651529.300  1651638.300  1655278.300  1662686.300
   220:  1664081.300  1703642.300  1710870.300  1710894.300  1715506.300
   225:  1715812.300  1754532.300  1816925.300  1817567.300  1833274.300
   230:  1835237.300  1835336.300  1835931.300  1836057.300  1836063.300
   235:  1884208.300  1945323.300  1948211.300  2022693.300  2022696.300
   240:  2025097.300  2025131.300  2036634.300  2083609.300  2083923.300
   245:  2084026.300  2084162.300  2084724.100  2180725.200  2180725.200
   250:  2180725.200  2180725.200  2180725.200  2180725.200  2180725.200
   255:  2180725.200  2180725.200  2180725.200  2181104.300  2181125.300
   260:  2181148.300  2181189.300  2181210.300  2181222.300  2181231.300
   265:  2181235.300  2181251.300  2181277.300  2181293.300  2181296.300
   270:  2181315.300  2181342.300  2183426.300  2183437.300  2183532.300
   275:  2184875.300  2184901.300  2184926.300  2184945.300  2184961.300
   280:  2184984.300  2185006.300  2185024.300  2186988.300  2190812.300
   285:  2203333.300  2203351.300  2211687.100  2307688.200  2307688.200
   290:  2307688.200  2307688.200  2307688.200  2307688.200  2307688.200
   295:  2307688.200  2307688.200  2307688.200  2308169.300  2308190.300
   300:  2308208.300  2308230.300  2308253.300  2308277.300  2308300.300
   305:  2308321.300  2308346.300  2308371.300  2308445.300  2314733.300
   310:  2314802.300  2314871.300  2314968.300  2316166.300  2316169.300
   315:  2317014.300  2317030.300  2317052.300  2317145.300  2318119.300
   320:  2318418.300  2318421.300  2324692.300  2329456.300  2330081.300
   325:  2335690.300  2340076.300  2403394.300  2407526.300  2407594.300
   330:  2407624.300  2407832.300  2407863.300  2407880.300  2407927.300
   335:  2408014.300  2408198.300  2423605.100  2519606.200  2519606.200
   340:  2519606.200  2519606.200  2519606.200  2519606.200  2519606.200
   345:  2519606.200  2519606.200  2519606.200  2524960.300  2526196.300
   350:  2526659.300  2526851.300  2531518.300  3078606.300  3089505.300
   355:  3089527.300  3421752.300  3425926.300  3426160.300  3454599.300
   360:  3455490.300  3857366.300  3976750.300  3976796.300  3980918.300
   365:  4059427.300  4061581.100  4157582.200  4157582.200  4157582.200
   370:  4157582.200  4157582.200  4157582.200  4157582.200  4157582.200
   375:  4157582.200  4157582.200  4164060.300  4164104.300  4164602.300
   380:  4164694.300  4164707.300  4164723.300  4165290.300  4165324.300
   385:  4165339.300  4165364.300  4165850.300  4165935.300  4166394.300
   390:  4167077.300  4183504.300
D:
     0:        0.111      166.600     3956.600     6858.600    10640.600
     5:    11007.200    12440.650    12459.650    12728.650    15571.650
    10:    15596.650    15814.650    16239.250    19529.650    20946.650
    15:    22858.650    22863.650    23400.650    23551.650    23674.650
    20:    23808.650    23990.650    29590.650    29654.650    29816.650
    25:    30407.650    30763.650    33662.650    34905.650    35072.650
    30:    35116.650    38075.650    39181.650    39444.650    44086.650
    35:    44217.650    45870.650    45927.650    53586.650    53656.650
    40:    55417.650    55562.650    55579.650    55638.650    56012.650
    45:    56019.650    58528.650    62873.650    76669.650    77168.650
    50:    90693.650    91899.650    95172.650    98746.650    98775.650
    55:   103864.650   103893.650   103906.650   107008.400   107053.410
    60:   107073.610   107102.410   107147.410   107196.410   107241.410
    65:   107290.410   107335.410   107384.410   107429.410   107434.420
    70:   113273.600   113312.600   113403.600   113738.600   116956.600
    75:   120412.600   120434.600   120646.600   120892.600   120939.600
    80:   121050.600   121161.600   121379.600   121384.600   130254.600
    85:   185174.600   200031.600   200046.600   213310.600   213527.600
    90:   213568.600   222138.600   222337.600   222384.600   222540.600
    95:   222550.600   286172.200   288776.650   289024.650   292273.650
   100:   293450.650   294673.650   294765.650   294908.650   294924.650
   105:   294957.650   294998.650   315840.650   325818.650   356743.650
   110:   356750.650   357073.650   357265.650   368686.650   382173.400
   115:   382218.410   382236.610   382267.410   382312.410   382361.410
   120:   382406.410   382455.410   382500.410   382549.410   382594.410
   125:   382599.420   388070.600   388461.600   388518.600   388545.600
   130:   388797.600   388822.600   407856.600   467941.600   468577.600
   135:   468755.600   516132.600   516652.600   524333.600   543045.600
   140:   572787.600   577990.600   629312.600   629472.600   629565.600
   145:   629581.600   629761.600   629937.600   629944.600   631865.600
   150:   632083.600   670737.600   674596.600   697631.600   698315.600
   155:   698371.600   698608.600   698615.600   702644.600   702820.600
   160:   703290.200   704215.650   707480.650   707613.650   710057.650
   165:   710082.650   796583.650   797648.650   797876.650   799291.400
   170:   799336.410   799385.410   799430.410   799470.610   799479.410
   175:   799524.410   799573.410   799618.410   799667.410   799712.410
   180:   799717.420   805188.600   805345.600   805425.600   805448.600
   185:   805544.600   813722.600   821434.600   821456.600   822264.600
   190:   823783.600   837650.600   837855.600   837884.600   837917.600
   195:   838088.600   838661.600   855259.600   855287.600   855351.600
   200:   867962.600   867991.600   887114.600   887165.600   887803.600
   205:   905866.600   905887.600   917208.600   918184.600   934455.600
   210:   962298.600   962351.600   962390.600   982049.600   982617.600
   215:   982654.600   982764.600   982803.600   982850.600   982898.600
   220:  1045851.600  1045860.600  1063685.600  1073058.600  1076977.600
   225:  1086939.600  1087439.600  1090205.600  1104724.600  1104733.600
   230:  1120948.600  1127317.600  1127344.600  1127352.600  1127404.600
   235:  1132300.600  1158572.200  1158676.250  1158766.250  1161355.650
   240:  1161431.650  1165799.650  1174937.650  1175002.650  1177956.650
   245:  1177980.650  1186257.650  1186445.650  1186452.650  1186944.650
   250:  1244249.650  1244265.650  1254573.400  1254618.410  1254667.410
   255:  1254682.610  1254712.410  1254761.410  1254806.410  1254855.410
   260:  1254900.410  1254949.410  1254994.410  1254999.420  1255867.600
   265:  1255982.600  1256003.600  1256079.600  1256087.600  1256468.600
   270:  1260738.600  1263907.600  1265017.600  1270021.600  1270090.600
   275:  1270461.600  1270545.600  1270640.600  1271123.600  1271134.600
   280:  1349190.600  1356938.600  1405176.600  1406084.600  1406160.600
   285:  1406219.600  1420603.600  1427799.600  1427820.600  1458188.600
   290:  1458256.600  1458303.600  1458487.600  1458555.600  1458571.600
   295:  1458847.600  1465788.600  1465807.600  1469810.600  1469842.600
   300:  1469887.600  1469894.600  1469905.600  1469946.600  1469959.600
   305:  1470344.600  1525990.600  1544778.600  1563961.600  1581531.600
   310:  1581659.600  1581816.600  1640450.600  1640644.600  1645539.600
   315:  1653220.600  1653227.600  1653233.600  1653342.600  1656982.600
   320:  1664390.600  1665785.600  1705346.600  1712574.600  1712598.600
   325:  1717210.600  1717516.600  1756236.600  1818629.600  1819271.600
   330:  1834978.600  1836941.600  1837040.600  1837635.600  1837761.600
   335:  1837767.600  1885912.600  1947027.600  1949915.600  2024397.600
   340:  2024400.600  2026801.600  2026835.600  2038338.600  2085313.600
   345:  2085627.600  2085730.600  2085866.600  2086428.200  2088366.650
   350:  2090147.650  2090604.650  2090697.650  2090797.650  2093341.250
   355:  2112356.650  2116038.650  2117826.650  2124444.650  2182429.400
   360:  2182474.410  2182523.410  2182546.610  2182568.410  2182617.410
   365:  2182662.410  2182711.410  2182756.410  2182805.410  2182850.410
   370:  2182855.420  2183234.600  2183255.600  2183278.600  2183319.600
   375:  2183340.600  2183352.600  2183361.600  2183365.600  2183381.600
   380:  2183407.600  2183423.600  2183426.600  2183445.600  2183472.600
   385:  2185556.600  2185567.600  2185662.600  2187005.600  2187031.600
   390:  2187056.600  2187075.600  2187091.600  2187114.600  2187136.600
   395:  2187154.600  2189118.600  2192942.600  2205463.600  2205481.600
   400:  2213817.200  2218411.650  2222017.650  2226022.650  2272240.650
   405:  2277794.650  2287995.650  2291541.650  2292006.650  2309818.400
   410:  2309863.410  2309912.410  2309936.610  2309957.410  2310006.410
   415:  2310051.410  2310100.410  2310145.410  2310194.410  2310239.410
   420:  2310244.420  2310725.600  2310746.600  2310764.600  2310786.600
   425:  2310809.600  2310833.600  2310856.600  2310877.600  2310902.600
   430:  2310927.600  2311001.600  2317289.600  2317358.600  2317427.600
   435:  2317524.600  2318722.600  2318725.600  2319570.600  2319586.600
   440:  2319608.600  2319701.600  2320675.600  2320974.600  2320977.600
   445:  2327248.600  2332012.600  2332637.600  2338246.600  2342632.600
   450:  2405950.600  2410082.600  2410150.600  2410180.600  2410388.600
   455:  2410419.600  2410436.600  2410483.600  2410570.600  2410754.600
   460:  2426161.200  2431868.650  2432900.250  2433098.650  2433105.650
   465:  2433333.650  2433471.650  2433487.650  2433596.650  2433668.650
   470:  2503175.650  2503195.650  2503254.650  2503768.650  2522162.400
   475:  2522207.410  2522256.410  2522271.610  2522301.410  2522350.410
   480:  2522395.410  2522444.410  2522489.410  2522538.410  2522583.410
   485:  2522588.420  2527942.600  2529178.600  2529641.600  2529833.600
   490:  2534500.600  3081588.600  3092487.600  3092509.600  3424734.600
   495:  3428908.600  3429142.600  3457581.600  3458472.600  3860348.600
   500:  3979732.600  3979778.600  3983900.600  4062409.600  4064563.200
   505:  4112212.250  4113082.650  4113339.650  4160564.400  4160609.410
   510:  4160642.610  4160658.410  4160703.410  4160752.410  4160797.410
   515:  4160846.410  4160891.410  4160940.410  4160985.410  4160990.420
   520:  4167468.600  4167512.600  4168010.600  4168102.600  4168115.600
   525:  4168131.600  4168698.600  4168732.600  4168747.600  4168772.600
   530:  4169258.600  4169343.600  4169802.600  4170485.600  4186912.600
   535:  4323408.999
E:
     0:        5.200       16.300       28.800       43.200       59.900
     5:       80.100      105.300      139.300      191.600      330.300
F:
     0:        0.000        0.000        0.000        0.000        0.000
     5:        0.000
L:
     0:       64.000       62.000      178.000      108.000      116.000
     5:      117.000      108.000       77.000
M:
     0:        0.000        0.000        0.000        0.000        0.000
     5:        0.000
