File: C:\MED-PC IV\DATA\!2023-02-23_18h49m.Subject DF27


Start Date: 02/23/23
End Date: 02/24/23
Subject: DF27
Experiment: delayed_acquisition
Group: 1
Box: 7
Start Time: 18:49:07
End Time:  7:11:32
MSN: Delayed_Acquisition2_w_magmacro
G:       0.000
H:       0.000
I:       0.000
J:       0.000
K:       0.000
N:       0.000
O:       0.000
P:       0.000
Q:       0.000
R:       0.000
S:       0.000
T:       0.000
U:       0.000
V:       0.000
W:       0.000
X:       0.000
Y:       0.000
Z:       0.000
A:
     0:        2.000       60.000  4320000.000        1.000        0.000
     5:        1.000    96000.000        0.000       10.000        0.000
    10:        0.000        0.000        0.000        0.000        0.000
    15:        0.000        0.000        0.000        0.000        0.000
    20:        0.000        0.000        0.000        0.000        0.000
    25:        0.000        0.000        0.000        0.000        0.000
    30:        0.000        0.000        0.000        0.000        0.000
    35:        0.000        0.000        0.000        0.000        0.000
    40:        0.000        0.000        0.000        0.000        0.000
    45:        0.000        0.000        0.000        0.000        0.000
    50:        0.000        0.000        0.000        0.000        0.000
    55:        0.000        0.000        0.000        0.000        0.000
    60:        0.000        0.000        0.000        0.000        0.000
    65:        0.000        0.000        0.000        0.000        0.000
    70:        0.000        0.000        0.000        0.000        0.000
    75:        0.000        0.000        0.000        0.000        0.000
    80:        0.000        0.000        0.000        0.000        0.000
    85:        0.000        0.000        0.000        0.000        0.000
    90:        0.000        0.000        0.000        0.000        0.000
    95:        0.000        0.000        0.000        0.000        0.000
   100:        0.000
B:
     0:  4320000.000  4326390.000        1.000       15.000        0.000
     5:        0.000        0.000       15.000      729.000     1141.000
    10:        0.000      564.000       20.000       92.000      283.000
    15:        0.000       15.000        0.000        0.000        0.000
    20:        0.000        0.000        0.000        0.000        0.000
    25:        0.000        0.000        0.000        0.000        0.000
    30:        1.205        0.000        0.000      150.000        0.000
    35:        0.000        0.000        0.000        0.000        0.000
    40:        0.000        0.000        0.000        0.000        0.000
    45:        0.000        0.000        0.000        0.000        0.000
    50:        0.000        0.000        0.000        0.000        0.000
    55:        0.000        0.000        0.000        0.000        0.000
    60:        0.000        0.000        0.000        0.000        0.000
    65:        0.000        0.000        0.000        0.000        0.000
    70:        0.000        0.000        0.000        0.000        0.000
    75:        0.000        0.000        0.000        0.000        0.000
    80:        0.000        0.000        0.000        0.000        0.000
    85:        0.000        0.000        0.000        0.000        0.000
    90:        0.000        0.000        0.000        0.000        0.000
    95:        0.000        0.000        0.000        0.000        0.000
   100:        0.000
C:
     0:     1844.100    97845.200    97845.200    97845.200    97845.200
     5:    97845.200    97845.200    97845.200    97845.200    97845.200
    10:    97845.200    98535.300    98660.300    98688.300    98696.300
    15:    98704.300    98710.300    98749.300    98753.300    98787.300
    20:    98805.300    98859.300    99891.300   101049.300   101054.300
    25:   101093.300   101919.300   101941.300   101959.300   101981.300
    30:   102156.300   102537.300   102928.300   103399.300   103537.300
    35:   103845.300   103868.300   105507.300   106425.300   106995.300
    40:   107798.300   108018.300   111331.300   113208.300   113757.300
    45:   114910.300   115027.300   115311.300   115921.300   118149.300
    50:   119047.300   119558.300   120415.300   120801.300   120992.300
    55:   121060.300   131050.300   131386.300   135342.300   148119.300
    60:   148686.300   161108.300   161182.300   161221.300   161224.300
    65:   161366.300   161375.300   161421.300   161435.300   161573.300
    70:   161581.300   161735.300   162501.300   162609.300   171576.300
    75:   171588.300   172140.300   174430.100   270431.200   270431.200
    80:   270431.200   270431.200   270431.200   270431.200   270431.200
    85:   270431.200   270431.200   270431.200   272308.300   272346.300
    90:   272361.300   272381.300   272386.300   272414.300   272456.300
    95:   272465.300   272511.300   272549.300   272585.300   272591.300
   100:   272802.300   273019.300   273832.300   273856.300   275287.300
   105:   275304.300   277045.300   277926.300   280743.300   280829.300
   110:   281992.300   283416.300   289797.300   296152.300   296555.300
   115:   296640.300   296697.300   299530.300   300340.300   306507.300
   120:   307089.300   332852.300   344751.300   377911.300   378661.300
   125:   378913.300   380497.300   393711.300   393898.300   393935.300
   130:   393965.300   397522.300   398275.300   417691.300   417724.300
   135:   418641.300   433081.300   446977.300   447074.300   447628.300
   140:   448194.300   448286.300   448587.300   448635.300   452184.300
   145:   452918.300   453315.100   549316.200   549316.200   549316.200
   150:   549316.200   549316.200   549316.200   549316.200   549316.200
   155:   549316.200   549316.200   553995.300   554007.300   554013.300
   160:   554052.300   554193.300   555714.300   555808.300   556824.300
   165:   558910.300   563351.300   563716.300   563907.300   575674.300
   170:   578177.300   578657.300   578878.300   579659.300   579719.300
   175:   616885.300   617193.300   617225.300   617252.300   639550.300
   180:   647324.300   648801.100   744802.200   744802.200   744802.200
   185:   744802.200   744802.200   744802.200   744802.200   744802.200
   190:   744802.200   744802.200   745457.300   745482.300   745487.300
   195:   745518.300   745605.300   745645.300   745648.300   745651.300
   200:   745689.300   745705.300   746107.300   747162.300   747282.300
   205:   749679.300   749743.300   749794.300   750311.300   750333.300
   210:   752320.300   758025.300   806567.300   827301.300   852708.300
   215:   853182.300   872883.300   873096.300   874547.100   970548.200
   220:   970548.200   970548.200   970548.200   970548.200   970548.200
   225:   970548.200   970548.200   970548.200   970548.200   971147.300
   230:   971155.300   971170.300   971177.300   971245.300   972180.300
   235:   972223.300   974082.300   974107.300   976283.300   981037.300
   240:   981251.300   981446.300   981475.300   987336.100  1083337.200
   245:  1083337.200  1083337.200  1083337.200  1083337.200  1083337.200
   250:  1083337.200  1083337.200  1083337.200  1083337.200  1083932.300
   255:  1083971.300  1084688.300  1087367.300  1088300.300  1088456.300
   260:  1088489.300  1088556.300  1094229.300  1101432.300  1101807.300
   265:  1141388.300  1166235.300  1166404.300  1168830.100  1264831.200
   270:  1264831.200  1264831.200  1264831.200  1264831.200  1264831.200
   275:  1264831.200  1264831.200  1264831.200  1264831.200  1265303.300
   280:  1265349.300  1265395.300  1265430.300  1265437.300  1265447.300
   285:  1265459.300  1265482.300  1265494.300  1265502.300  1265517.300
   290:  1265523.300  1265565.300  1265777.300  1266302.300  1269019.300
   295:  1269533.300  1271215.300  1271837.300  1271893.300  1277179.300
   300:  1279451.300  1279475.300  1298565.100  1394566.200  1394566.200
   305:  1394566.200  1394566.200  1394566.200  1394566.200  1394566.200
   310:  1394566.200  1394566.200  1394566.200  1395341.300  1395372.300
   315:  1395377.300  1395392.300  1395425.300  1395449.300  1395458.300
   320:  1395489.300  1395501.300  1396964.300  1398934.300  1398937.300
   325:  1398964.300  1399527.300  1399548.300  1399567.300  1402527.300
   330:  1412942.100  1508943.200  1508943.200  1508943.200  1508943.200
   335:  1508943.200  1508943.200  1508943.200  1508943.200  1508943.200
   340:  1508943.200  1509827.300  1509863.300  1509928.300  1510810.300
   345:  1510834.300  1512596.300  1514349.300  1530116.300  1533014.300
   350:  1534605.300  1534639.300  1534757.300  1562343.300  1562495.300
   355:  1562783.300  1602444.300  1620183.300  1620635.300  1620654.300
   360:  1620667.300  1620936.300  1634827.100  1730828.200  1730828.200
   365:  1730828.200  1730828.200  1730828.200  1730828.200  1730828.200
   370:  1730828.200  1730828.200  1730828.200  1730951.300  1733529.300
   375:  1733548.300  1733594.300  1735742.300  1735811.300  1759928.300
   380:  1760617.300  1761353.100  1857354.200  1857354.200  1857354.200
   385:  1857354.200  1857354.200  1857354.200  1857354.200  1857354.200
   390:  1857354.200  1857354.200  1857487.300  1859155.300  1860478.300
   395:  1860522.300  1862365.300  1862389.300  1862905.300  1863047.300
   400:  1863085.300  1863089.300  1863143.300  1863329.300  1863338.300
   405:  1863533.300  1863541.300  1863694.300  1863955.300  1863992.300
   410:  1869434.300  1869588.300  1870087.300  1870365.300  1870420.300
   415:  1870428.300  1870569.300  1870583.300  1870624.300  1872618.300
   420:  1872836.300  1872851.300  1872867.300  1876105.300  1882190.300
   425:  1903332.300  1910834.300  1910868.300  1911533.300  1984151.300
   430:  1984702.300  1986279.300  1986295.300  1986475.300  2005919.300
   435:  2006454.300  2014356.300  2014368.300  2014801.300  2014835.300
   440:  2015443.100  2111444.200  2111444.200  2111444.200  2111444.200
   445:  2111444.200  2111444.200  2111444.200  2111444.200  2111444.200
   450:  2111444.200  2113199.300  2113215.300  2115385.300  2115388.300
   455:  2115394.300  2115403.300  2115542.300  2115567.300  2116226.300
   460:  2116362.300  2116908.300  2117009.300  2117103.300  2117310.300
   465:  2122131.300  2122145.300  2122217.300  2185639.300  2203200.300
   470:  2230557.300  2230620.300  2239603.300  2240200.300  2253375.300
   475:  2253497.300  2253550.300  2258988.300  2267107.300  2267421.300
   480:  2284823.300  2284984.300  2285314.300  2285429.300  2320928.300
   485:  2320991.300  2321079.300  2321204.300  2331206.300  2332078.300
   490:  2332173.300  2377400.300  2377443.300  2387052.300  2387126.300
   495:  2387174.300  2387223.300  2387252.300  2387269.300  2387273.300
   500:  2387300.300  2404564.300  2404811.300  2404900.300  2437611.300
   505:  2437691.300  2437700.300  2442674.300  2447685.300  2523309.300
   510:  2535198.300  2535406.300  2535547.300  2535826.300  2541377.300
   515:  2541448.300  2542566.300  2542947.300  2564513.300  2575631.300
   520:  2575657.300  2576192.300  2576920.300  2577406.300  2577520.300
   525:  2577552.300  2577769.300  2577776.300  2577807.300  2577837.300
   530:  2632914.100  2728915.200  2728915.200  2728915.200  2728915.200
   535:  2728915.200  2728915.200  2728915.200  2728915.200  2728915.200
   540:  2728915.200  2729689.300  2729694.300  2729891.300  2730506.300
   545:  2733986.300  2733991.300  2734086.300  2734296.300  2734388.300
   550:  2734397.300  2735331.300  2736489.300  2736713.300  2736828.300
   555:  2745143.300  2745181.300  2763076.300  2763120.300  2763184.300
   560:  2819356.300  2819529.300  2819840.300  2819853.300  2820523.300
   565:  2820743.300  2821005.300  2821133.300  2821169.300  2821413.300
   570:  2821421.300  2821581.300  2822135.300  2822719.300  2823019.300
   575:  2823071.300  2823116.300  2857077.300  2864773.300  2864812.300
   580:  2913855.300  2913865.300  2938469.300  2938591.300  2948166.300
   585:  2989692.300  3004389.300  3004440.300  3004850.300  3004874.300
   590:  3004880.300  3004918.300  3004948.300  3005453.300  3005658.300
   595:  3005997.100  3101998.200  3101998.200  3101998.200  3101998.200
   600:  3101998.200  3101998.200  3101998.200  3101998.200  3101998.200
   605:  3101998.200  3102771.300  3102914.300  3102935.300  3102940.300
   610:  3102954.300  3102958.300  3103202.300  3103962.300  3104155.300
   615:  3104164.300  3104622.300  3104749.300  3104777.300  3105221.300
   620:  3105267.300  3105289.300  3105335.300  3105364.300  3105397.300
   625:  3105447.300  3105468.300  3105500.300  3105991.300  3106726.300
   630:  3106963.300  3106975.300  3107010.300  3107050.300  3107384.300
   635:  3107474.300  3107853.300  3108515.300  3108834.300  3112041.300
   640:  3112193.300  3112306.300  3112687.300  3112798.300  3112820.300
   645:  3112903.300  3113867.300  3113886.300  3113893.300  3114169.300
   650:  3114399.300  3114803.300  3115762.300  3116014.300  3117428.300
   655:  3129727.300  3129806.300  3129929.300  3130004.300  3130020.300
   660:  3130033.300  3144113.300  3145226.300  3157881.300  3157918.300
   665:  3158039.300  3158115.300  3198056.300  3198098.300  3198835.300
   670:  3209024.300  3209072.300  3219206.300  3230137.300  3269161.300
   675:  3480992.300  3486373.100  3582374.200  3582374.200  3582374.200
   680:  3582374.200  3582374.200  3582374.200  3582374.200  3582374.200
   685:  3582374.200  3582374.200  3586496.300  3586546.300  3586922.300
   690:  3589312.300  3589338.300  3589412.300  3589546.300  3589609.300
   695:  3589665.300  3589690.300  3589739.300  3589795.300  3590568.300
   700:  3590592.300  3590947.300  3591377.300  3591989.300  3592393.300
   705:  3594074.300  3594886.300  3595317.300  3595334.300  3595341.300
   710:  3596801.300  3596857.300  3597504.300  3597599.300  3597624.300
   715:  3597674.300  3597730.300  3680371.300  3682807.300  3684422.300
   720:  3904219.300  4301335.300  4301489.300  4307493.300  4307739.300
   725:  4309769.300  4309864.300  4309925.300  4309957.300
D:
     0:        0.111     1844.200     2349.250     4032.250     4176.250
     5:     4243.250     4402.250     4936.250     4992.250     6053.250
    10:     6154.250     6223.250     6353.250     6409.250     9745.650
    15:    12418.650    12722.250    12760.250    12777.250    12796.250
    20:    12836.250    12912.250    13218.250    13228.250    13570.250
    25:    16335.650    16376.650    22826.650    22845.650    22898.650
    30:    22924.650    22956.650    22983.650    23108.650    23463.250
    35:    27910.250    28009.250    28043.250    38211.650    38650.650
    40:    38752.650    38793.650    38819.650    39028.650    39472.650
    45:    39694.650    39711.650    39750.650    39755.650    39792.650
    50:    39822.650    39933.650    40376.650    40526.650    41539.650
    55:    41542.650    42062.650    43065.650    43138.650    43145.650
    60:    43216.650    43301.650    43559.650    43567.650    43572.650
    65:    43887.650    43900.650    43904.650    43954.650    45164.650
    70:    45335.650    45347.650    45354.650    45365.650    45956.650
    75:    46002.650    46279.650    48201.650    48214.650    48282.650
    80:    48328.650    48359.650    48478.650    48485.650    48493.650
    85:    48522.650    48556.650    48583.650    48602.650    48623.650
    90:    55608.650    55639.650    55772.650    55896.650    56153.650
    95:    56252.650    66105.650    69338.650    69508.650    69625.650
   100:    69758.650    73772.650    73936.650    74161.650    96377.650
   105:    96397.650    96433.650    96474.650    97030.650    97387.650
   110:    97845.400    97890.410    97939.410    97984.410    98033.410
   115:    98060.610    98078.410    98127.410    98172.410    98221.410
   120:    98266.410    98271.420    98961.600    99086.600    99114.600
   125:    99122.600    99130.600    99136.600    99175.600    99179.600
   130:    99213.600    99231.600    99285.600   100317.600   101475.600
   135:   101480.600   101519.600   102345.600   102367.600   102385.600
   140:   102407.600   102582.600   102963.600   103354.600   103825.600
   145:   103963.600   104271.600   104294.600   105933.600   106851.600
   150:   107421.600   108224.600   108444.600   111757.600   113634.600
   155:   114183.600   115336.600   115453.600   115737.600   116347.600
   160:   118575.600   119473.600   119984.600   120841.600   121227.600
   165:   121418.600   121486.600   131476.600   131812.600   135768.600
   170:   148545.600   149112.600   161534.600   161608.600   161647.600
   175:   161650.600   161792.600   161801.600   161847.600   161861.600
   180:   161999.600   162007.600   162161.600   162927.600   163035.600
   185:   172002.600   172014.600   172566.600   174856.200   174908.250
   190:   174926.250   174974.250   175006.250   175306.650   175519.650
   195:   188175.650   188184.650   188244.650   188313.650   188543.650
   200:   188931.650   188953.650   189907.650   190105.650   190334.650
   205:   190655.650   190721.650   190964.650   191252.650   196578.650
   210:   196599.650   197512.650   197555.650   198261.650   198274.650
   215:   198320.650   198348.650   198369.650   198458.650   200904.650
   220:   201165.650   201503.650   204432.650   204773.650   204886.650
   225:   245045.650   245167.650   245581.650   252179.650   253355.650
   230:   270857.400   270902.410   270938.610   270951.410   270982.610
   235:   270996.410   271045.410   271090.410   271139.410   271184.410
   240:   271233.410   271278.410   271283.420   273160.600   273198.600
   245:   273213.600   273233.600   273238.600   273266.600   273308.600
   250:   273317.600   273363.600   273401.600   273437.600   273443.600
   255:   273654.600   273871.600   274684.600   274708.600   276139.600
   260:   276156.600   277897.600   278778.600   281595.600   281681.600
   265:   282844.600   284268.600   290649.600   297004.600   297407.600
   270:   297492.600   297549.600   300382.600   301192.600   307359.600
   275:   307941.600   333704.600   345603.600   378763.600   379513.600
   280:   379765.600   381349.600   394563.600   394750.600   394787.600
   285:   394817.600   398374.600   399127.600   418543.600   418576.600
   290:   419493.600   433933.600   447829.600   447926.600   448480.600
   295:   449046.600   449138.600   449439.600   449487.600   453036.600
   300:   453770.600   454167.200   454206.250   454286.250   454533.250
   305:   454673.250   454840.650   455000.650   459771.650   473596.650
   310:   473812.650   550168.400   550213.410   550262.410   550307.410
   315:   550356.410   550401.410   550407.610   550450.410   550495.410
   320:   550544.410   550589.410   550594.420   555273.600   555285.600
   325:   555291.600   555330.600   555471.600   556992.600   557086.600
   330:   558102.600   560188.600   564629.600   564994.600   565185.600
   335:   576952.600   579455.600   579935.600   580156.600   580937.600
   340:   580997.600   618163.600   618471.600   618503.600   618530.600
   345:   640828.600   648602.600   650079.200   653918.650   653961.650
   350:   667991.650   669509.250   684771.650   685139.650   685650.650
   355:   685690.650   685698.650   685948.650   685982.650   686045.650
   360:   686190.650   746080.400   746125.410   746174.410   746219.410
   365:   746259.610   746268.410   746313.410   746362.410   746407.410
   370:   746456.410   746501.410   746506.420   747161.600   747186.600
   375:   747191.600   747222.600   747309.600   747349.600   747352.600
   380:   747355.600   747393.600   747409.600   747811.600   748866.600
   385:   748986.600   751383.600   751447.600   751498.600   752015.600
   390:   752037.600   754024.600   759729.600   808271.600   829005.600
   395:   854412.600   854886.600   874587.600   874800.600   876251.200
   400:   878600.250   878744.250   879295.250   879422.250   880872.250
   405:   880984.250   881801.650   882057.650   883193.650   883297.650
   410:   887989.650   888009.650   888385.650   891844.250   917656.650
   415:   955186.650   955238.650   955275.650   955310.650   955342.650
   420:   972252.400   972297.410   972346.410   972387.610   972391.410
   425:   972401.610   972418.610   972440.410   972485.410   972534.410
   430:   972579.410   972628.410   972673.410   972678.420   973277.600
   435:   973285.600   973300.600   973307.600   973375.600   974310.600
   440:   974353.600   976212.600   976237.600   978413.600   983167.600
   445:   983381.600   983576.600   983605.600   989466.200   989635.250
   450:   989787.650   989964.650   990125.650   990554.650  1002346.650
   455:  1002538.650  1007195.650  1007682.250  1008500.250  1019282.650
   460:  1085467.400  1085512.410  1085561.410  1085599.610  1085606.410
   465:  1085655.410  1085700.410  1085749.410  1085794.410  1085843.410
   470:  1085888.410  1085893.420  1086488.600  1086527.600  1087244.600
   475:  1089923.600  1090856.600  1091012.600  1091045.600  1091112.600
   480:  1096785.600  1103988.600  1104363.600  1143944.600  1168791.600
   485:  1168960.600  1171386.200  1171542.250  1171992.250  1172331.250
   490:  1172387.250  1173231.650  1173515.650  1174249.650  1174504.650
   495:  1187306.650  1215020.650  1215362.650  1240348.650  1243268.650
   500:  1243308.650  1243359.650  1243363.650  1252843.650  1252892.650
   505:  1252947.650  1252973.650  1255436.650  1255803.650  1258220.650
   510:  1261436.650  1261525.650  1267387.400  1267432.410  1267465.610
   515:  1267481.410  1267526.410  1267575.410  1267620.410  1267669.410
   520:  1267714.410  1267763.410  1267808.410  1267813.420  1268285.600
   525:  1268331.600  1268377.600  1268412.600  1268419.600  1268429.600
   530:  1268441.600  1268464.600  1268476.600  1268484.600  1268499.600
   535:  1268505.600  1268547.600  1268759.600  1269284.600  1272001.600
   540:  1272515.600  1274197.600  1274819.600  1274875.600  1280161.600
   545:  1282433.600  1282457.600  1301547.200  1301587.250  1301966.250
   550:  1302268.650  1302870.250  1316903.650  1358227.650  1366948.650
   555:  1367138.650  1397548.400  1397593.410  1397605.610  1397642.410
   560:  1397687.410  1397736.410  1397781.410  1397830.410  1397875.410
   565:  1397924.410  1397969.410  1397974.420  1398749.600  1398780.600
   570:  1398785.600  1398800.600  1398833.600  1398857.600  1398866.600
   575:  1398897.600  1398909.600  1400372.600  1402342.600  1402345.600
   580:  1402372.600  1402935.600  1402956.600  1402975.600  1405935.600
   585:  1416350.200  1417134.250  1417178.250  1417366.250  1417467.250
   590:  1417621.250  1440533.650  1441692.650  1442306.650  1442418.650
   595:  1463460.650  1463500.650  1463603.650  1463618.650  1463785.650
   600:  1463802.650  1463821.650  1468230.650  1512351.400  1512396.410
   605:  1512428.610  1512433.610  1512445.410  1512490.410  1512539.410
   610:  1512584.410  1512633.410  1512678.410  1512727.410  1512772.410
   615:  1512777.420  1513661.600  1513697.600  1513762.600  1514644.600
   620:  1514668.600  1516430.600  1518183.600  1533950.600  1536848.600
   625:  1538439.600  1538473.600  1538591.600  1566177.600  1566329.600
   630:  1566617.600  1606278.600  1624017.600  1624469.600  1624488.600
   635:  1624501.600  1624770.600  1638661.200  1639004.250  1639530.250
   640:  1639678.250  1639883.650  1646679.650  1646696.650  1647165.650
   645:  1647198.650  1654185.650  1662107.650  1662186.650  1662264.650
   650:  1662326.650  1662377.650  1662425.650  1665887.250  1665900.250
   655:  1665934.250  1665957.250  1666066.250  1666207.250  1666288.250
   660:  1666444.250  1666460.250  1666489.250  1666711.250  1666726.250
   665:  1667109.650  1667116.650  1667130.650  1667224.650  1668519.650
   670:  1668639.650  1670173.250  1670189.250  1670232.250  1670242.250
   675:  1670261.250  1670505.250  1670582.250  1670769.650  1680066.650
   680:  1682996.650  1701778.650  1702539.650  1702605.650  1713635.650
   685:  1731386.650  1731780.650  1734662.400  1734707.410  1734749.610
   690:  1734756.410  1734801.410  1734850.410  1734895.410  1734944.410
   695:  1734989.410  1735038.410  1735083.410  1735088.420  1735211.600
   700:  1737789.600  1737808.600  1737854.600  1740002.600  1740071.600
   705:  1764188.600  1764877.600  1765613.200  1766186.250  1766404.650
   710:  1766478.650  1787477.650  1816752.650  1825333.650  1829658.650
   715:  1829890.650  1831367.250  1831746.650  1831877.650  1843481.650
   720:  1843562.650  1843717.650  1843740.650  1843743.650  1844495.650
   725:  1852712.650  1856391.650  1856670.650  1856747.650  1856870.650
   730:  1856887.650  1861614.400  1861659.410  1861707.610  1861708.410
   735:  1861753.410  1861802.410  1861847.410  1861896.410  1861941.410
   740:  1861990.410  1862035.410  1862040.420  1862173.600  1863841.600
   745:  1865164.600  1865208.600  1867051.600  1867075.600  1867591.600
   750:  1867733.600  1867771.600  1867775.600  1867829.600  1868015.600
   755:  1868024.600  1868219.600  1868227.600  1868380.600  1868641.600
   760:  1868678.600  1874120.600  1874274.600  1874773.600  1875051.600
   765:  1875106.600  1875114.600  1875255.600  1875269.600  1875310.600
   770:  1877304.600  1877522.600  1877537.600  1877553.600  1880791.600
   775:  1886876.600  1908018.600  1915520.600  1915554.600  1916219.600
   780:  1988837.600  1989388.600  1990965.600  1990981.600  1991161.600
   785:  2010605.600  2011140.600  2019042.600  2019054.600  2019487.600
   790:  2019521.600  2020129.200  2020460.250  2024282.650  2029050.650
   795:  2083594.650  2083714.650  2083902.650  2084229.650  2099499.650
   800:  2111903.650  2112184.650  2116130.400  2116175.410  2116224.410
   805:  2116231.610  2116269.410  2116318.410  2116363.410  2116412.410
   810:  2116457.410  2116506.410  2116551.410  2116556.420  2118311.600
   815:  2118327.600  2120497.600  2120500.600  2120506.600  2120515.600
   820:  2120654.600  2120679.600  2121338.600  2121474.600  2122020.600
   825:  2122121.600  2122215.600  2122422.600  2127243.600  2127257.600
   830:  2127329.600  2190751.600  2208312.600  2235669.600  2235732.600
   835:  2244715.600  2245312.600  2258487.600  2258609.600  2258662.600
   840:  2264100.600  2272219.600  2272533.600  2289935.600  2290096.600
   845:  2290426.600  2290541.600  2326040.600  2326103.600  2326191.600
   850:  2326316.600  2336318.600  2337190.600  2337285.600  2382512.600
   855:  2382555.600  2392164.600  2392238.600  2392286.600  2392335.600
   860:  2392364.600  2392381.600  2392385.600  2392412.600  2409676.600
   865:  2409923.600  2410012.600  2442723.600  2442803.600  2442812.600
   870:  2447786.600  2452797.600  2528421.600  2540310.600  2540518.600
   875:  2540659.600  2540938.600  2546489.600  2546560.600  2547678.600
   880:  2548059.600  2569625.600  2580743.600  2580769.600  2581304.600
   885:  2582032.600  2582518.600  2582632.600  2582664.600  2582881.600
   890:  2582888.600  2582919.600  2582949.600  2638026.200  2638303.250
   895:  2647628.650  2647759.650  2647764.650  2694627.650  2720541.650
   900:  2720548.650  2727155.650  2727199.650  2727262.650  2727309.650
   905:  2727376.650  2734027.400  2734072.410  2734121.410  2734166.410
   910:  2734173.610  2734215.410  2734260.410  2734309.410  2734354.410
   915:  2734403.410  2734448.410  2734453.420  2735227.600  2735232.600
   920:  2735429.600  2736044.600  2739524.600  2739529.600  2739624.600
   925:  2739834.600  2739926.600  2739935.600  2740869.600  2742027.600
   930:  2742251.600  2742366.600  2750681.600  2750719.600  2768614.600
   935:  2768658.600  2768722.600  2824894.600  2825067.600  2825378.600
   940:  2825391.600  2826061.600  2826281.600  2826543.600  2826671.600
   945:  2826707.600  2826951.600  2826959.600  2827119.600  2827673.600
   950:  2828257.600  2828557.600  2828609.600  2828654.600  2862615.600
   955:  2870311.600  2870350.600  2919393.600  2919403.600  2944007.600
   960:  2944129.600  2953704.600  2995230.600  3009927.600  3009978.600
   965:  3010388.600  3010412.600  3010418.600  3010456.600  3010486.600
   970:  3010991.600  3011196.600  3011535.200  3011600.250  3011827.250
   975:  3011876.250  3011906.250  3012537.650  3012815.650  3037117.650
   980:  3055612.650  3079527.650  3081215.250  3081533.650  3107536.400
   985:  3107581.410  3107621.610  3107630.410  3107675.410  3107724.410
   990:  3107769.410  3107818.410  3107863.410  3107912.410  3107957.410
   995:  3107962.420  3108735.600  3108878.600  3108899.600  3108904.600
  1000:  3108918.600  3108922.600  3109166.600  3109926.600  3110119.600
  1005:  3110128.600  3110586.600  3110713.600  3110741.600  3111185.600
  1010:  3111231.600  3111253.600  3111299.600  3111328.600  3111361.600
  1015:  3111411.600  3111432.600  3111464.600  3111955.600  3112690.600
  1020:  3112927.600  3112939.600  3112974.600  3113014.600  3113348.600
  1025:  3113438.600  3113817.600  3114479.600  3114798.600  3118005.600
  1030:  3118157.600  3118270.600  3118651.600  3118762.600  3118784.600
  1035:  3118867.600  3119831.600  3119850.600  3119857.600  3120133.600
  1040:  3120363.600  3120767.600  3121726.600  3121978.600  3123392.600
  1045:  3135691.600  3135770.600  3135893.600  3135968.600  3135984.600
  1050:  3135997.600  3150077.600  3151190.600  3163845.600  3163882.600
  1055:  3164003.600  3164079.600  3204020.600  3204062.600  3204799.600
  1060:  3214988.600  3215036.600  3225170.600  3236101.600  3275125.600
  1065:  3486956.600  3492337.200  3492356.250  3492702.250  3492797.250
  1070:  3492856.250  3493132.650  3508621.650  3531347.650  3531521.650
  1075:  3531782.650  3532950.650  3533110.650  3533337.650  3533441.650
  1080:  3533518.650  3533698.650  3533876.650  3534376.650  3559463.250
  1085:  3588338.400  3588383.410  3588432.410  3588456.610  3588466.610
  1090:  3588477.410  3588526.410  3588571.410  3588620.410  3588665.410
  1095:  3588714.410  3588759.410  3588764.420  3592886.600  3592936.600
  1100:  3593312.600  3595702.600  3595728.600  3595802.600  3595936.600
  1105:  3595999.600  3596055.600  3596080.600  3596129.600  3596185.600
  1110:  3596958.600  3596982.600  3597337.600  3597767.600  3598379.600
  1115:  3598783.600  3600464.600  3601276.600  3601707.600  3601724.600
  1120:  3601731.600  3603191.600  3603247.600  3603894.600  3603989.600
  1125:  3604014.600  3604064.600  3604120.600  3686761.600  3689197.600
  1130:  3690812.600  3910609.600  4307725.600  4307879.600  4313883.600
  1135:  4314129.600  4316159.600  4316254.600  4316315.600  4316347.600
  1140:  4326390.999
E:
     0:        5.200       16.300       28.800       43.200       59.900
     5:       80.100      105.300      139.300      191.600      330.300
F:
     0:        0.000        0.000        0.000        0.000        0.000
     5:        0.000
L:
     0:      214.000       80.000      238.000      178.000      134.000
     5:      131.000       77.000       56.000       76.000       86.000
    10:       92.000      100.000      145.000       84.000      117.000
M:
     0:        0.000        0.000        0.000        0.000        0.000
     5:        0.000
