File: C:\MED-PC IV\DATA\!2023-03-01_18h38m.Subject DF29


Start Date: 03/01/23
End Date: 03/02/23
Subject: DF29
Experiment: delayed_acquisition
Group: 1
Box: 9
Start Time: 18:38:34
End Time:  6:59:48
MSN: Delayed_AcquisitionYoked2_w_magmacro
G:       0.000
H:       0.000
I:       0.000
J:       0.000
K:       0.000
N:       0.000
O:       0.000
P:       0.000
Q:       0.000
R:       0.000
S:       0.000
T:       0.000
U:       0.000
V:       0.000
W:       0.000
X:       7.000
Y:       0.000
Z:       0.000
A:
     0:        2.000       60.000  4320000.000        2.000        0.000
     5:        1.000    96000.000        1.000       10.000        0.000
    10:        0.000        0.000        0.000        0.000        0.000
    15:        0.000        0.000        0.000        0.000        0.000
    20:        0.000        0.000        0.000        0.000        0.000
    25:        0.000        0.000        0.000        0.000        0.000
    30:        0.000        0.000        0.000        0.000        0.000
    35:        0.000        0.000        0.000        0.000        0.000
    40:        0.000        0.000        0.000        0.000        0.000
    45:        0.000        0.000        0.000        0.000        0.000
    50:        0.000        0.000        0.000        0.000        0.000
    55:        0.000        0.000        0.000        0.000        0.000
    60:        0.000        0.000        0.000        0.000        0.000
    65:        0.000        0.000        0.000        0.000        0.000
    70:        0.000        0.000        0.000        0.000        0.000
    75:        0.000        0.000        0.000        0.000        0.000
    80:        0.000        0.000        0.000        0.000        0.000
    85:        0.000        0.000        0.000        0.000        0.000
    90:        0.000        0.000        0.000        0.000        0.000
    95:        0.000        0.000        0.000        0.000        0.000
   100:        0.000
B:
     0:  4320000.000  4320852.000        1.000       23.000        0.000
     5:        0.000        0.000        2.000      280.000      325.000
    10:        0.000      237.000        3.000        7.000       31.000
    15:        0.000        2.000        0.000        0.000        0.000
    20:        0.000        0.000        0.000        0.000        0.000
    25:        0.000        0.000        0.000        0.000        0.000
    30:        1.405        0.000        0.000       20.000        0.000
    35:        0.000        0.000        0.000        0.000        0.000
    40:        0.000        0.000        0.000        0.000        0.000
    45:        0.000        0.000        0.000        0.000        0.000
    50:        0.000        0.000        0.000        0.000        0.000
    55:        0.000        0.000        0.000        0.000        0.000
    60:        0.000        0.000        0.000        0.000        0.000
    65:        0.000        0.000        0.000        0.000        0.000
    70:        0.000        0.000        0.000        0.000        0.000
    75:        0.000        0.000        0.000        0.000        0.000
    80:        0.000        0.000        0.000        0.000        0.000
    85:        0.000        0.000        0.000        0.000        0.000
    90:        0.000        0.000        0.000        0.000        0.000
    95:        0.000        0.000        0.000        0.000        0.000
   100:        0.000
C:
     0:    97204.200    97204.200    97204.200    97204.200    97204.200
     5:    97204.200    97204.200    97204.200    97204.200    97204.200
    10:    99143.300    99159.300    99183.300    99198.300    99222.300
    15:    99239.300    99297.300    99314.300    99336.300    99484.300
    20:    99490.300    99495.300    99514.300    99532.300    99536.300
    25:    99563.300    99580.300    99619.300    99658.300    99704.300
    30:    99769.300    99811.300    99876.300   101957.300   109406.300
    35:   109485.300   111938.100   114846.300   115311.300   116312.100
    40:   121174.300   121288.300   121319.300   121352.300   124827.100
    45:   128650.300   128686.300   133740.100   136288.300   136355.300
    50:   136393.300   136404.300   136433.300   136465.300   136501.300
    55:   136516.300   152022.300   157048.300   171836.100   174201.300
    60:   174540.300   174554.300   174647.300   175165.300   182795.300
    65:   227109.300   227430.300   289032.300   294640.300   309091.300
    70:   309215.300   309514.300   309865.300   309877.300   310662.300
    75:   310770.300   310782.300   310797.300   311318.300   311481.300
    80:   311525.300   311690.300   312922.300   313966.300   410675.300
    85:   410875.300   491860.300   491869.300   491905.300   501733.300
    90:   514633.300   606183.100   609078.100   609680.300   801711.300
    95:   870567.300   884989.300   885292.300  1034364.100  1034876.100
   100:  1035333.300  1035418.300  1035622.300  1035769.300  1035773.300
   105:  1041686.300  1041707.300  1043911.300  1044055.300  1044394.300
   110:  1044931.300  1045026.300  1045038.300  1046710.300  1046731.300
   115:  1046763.300  1046854.300  1052981.300  1053035.300  1053050.300
   120:  1053132.300  1053289.300  1053837.300  1053844.300  1054045.300
   125:  1154911.300  1385061.300  1542774.300  1543270.300  1543341.300
   130:  1680548.300  1814871.300  1825306.100  1844695.100  2058711.100
   135:  2061128.100  2061212.300  2061364.300  2061643.300  2069427.300
   140:  2069608.300  2070430.300  2070767.300  2070772.300  2075660.300
   145:  2075762.300  2076155.300  2076187.300  2397286.300  2397335.300
   150:  2400186.300  2400211.300  2431976.100  2432078.300  2432085.300
   155:  2432711.300  2504587.300  2537234.300  2538391.300  2538455.300
   160:  2538593.300  2657379.300  2657448.300  2657616.300  2657701.300
   165:  2657707.300  2657754.300  2657771.300  2657783.300  2658507.300
   170:  2658544.300  2658586.300  2658627.300  2658663.300  2658670.300
   175:  2658756.300  2658838.300  2658853.300  2658893.300  2723452.300
   180:  2723656.300  2724056.300  2724578.300  2724686.300  2724692.300
   185:  2724700.300  2727566.100  2728053.100  3227165.100  3658635.300
   190:  3884900.200  3884900.200  3884900.200  3884900.200  3884900.200
   195:  3884900.200  3884900.200  3884900.200  3884900.200  3884900.200
   200:  3886266.300  3888873.300  3889598.300  3889620.300  3890909.300
   205:  3890930.300  3891310.300  3891671.300  3891688.300  3896532.300
   210:  3896545.300  3896694.300  3897128.300  3897569.300  3899858.100
   215:  3900226.300  3900255.300  3911313.100  3911671.300  3911851.300
   220:  3911891.300  3911942.300  3911947.300  3911958.300  3911999.300
   225:  3912015.300  3912035.300  3912126.300  3914982.300  3918302.100
   230:  3987424.300  3989970.300  4011282.100  4012265.300  4123454.300
   235:  4123477.300  4123816.300  4124359.300  4125303.300  4127409.300
   240:  4128191.300  4128386.300  4128442.300  4128459.300  4128481.300
   245:  4128515.300  4128634.300  4140786.300  4220319.300  4220365.300
   250:  4220420.300  4220976.300  4226435.100  4227108.100  4239419.300
   255:  4261380.300  4261400.300  4261847.300  4263911.300  4265224.300
   260:  4267367.300  4267443.300  4268656.300  4292999.300  4299545.300
   265:  4299631.300  4299688.300  4300300.300  4300649.300  4302925.300
   270:  4303171.300  4303346.300  4303391.300  4303402.300  4303472.300
   275:  4303482.300  4311599.300  4311641.300  4311706.300  4312386.300
D:
     0:        0.111     8831.650     9407.250    15578.250    17774.250
     5:    18136.250    22201.650    31268.650    47065.250    47365.650
    10:    61391.250    62982.650    63178.650    63186.650    63201.650
    15:    64348.650    64387.650    64417.650    64449.650    64462.650
    20:    64478.650    64509.650    64546.650    69057.650    69072.650
    25:    70250.650    74256.650    74724.650    79159.650    79860.250
    30:    85902.650    88455.650    88617.650    89172.650    91168.650
    35:    91218.650    91249.650    91284.650    95207.650    97204.400
    40:    97249.410    97298.410    97343.410    97349.610    97374.610
    45:    97392.410    97437.410    97486.410    97531.410    97580.410
    50:    97625.410    97630.420    99569.600    99585.600    99609.600
    55:    99624.600    99648.600    99665.600    99723.600    99740.600
    60:    99762.600    99910.600    99916.600    99921.600    99940.600
    65:    99958.600    99962.600    99989.600   100006.600   100045.600
    70:   100084.600   100130.600   100195.600   100237.600   100302.600
    75:   102383.600   109832.600   109911.600   112364.200   115272.600
    80:   115737.600   116738.200   121600.600   121714.600   121745.600
    85:   121778.600   125253.200   129076.600   129112.600   134166.200
    90:   136714.600   136781.600   136819.600   136830.600   136859.600
    95:   136891.600   136927.600   136942.600   152448.600   157474.600
   100:   172262.200   174627.600   174966.600   174980.600   175073.600
   105:   175591.600   183221.600   227535.600   227856.600   289458.600
   110:   295066.600   309517.600   309641.600   309940.600   310291.600
   115:   310303.600   311088.600   311196.600   311208.600   311223.600
   120:   311744.600   311907.600   311951.600   312116.600   313348.600
   125:   314392.600   411101.600   411301.600   492286.600   492295.600
   130:   492331.600   502159.600   515059.600   606609.200   609504.200
   135:   610106.600   802137.600   870993.600   885415.600   885718.600
   140:  1034790.200  1035302.200  1035759.600  1035844.600  1036048.600
   145:  1036195.600  1036199.600  1042112.600  1042133.600  1044337.600
   150:  1044481.600  1044820.600  1045357.600  1045452.600  1045464.600
   155:  1047136.600  1047157.600  1047189.600  1047280.600  1053407.600
   160:  1053461.600  1053476.600  1053558.600  1053715.600  1054263.600
   165:  1054270.600  1054471.600  1155337.600  1385487.600  1543200.600
   170:  1543696.600  1543767.600  1680974.600  1815297.600  1825732.200
   175:  1845121.200  2059137.200  2061554.200  2061638.600  2061790.600
   180:  2062069.600  2069853.600  2070034.600  2070856.600  2071193.600
   185:  2071198.600  2076086.600  2076188.600  2076581.600  2076613.600
   190:  2397712.600  2397761.600  2400612.600  2400637.600  2432402.200
   195:  2432504.600  2432511.600  2433137.600  2505013.600  2537660.600
   200:  2538817.600  2538881.600  2539019.600  2657805.600  2657874.600
   205:  2658042.600  2658127.600  2658133.600  2658180.600  2658197.600
   210:  2658209.600  2658933.600  2658970.600  2659012.600  2659053.600
   215:  2659089.600  2659096.600  2659182.600  2659264.600  2659279.600
   220:  2659319.600  2723878.600  2724082.600  2724482.600  2725004.600
   225:  2725112.600  2725118.600  2725126.600  2727992.200  2728479.200
   230:  3227591.200  3659061.600  3885326.400  3885371.410  3885420.410
   235:  3885464.610  3885465.410  3885514.410  3885559.410  3885608.410
   240:  3885653.410  3885702.410  3885747.410  3885752.420  3887118.600
   245:  3889725.600  3890450.600  3890472.600  3891761.600  3891782.600
   250:  3892162.600  3892523.600  3892540.600  3897384.600  3897397.600
   255:  3897546.600  3897980.600  3898421.600  3900710.200  3901078.600
   260:  3901107.600  3912165.200  3912523.600  3912703.600  3912743.600
   265:  3912794.600  3912799.600  3912810.600  3912851.600  3912867.600
   270:  3912887.600  3912978.600  3915834.600  3919154.200  3988276.600
   275:  3990822.600  4012134.200  4013117.600  4124306.600  4124329.600
   280:  4124668.600  4125211.600  4126155.600  4128261.600  4129043.600
   285:  4129238.600  4129294.600  4129311.600  4129333.600  4129367.600
   290:  4129486.600  4141638.600  4221171.600  4221217.600  4221272.600
   295:  4221828.600  4227287.200  4227960.200  4240271.600  4262232.600
   300:  4262252.600  4262699.600  4264763.600  4266076.600  4268219.600
   305:  4268295.600  4269508.600  4293851.600  4300397.600  4300483.600
   310:  4300540.600  4301152.600  4301501.600  4303777.600  4304023.600
   315:  4304198.600  4304243.600  4304254.600  4304324.600  4304334.600
   320:  4312451.600  4312493.600  4312558.600  4313238.600  4320852.999
E:
     0:        5.200       16.300       28.800       43.200       59.900
     5:       80.100      105.300      139.300      191.600      330.300
F:
     0:        0.000        0.000        0.000        0.000        0.000
     5:        0.000
L:
     0:      144.000      137.000
M:
     0:        0.000        0.000        0.000        0.000        0.000
     5:        0.000
