File: C:\MED-PC IV\DATA\!2023-02-23_18h49m.Subject DF22


Start Date: 02/23/23
End Date: 02/24/23
Subject: DF22
Experiment: delayed_acquisition
Group: 1
Box: 2
Start Time: 18:49:05
End Time:  7:10:33
MSN: Delayed_Acquisition2_w_magmacro
G:       0.000
H:       0.000
I:       0.000
J:       0.000
K:       0.000
N:       0.000
O:       0.000
P:       0.000
Q:       0.000
R:       0.000
S:       0.000
T:       0.000
U:       0.000
V:       0.000
W:       0.000
X:       0.000
Y:       0.000
Z:       0.000
A:
     0:        2.000       60.000  4320000.000        2.000        0.000
     5:        1.000    96000.000        0.000       10.000        0.000
    10:        0.000        0.000        0.000        0.000        0.000
    15:        0.000        0.000        0.000        0.000        0.000
    20:        0.000        0.000        0.000        0.000        0.000
    25:        0.000        0.000        0.000        0.000        0.000
    30:        0.000        0.000        0.000        0.000        0.000
    35:        0.000        0.000        0.000        0.000        0.000
    40:        0.000        0.000        0.000        0.000        0.000
    45:        0.000        0.000        0.000        0.000        0.000
    50:        0.000        0.000        0.000        0.000        0.000
    55:        0.000        0.000        0.000        0.000        0.000
    60:        0.000        0.000        0.000        0.000        0.000
    65:        0.000        0.000        0.000        0.000        0.000
    70:        0.000        0.000        0.000        0.000        0.000
    75:        0.000        0.000        0.000        0.000        0.000
    80:        0.000        0.000        0.000        0.000        0.000
    85:        0.000        0.000        0.000        0.000        0.000
    90:        0.000        0.000        0.000        0.000        0.000
    95:        0.000        0.000        0.000        0.000        0.000
   100:        0.000
B:
     0:  4320000.000  4320426.000        1.000        1.000        0.000
     5:        0.000        0.000        1.000     2119.000     2178.000
    10:        0.000     2108.000        1.000        0.000       55.000
    15:        0.000        1.000        0.000        0.000        0.000
    20:        0.000        0.000        0.000        0.000        0.000
    25:        0.000        0.000        0.000        0.000        0.000
    30:        1.850        0.000        0.000       10.000        0.000
    35:        0.000        0.000        0.000        0.000        0.000
    40:        0.000        0.000        0.000        0.000        0.000
    45:        0.000        0.000        0.000        0.000        0.000
    50:        0.000        0.000        0.000        0.000        0.000
    55:        0.000        0.000        0.000        0.000        0.000
    60:        0.000        0.000        0.000        0.000        0.000
    65:        0.000        0.000        0.000        0.000        0.000
    70:        0.000        0.000        0.000        0.000        0.000
    75:        0.000        0.000        0.000        0.000        0.000
    80:        0.000        0.000        0.000        0.000        0.000
    85:        0.000        0.000        0.000        0.000        0.000
    90:        0.000        0.000        0.000        0.000        0.000
    95:        0.000        0.000        0.000        0.000        0.000
   100:        0.000
C:
     0:     3831.300     3988.300     6451.300     6977.300     8081.300
     5:     8463.100   104464.200   104464.200   104464.200   104464.200
    10:   104464.200   104464.200   104464.200   104464.200   104464.200
    15:   104464.200   105604.300   105956.300   105980.300   106342.300
    20:   106597.300   106643.300   106887.300   107313.300   108461.300
    25:   109324.300   109617.300   110293.300   110387.300   110598.300
    30:   111015.300   111313.300   111366.300   111858.300   111945.300
    35:   112014.300   112117.300   112230.300   112272.300   112282.300
    40:   112513.300   112515.300   112524.300   114382.300   114662.300
    45:   114754.300   115487.300   115500.300   122849.300   123013.300
    50:   123034.300   123101.300   123890.300   125290.300   127353.300
    55:   129832.300   130561.300   130951.300   134777.300   140726.300
    60:   146212.300   154615.300   155602.300   155614.300   156262.300
    65:   156677.300   157081.300   157407.300   157476.300   159900.300
    70:   160857.300   162676.300   163921.300   164007.300   164043.300
    75:   167935.300   169664.300   170133.300   172313.300   173603.300
    80:   174091.300   174105.300   174120.300   174134.300   174158.300
    85:   174189.300   174203.300   174294.300   175544.300   177116.300
    90:   178309.300   179370.300   181016.300   182270.300   182715.300
    95:   182854.300   184694.300   187262.300   188551.300   189770.300
   100:   189908.300   192477.300   192514.300   195060.300   195480.300
   105:   195941.300   196064.300   197187.300   199195.300   202050.300
   110:   205260.300   207394.300   209690.300   210559.300   211300.300
   115:   211487.300   212263.300   212270.300   214609.300   215716.300
   120:   215802.300   217247.300   217317.300   218297.300   218350.300
   125:   220627.300   222414.300   223477.300   225895.300   226445.300
   130:   226570.300   230698.300   232499.300   236414.300   238165.300
   135:   238214.300   242670.300   242726.300   242731.300   243315.300
   140:   243707.300   245556.300   246614.300   247309.300   253947.300
   145:   255460.300   257731.300   261639.300   265477.300   267041.300
   150:   272616.300   273971.300   274441.300   275792.300   277516.300
   155:   278363.300   279113.300   279365.300   279879.300   280272.300
   160:   281634.300   283776.300   284849.300   285252.300   286810.300
   165:   288389.300   292009.300   293107.300   294587.300   297923.300
   170:   299701.300   300122.300   300525.300   300913.300   302251.300
   175:   310301.300   311309.300   315895.300   319011.300   319881.300
   180:   319986.300   321077.300   322436.300   322874.300   323444.300
   185:   326866.300   327158.300   328457.300   331093.300   331138.300
   190:   331222.300   331275.300   331316.300   331452.300   331513.300
   195:   331573.300   331583.300   331635.300   331659.300   331688.300
   200:   331953.300   332009.300   332129.300   332730.300   337707.300
   205:   339082.300   345858.300   347753.300   356813.300   358589.300
   210:   360157.300   360658.300   364683.300   364858.300   368608.300
   215:   369980.300   371040.300   373475.300   373522.300   373530.300
   220:   373583.300   378129.300   379805.300   381458.300   381810.300
   225:   381852.300   386277.300   388249.300   388865.300   389023.300
   230:   389053.300   390324.300   391193.300   391262.300   391315.300
   235:   391319.300   391352.300   391355.300   397376.300   398910.300
   240:   401770.300   402218.300   407246.300   407536.300   408542.300
   245:   416105.300   417509.300   418046.300   418440.300   418706.300
   250:   418798.300   421828.300   422146.300   427919.300   429065.300
   255:   434123.300   435705.300   437171.300   438619.300   454452.300
   260:   455083.300   455484.300   459944.300   462921.300   463021.300
   265:   463041.300   463064.300   463126.300   466026.300   472381.300
   270:   473802.300   474261.300   474639.300   476836.300   478435.300
   275:   479051.300   485853.300   487153.300   487207.300   487327.300
   280:   487343.300   487346.300   487470.300   487484.300   487561.300
   285:   487595.300   487648.300   488479.300   494303.300   495411.300
   290:   495447.300   496164.300   496781.300   497982.300   502887.300
   295:   504634.300   507048.300   507936.300   508292.300   508556.300
   300:   509938.300   510073.300   510849.300   511084.300   517751.300
   305:   518949.300   519437.300   519686.300   519697.300   519727.300
   310:   521340.300   521403.300   521443.300   521530.300   521544.300
   315:   525676.300   526613.300   529249.300   529283.300   529285.300
   320:   529827.300   530086.300   530369.300   532043.300   536353.300
   325:   537773.300   539212.300   539784.300   539827.300   541314.300
   330:   542488.300   545133.300   545812.300   546586.300   546917.300
   335:   549528.300   553068.300   553731.300   556184.300   557343.300
   340:   559027.300   559052.300   559964.300   561319.300   566550.300
   345:   566560.300   567151.300   567197.300   567306.300   567351.300
   350:   567412.300   567463.300   567524.300   568233.300   568242.300
   355:   568253.300   568489.300   569020.300   569026.300   570288.300
   360:   571040.300   573762.300   578031.300   578929.300   579001.300
   365:   579074.300   579101.300   579164.300   579191.300   579199.300
   370:   579269.300   579336.300   580048.300   582011.300   582047.300
   375:   583855.300   584306.300   586720.300   586813.300   588200.300
   380:   590077.300   592013.300   593923.300   595297.300   595319.300
   385:   596951.300   598575.300   598767.300   599721.300   600596.300
   390:   603017.300   604410.300   605005.300   606809.300   611347.300
   395:   614427.300   614744.300   617374.300   617774.300   617826.300
   400:   617843.300   617900.300   618051.300   619365.300   620759.300
   405:   621538.300   622280.300   637231.300   638369.300   642723.300
   410:   643126.300   645124.300   646561.300   653449.300   654376.300
   415:   654636.300   655082.300   658145.300   659355.300   659664.300
   420:   660144.300   660259.300   660292.300   660299.300   660327.300
   425:   662631.300   663145.300   665326.300   668814.300   669262.300
   430:   670646.300   672843.300   674817.300   681952.300   683439.300
   435:   683745.300   684424.300   685621.300   686938.300   686993.300
   440:   687528.300   689480.300   689489.300   689579.300   689666.300
   445:   690880.300   693323.300   694864.300   694951.300   698279.300
   450:   701532.300   702595.300   703347.300   703712.300   705471.300
   455:   706475.300   711369.300   712101.300   712488.300   712543.300
   460:   712765.300   712846.300   715368.300   715661.300   716279.300
   465:   716590.300   716905.300   717927.300   717961.300   717964.300
   470:   717969.300   718440.300   718977.300   720231.300   721371.300
   475:   723633.300   727468.300   728768.300   729487.300   729514.300
   480:   732282.300   733761.300   734322.300   734863.300   735119.300
   485:   735820.300   738576.300   739452.300   739546.300   739595.300
   490:   739703.300   739730.300   742571.300   751119.300   753385.300
   495:   753507.300   754853.300   757655.300   757741.300   758003.300
   500:   758023.300   758074.300   758196.300   758287.300   760078.300
   505:   760203.300   760300.300   760671.300   764623.300   765944.300
   510:   765974.300   766217.300   767682.300   769275.300   772981.300
   515:   774012.300   775195.300   775406.300   776847.300   776881.300
   520:   776912.300   778239.300   779045.300   779056.300   779406.300
   525:   781146.300   783987.300   784013.300   784065.300   784079.300
   530:   784103.300   785005.300   785465.300   789913.300   790952.300
   535:   791335.300   791360.300   792242.300   792860.300   795241.300
   540:   796349.300   796410.300   796483.300   805253.300   807863.300
   545:   808509.300   808671.300   808786.300   809173.300   809328.300
   550:   809361.300   812552.300   815811.300   817331.300   822579.300
   555:   824634.300   825855.300   826303.300   826337.300   826434.300
   560:   826550.300   826632.300   826910.300   826931.300   827005.300
   565:   827657.300   827749.300   829135.300   829374.300   830375.300
   570:   830461.300   831909.300   832090.300   837909.300   838691.300
   575:   839238.300   841925.300   843859.300   847447.300   848716.300
   580:   850847.300   851741.300   851770.300   852771.300   855878.300
   585:   857336.300   857506.300   858175.300   861552.300   863474.300
   590:   864637.300   864803.300   868479.300   869349.300   870240.300
   595:   873272.300   873738.300   873777.300   873816.300   873853.300
   600:   874864.300   877318.300   878425.300   880162.300   880581.300
   605:   880624.300   880628.300   880778.300   881034.300   881355.300
   610:   884606.300   885572.300   886365.300   886412.300   886470.300
   615:   886535.300   887418.300   890511.300   894537.300   895762.300
   620:   896021.300   899776.300   900324.300   901019.300   901110.300
   625:   901981.300   902239.300   902925.300   903004.300   903060.300
   630:   906500.300   906518.300   907408.300   907522.300   907625.300
   635:   907637.300   908584.300   908590.300   908662.300   909129.300
   640:   909912.300   911337.300   912089.300   912852.300   912876.300
   645:   914745.300   916803.300   916939.300   916983.300   917142.300
   650:   917929.300   918878.300   919039.300   919560.300   927709.300
   655:   930116.300   930649.300   931323.300   932693.300   933511.300
   660:   935129.300   935172.300   936428.300   936593.300   936711.300
   665:   937687.300   937772.300   938844.300   940329.300   940975.300
   670:   941006.300   944163.300   952987.300   952999.300   953114.300
   675:   953224.300   955733.300   956360.300   957131.300   958619.300
   680:   958731.300   959218.300   960511.300   963613.300   964870.300
   685:   966143.300   966199.300   967047.300   967422.300   972949.300
   690:   972978.300   974376.300   974392.300   974468.300   974515.300
   695:   978768.300   979264.300   980957.300   981620.300   981915.300
   700:   982612.300   986312.300   986422.300   987999.300   991243.300
   705:   992196.300   996176.300   997548.300   998129.300   998354.300
   710:   999543.300  1000424.300  1003585.300  1004220.300  1007895.300
   715:  1024685.300  1025160.300  1025915.300  1025919.300  1026427.300
   720:  1027756.300  1027890.300  1028649.300  1031068.300  1032028.300
   725:  1032845.300  1034952.300  1035914.300  1037187.300  1037798.300
   730:  1037975.300  1038284.300  1050539.300  1051273.300  1056184.300
   735:  1057529.300  1058039.300  1058067.300  1058096.300  1058678.300
   740:  1058754.300  1063598.300  1064853.300  1068096.300  1068715.300
   745:  1069859.300  1072045.300  1072138.300  1072222.300  1072371.300
   750:  1072919.300  1073793.300  1074677.300  1074869.300  1074911.300
   755:  1075228.300  1075422.300  1075447.300  1075482.300  1075935.300
   760:  1078751.300  1078889.300  1078905.300  1079062.300  1079094.300
   765:  1079227.300  1083408.300  1083471.300  1083565.300  1084451.300
   770:  1084902.300  1084932.300  1084976.300  1085806.300  1088294.300
   775:  1089176.300  1089257.300  1089317.300  1089379.300  1090396.300
   780:  1091293.300  1096484.300  1096557.300  1098785.300  1103713.300
   785:  1104283.300  1107257.300  1110072.300  1111230.300  1111451.300
   790:  1112155.300  1114076.300  1115492.300  1115525.300  1115548.300
   795:  1115580.300  1117420.300  1118690.300  1120434.300  1123101.300
   800:  1124696.300  1127185.300  1127362.300  1128671.300  1128854.300
   805:  1131949.300  1132817.300  1138804.300  1140478.300  1140779.300
   810:  1141164.300  1141893.300  1143233.300  1149807.300  1150851.300
   815:  1152173.300  1152829.300  1153163.300  1153567.300  1154109.300
   820:  1154578.300  1155731.300  1157112.300  1157631.300  1162367.300
   825:  1167066.300  1167318.300  1168642.300  1168675.300  1168704.300
   830:  1169515.300  1170348.300  1174620.300  1176019.300  1176482.300
   835:  1177141.300  1179682.300  1181707.300  1185065.300  1185108.300
   840:  1185255.300  1187454.300  1187578.300  1188679.300  1188767.300
   845:  1191007.300  1191708.300  1191768.300  1192297.300  1192922.300
   850:  1192972.300  1193015.300  1193175.300  1195787.300  1196451.300
   855:  1196494.300  1196796.300  1196846.300  1196958.300  1197000.300
   860:  1197006.300  1199228.300  1200483.300  1201317.300  1201668.300
   865:  1201963.300  1202055.300  1202245.300  1203012.300  1203526.300
   870:  1203647.300  1204647.300  1210037.300  1211870.300  1213758.300
   875:  1215361.300  1226349.300  1227478.300  1227917.300  1228190.300
   880:  1228216.300  1228726.300  1229183.300  1229220.300  1229571.300
   885:  1230361.300  1232251.300  1232369.300  1233097.300  1233909.300
   890:  1233967.300  1239091.300  1240009.300  1240695.300  1241464.300
   895:  1242199.300  1242205.300  1242346.300  1244762.300  1245737.300
   900:  1250235.300  1251898.300  1252825.300  1253600.300  1258823.300
   905:  1259844.300  1259990.300  1260281.300  1260316.300  1260427.300
   910:  1260566.300  1260906.300  1261532.300  1262302.300  1265641.300
   915:  1265831.300  1271233.300  1271246.300  1271272.300  1271467.300
   920:  1272495.300  1272619.300  1273642.300  1274120.300  1275903.300
   925:  1280983.300  1283560.300  1284027.300  1284640.300  1284708.300
   930:  1284788.300  1284799.300  1284810.300  1287671.300  1288420.300
   935:  1291701.300  1295577.300  1298952.300  1299716.300  1299750.300
   940:  1299900.300  1300901.300  1301254.300  1304863.300  1305665.300
   945:  1306936.300  1310509.300  1311538.300  1314247.300  1315443.300
   950:  1320125.300  1321222.300  1322364.300  1322544.300  1322618.300
   955:  1322664.300  1323466.300  1323522.300  1327474.300  1328688.300
   960:  1330113.300  1330127.300  1332273.300  1336256.300  1337402.300
   965:  1345676.300  1346311.300  1346346.300  1347109.300  1347621.300
   970:  1348046.300  1349662.300  1350918.300  1352983.300  1353037.300
   975:  1353525.300  1354790.300  1356258.300  1356321.300  1360806.300
   980:  1361742.300  1364310.300  1364579.300  1366615.300  1369866.300
   985:  1370675.300  1373286.300  1374025.300  1374516.300  1374977.300
   990:  1377758.300  1378748.300  1382385.300  1382410.300  1382457.300
   995:  1383275.300  1384094.300  1384605.300  1384909.300  1385978.300
  1000:  1386562.300  1387075.300  1400205.300  1400500.300  1404957.300
  1005:  1406905.300  1408744.300  1409436.300  1410650.300  1410929.300
  1010:  1411002.300  1442864.300  1446632.300  1446978.300  1447839.300
  1015:  1451601.300  1452214.300  1452510.300  1452707.300  1453355.300
  1020:  1455602.300  1455963.300  1456907.300  1457819.300  1459464.300
  1025:  1459529.300  1459535.300  1459573.300  1460685.300  1461864.300
  1030:  1472589.300  1473733.300  1474261.300  1474649.300  1479396.300
  1035:  1480268.300  1481886.300  1485007.300  1486347.300  1487507.300
  1040:  1487977.300  1492756.300  1494210.300  1494276.300  1496271.300
  1045:  1497822.300  1502002.300  1503238.300  1503341.300  1504594.300
  1050:  1504667.300  1504786.300  1505701.300  1508324.300  1509512.300
  1055:  1510324.300  1518418.300  1518450.300  1521441.300  1523372.300
  1060:  1526069.300  1526072.300  1527315.300  1528137.300  1528881.300
  1065:  1532289.300  1533437.300  1535887.300  1536269.300  1537957.300
  1070:  1542847.300  1549922.300  1550458.300  1554858.300  1556175.300
  1075:  1556207.300  1556327.300  1556384.300  1559292.300  1567695.300
  1080:  1569534.300  1569622.300  1570575.300  1571571.300  1571620.300
  1085:  1572968.300  1572994.300  1573000.300  1573179.300  1573207.300
  1090:  1576710.300  1576921.300  1578552.300  1584076.300  1585842.300
  1095:  1585900.300  1585953.300  1587368.300  1588332.300  1589281.300
  1100:  1589408.300  1589453.300  1606681.300  1608268.300  1608363.300
  1105:  1610862.300  1611368.300  1611400.300  1612296.300  1612922.300
  1110:  1613517.300  1613755.300  1617307.300  1618653.300  1618731.300
  1115:  1618954.300  1620608.300  1620658.300  1626176.300  1627356.300
  1120:  1627619.300  1627769.300  1627806.300  1628640.300  1629710.300
  1125:  1642261.300  1642877.300  1646452.300  1646989.300  1648147.300
  1130:  1648869.300  1648929.300  1648986.300  1649069.300  1649219.300
  1135:  1651269.300  1651304.300  1655445.300  1657900.300  1659071.300
  1140:  1663412.300  1664032.300  1664410.300  1667200.300  1668093.300
  1145:  1689446.300  1690067.300  1690148.300  1690774.300  1691322.300
  1150:  1691610.300  1692371.300  1694916.300  1694984.300  1695780.300
  1155:  1696070.300  1696940.300  1700436.300  1700444.300  1701035.300
  1160:  1701393.300  1703951.300  1714379.300  1714403.300  1719279.300
  1165:  1720034.300  1720308.300  1720920.300  1721285.300  1725443.300
  1170:  1727189.300  1731169.300  1732162.300  1732283.300  1732637.300
  1175:  1736869.300  1737947.300  1738814.300  1739055.300  1742712.300
  1180:  1742758.300  1743352.300  1770516.300  1771296.300  1772564.300
  1185:  1777596.300  1778348.300  1779950.300  1781886.300  1781921.300
  1190:  1799407.300  1799414.300  1799460.300  1799510.300  1799522.300
  1195:  1809855.300  1810531.300  1812843.300  1814198.300  1814242.300
  1200:  1814291.300  1822700.300  1823592.300  1824519.300  1825317.300
  1205:  1835310.300  1837036.300  1840403.300  1840571.300  1842119.300
  1210:  1843703.300  1845183.300  1845459.300  1845501.300  1852184.300
  1215:  1852959.300  1854149.300  1854866.300  1855645.300  1857281.300
  1220:  1861222.300  1862775.300  1869990.300  1871507.300  1871541.300
  1225:  1872368.300  1880283.300  1881501.300  1883001.300  1883811.300
  1230:  1883953.300  1889915.300  1890946.300  1895110.300  1899249.300
  1235:  1899381.300  1899992.300  1900322.300  1900796.300  1901421.300
  1240:  1901544.300  1901596.300  1901814.300  1903368.300  1904438.300
  1245:  1906179.300  1913682.300  1915853.300  1916469.300  1916654.300
  1250:  1917810.300  1920974.300  1922110.300  1922156.300  1922686.300
  1255:  1925146.300  1926211.300  1930733.300  1933066.300  1933422.300
  1260:  1937372.300  1938511.300  1941899.300  1942572.300  1945533.300
  1265:  1945540.300  1946833.300  1946892.300  1947355.300  1948047.300
  1270:  1948763.300  1949444.300  1951854.300  1955766.300  1956475.300
  1275:  1957216.300  1957764.300  1958785.300  1962537.300  1964423.300
  1280:  1964610.300  1966678.300  1974913.300  1975353.300  1976234.300
  1285:  1977825.300  1984623.300  1984834.300  1984969.300  1985110.300
  1290:  1985172.300  1985484.300  1985520.300  1985582.300  1985681.300
  1295:  1985985.300  1986414.300  1986448.300  1986561.300  1986656.300
  1300:  1986882.300  1987106.300  1987217.300  1988100.300  1988969.300
  1305:  1993872.300  1994315.300  1995289.300  1995429.300  1995436.300
  1310:  1996387.300  1997199.300  2018141.300  2018157.300  2019838.300
  1315:  2020552.300  2021629.300  2026405.300  2027456.300  2028416.300
  1320:  2051481.300  2052034.300  2063155.300  2064093.300  2064269.300
  1325:  2064353.300  2069287.300  2070189.300  2070554.300  2073405.300
  1330:  2074006.300  2074086.300  2074131.300  2074381.300  2077714.300
  1335:  2079159.300  2079990.300  2081347.300  2081362.300  2082554.300
  1340:  2082768.300  2083852.300  2084169.300  2087323.300  2087339.300
  1345:  2088956.300  2089049.300  2094525.300  2095767.300  2095784.300
  1350:  2101061.300  2102894.300  2103450.300  2103898.300  2104023.300
  1355:  2111081.300  2111747.300  2118434.300  2118500.300  2119819.300
  1360:  2120485.300  2120729.300  2121527.300  2121567.300  2121627.300
  1365:  2121734.300  2121825.300  2121994.300  2122091.300  2122115.300
  1370:  2122126.300  2122958.300  2123259.300  2127898.300  2129581.300
  1375:  2130474.300  2130549.300  2130594.300  2131856.300  2136085.300
  1380:  2139241.300  2140282.300  2140746.300  2142351.300  2151258.300
  1385:  2151938.300  2154394.300  2154428.300  2154482.300  2156363.300
  1390:  2166496.300  2167904.300  2170890.300  2172008.300  2172642.300
  1395:  2172761.300  2179031.300  2180053.300  2180125.300  2183285.300
  1400:  2184221.300  2184475.300  2184483.300  2187514.300  2187951.300
  1405:  2192512.300  2192533.300  2193912.300  2194093.300  2194296.300
  1410:  2194661.300  2195257.300  2195687.300  2195750.300  2195826.300
  1415:  2199406.300  2200396.300  2200974.300  2201046.300  2201082.300
  1420:  2204139.300  2209358.300  2210624.300  2210802.300  2211062.300
  1425:  2211180.300  2211822.300  2211949.300  2214505.300  2215483.300
  1430:  2215518.300  2215524.300  2215566.300  2217676.300  2218303.300
  1435:  2218690.300  2218718.300  2222253.300  2223290.300  2228287.300
  1440:  2231671.300  2235387.300  2235792.300  2236523.300  2237912.300
  1445:  2239185.300  2242475.300  2243785.300  2244097.300  2244568.300
  1450:  2244837.300  2247320.300  2248115.300  2248993.300  2250470.300
  1455:  2250565.300  2254123.300  2256054.300  2256601.300  2256759.300
  1460:  2257333.300  2257354.300  2257441.300  2258315.300  2258375.300
  1465:  2258380.300  2258537.300  2258592.300  2258667.300  2258701.300
  1470:  2258741.300  2258779.300  2260129.300  2260869.300  2262400.300
  1475:  2264161.300  2264368.300  2270018.300  2270068.300  2275682.300
  1480:  2275741.300  2275810.300  2276921.300  2277181.300  2277769.300
  1485:  2280869.300  2281705.300  2281786.300  2281854.300  2281881.300
  1490:  2281895.300  2281905.300  2287228.300  2288116.300  2288248.300
  1495:  2296348.300  2297399.300  2297835.300  2297856.300  2298492.300
  1500:  2298584.300  2298664.300  2302082.300  2302256.300  2303183.300
  1505:  2303418.300  2303509.300  2303629.300  2304201.300  2304204.300
  1510:  2304337.300  2304426.300  2305054.300  2305391.300  2305584.300
  1515:  2308019.300  2308955.300  2308965.300  2311829.300  2312634.300
  1520:  2313163.300  2313232.300  2313572.300  2316320.300  2318157.300
  1525:  2318776.300  2323116.300  2324108.300  2326895.300  2327953.300
  1530:  2328175.300  2328252.300  2328512.300  2329672.300  2330801.300
  1535:  2331441.300  2340936.300  2343305.300  2344616.300  2344691.300
  1540:  2350730.300  2353249.300  2353387.300  2353399.300  2353429.300
  1545:  2353488.300  2354165.300  2354280.300  2354567.300  2355014.300
  1550:  2355040.300  2355057.300  2356109.300  2356358.300  2356379.300
  1555:  2356552.300  2356565.300  2356717.300  2356744.300  2356780.300
  1560:  2364687.300  2377785.300  2379747.300  2379768.300  2381811.300
  1565:  2381899.300  2383938.300  2387234.300  2388579.300  2395709.300
  1570:  2395750.300  2395762.300  2395790.300  2395849.300  2396050.300
  1575:  2664466.300  2664476.300  2665452.300  2666018.300  2666496.300
  1580:  2669629.300  2670157.300  2670334.300  2671322.300  2671569.300
  1585:  2674221.300  2674240.300  2674248.300  2674306.300  2679896.300
  1590:  2680848.300  2685376.300  2689631.300  2693466.300  2695461.300
  1595:  2695632.300  2700435.300  2702067.300  2702955.300  2702982.300
  1600:  2703027.300  2704761.300  2705131.300  2705196.300  2705287.300
  1605:  2705370.300  2705439.300  2705459.300  2705518.300  2705579.300
  1610:  2722294.300  2723162.300  2725811.300  2726345.300  2726520.300
  1615:  2727011.300  2727171.300  2729168.300  2729352.300  2729383.300
  1620:  2729447.300  2729668.300  2735232.300  2736464.300  2737608.300
  1625:  2741222.300  2749358.300  2750555.300  2751876.300  2752914.300
  1630:  2753510.300  2776084.300  2776980.300  2777646.300  2778493.300
  1635:  2778561.300  2781449.300  2782712.300  2784905.300  2784993.300
  1640:  2785799.300  2785900.300  2786049.300  2795545.300  2801486.300
  1645:  2802832.300  2804728.300  2805137.300  2806716.300  2808323.300
  1650:  2809422.300  2811631.300  2813525.300  2821937.300  2824132.300
  1655:  2825949.300  2826084.300  2827203.300  2828261.300  2828287.300
  1660:  2828677.300  2828800.300  2829015.300  2829149.300  2829471.300
  1665:  2830665.300  2830692.300  2831031.300  2835681.300  2838831.300
  1670:  2853866.300  2855190.300  2856073.300  2856361.300  2856422.300
  1675:  2856452.300  2858132.300  2858253.300  2858279.300  2858325.300
  1680:  2858372.300  2859056.300  2859781.300  2860701.300  2860722.300
  1685:  2865433.300  2865467.300  2866703.300  2868805.300  2870558.300
  1690:  2871363.300  2875151.300  2880579.300  2887084.300  2889270.300
  1695:  2893891.300  2894799.300  2895452.300  2900592.300  2902290.300
  1700:  2903294.300  2904456.300  2905246.300  2906980.300  2907519.300
  1705:  2911764.300  2911809.300  2915922.300  2921636.300  2924563.300
  1710:  2925700.300  2925729.300  2925736.300  2926088.300  2926282.300
  1715:  2926356.300  2926732.300  2927839.300  2927913.300  2939302.300
  1720:  2940638.300  2941041.300  2941271.300  2944881.300  2945960.300
  1725:  2950419.300  2951077.300  2951841.300  2955553.300  2956808.300
  1730:  2961710.300  2962589.300  2963481.300  2967683.300  2968200.300
  1735:  2969303.300  2980449.300  2982194.300  2982222.300  2985919.300
  1740:  2986663.300  2990490.300  2994589.300  2995977.300  2996695.300
  1745:  2996930.300  2997655.300  2997830.300  2997883.300  2998706.300
  1750:  2999479.300  3000235.300  3008496.300  3009459.300  3013144.300
  1755:  3013408.300  3018810.300  3018858.300  3019436.300  3020495.300
  1760:  3021010.300  3023812.300  3025685.300  3032659.300  3034056.300
  1765:  3056601.300  3057976.300  3060676.300  3061795.300  3068348.300
  1770:  3070448.300  3077305.300  3077350.300  3078977.300  3088009.300
  1775:  3088769.300  3092111.300  3092915.300  3093138.300  3104400.300
  1780:  3104661.300  3105244.300  3105623.300  3108411.300  3108866.300
  1785:  3115634.300  3119166.300  3119778.300  3123739.300  3126934.300
  1790:  3127293.300  3128035.300  3128220.300  3132252.300  3132361.300
  1795:  3132857.300  3137209.300  3138468.300  3138776.300  3139074.300
  1800:  3139107.300  3139697.300  3139930.300  3141481.300  3142085.300
  1805:  3142421.300  3142498.300  3142561.300  3142580.300  3143173.300
  1810:  3143607.300  3144052.300  3146798.300  3147949.300  3148001.300
  1815:  3148327.300  3152829.300  3154062.300  3157932.300  3158864.300
  1820:  3159425.300  3159584.300  3160383.300  3162690.300  3162755.300
  1825:  3163026.300  3163939.300  3167800.300  3170398.300  3171053.300
  1830:  3175428.300  3176680.300  3182369.300  3183487.300  3183853.300
  1835:  3184226.300  3184522.300  3190459.300  3190518.300  3192339.300
  1840:  3203617.300  3204554.300  3204838.300  3205300.300  3205381.300
  1845:  3205407.300  3206410.300  3206911.300  3209697.300  3209764.300
  1850:  3210682.300  3218147.300  3219340.300  3222609.300  3223248.300
  1855:  3226232.300  3226428.300  3230128.300  3230857.300  3231373.300
  1860:  3231711.300  3231797.300  3234886.300  3234919.300  3236023.300
  1865:  3238266.300  3239154.300  3240006.300  3240327.300  3249111.300
  1870:  3254463.300  3255368.300  3258664.300  3259545.300  3259722.300
  1875:  3263826.300  3263866.300  3268899.300  3273086.300  3273424.300
  1880:  3276537.300  3277323.300  3277795.300  3282257.300  3282348.300
  1885:  3283411.300  3283757.300  3283929.300  3284219.300  3286451.300
  1890:  3288105.300  3291701.300  3293234.300  3293520.300  3293579.300
  1895:  3297814.300  3297897.300  3297906.300  3297949.300  3298051.300
  1900:  3298229.300  3298409.300  3299077.300  3301627.300  3308527.300
  1905:  3309631.300  3311427.300  3311605.300  3311616.300  3312250.300
  1910:  3315513.300  3329676.300  3330378.300  3334186.300  3335466.300
  1915:  3338675.300  3340934.300  3340951.300  3344753.300  3346102.300
  1920:  3347378.300  3351272.300  3351319.300  3351988.300  3352084.300
  1925:  3354958.300  3356724.300  3357337.300  3362372.300  3366668.300
  1930:  3371686.300  3379704.300  3380635.300  3382443.300  3382815.300
  1935:  3392493.300  3393379.300  3397113.300  3398385.300  3406331.300
  1940:  3407732.300  3410222.300  3411500.300  3417255.300  3417899.300
  1945:  3421945.300  3422103.300  3422428.300  3422460.300  3422473.300
  1950:  3422477.300  3422493.300  3422986.300  3423049.300  3423497.300
  1955:  3423514.300  3423524.300  3423762.300  3423808.300  3423946.300
  1960:  3424026.300  3424065.300  3424087.300  3424120.300  3424136.300
  1965:  3424144.300  3424150.300  3424199.300  3424205.300  3424253.300
  1970:  3424506.300  3424535.300  3424641.300  3424651.300  3424660.300
  1975:  3424669.300  3424696.300  3424708.300  3424721.300  3424960.300
  1980:  3424976.300  3425009.300  3425036.300  3425060.300  3425090.300
  1985:  3425097.300  3425179.300  3425210.300  3425233.300  3425249.300
  1990:  3425258.300  3425268.300  3425278.300  3425298.300  3425311.300
  1995:  3425346.300  3425408.300  3425415.300  3425425.300  3425434.300
  2000:  3426024.300  3427277.300  3427790.300  3427950.300  3431681.300
  2005:  3432003.300  3435981.300  3436022.300  3436380.300  3441328.300
  2010:  3443199.300  3444405.300  3445357.300  3446696.300  3449093.300
  2015:  3455090.300  3455111.300  3463060.300  3467157.300  3471147.300
  2020:  3473142.300  3476256.300  3477667.300  3479765.300  3479822.300
  2025:  3480164.300  3480302.300  3480363.300  3480505.300  3481902.300
  2030:  3487377.300  3490138.300  3490188.300  3561124.300  3563867.300
  2035:  3564954.300  3565007.300  3565727.300  3569252.300  3570178.300
  2040:  3573359.300  3574697.300  3577686.300  3578130.300  3579162.300
  2045:  3579650.300  3581662.300  3581757.300  3585144.300  3586803.300
  2050:  3587179.300  3587194.300  3593697.300  3598137.300  3599861.300
  2055:  3600622.300  3601002.300  3601089.300  3601168.300  3607487.300
  2060:  3609809.300  3609993.300  3610043.300  3610115.300  3610182.300
  2065:  3610232.300  3610647.300  3611732.300  3623966.300  3634055.300
  2070:  3635537.300  3635680.300  3642702.300  3644646.300  3646250.300
  2075:  3647052.300  3652689.300  3654547.300  3655218.300  3655365.300
  2080:  3671200.300  3671321.300  3885925.300  3897827.300  3898145.300
  2085:  3900125.300  3900446.300  3901611.300  3973847.300  3974490.300
  2090:  3981944.300  3989482.300  3989973.300  3990246.300  3991818.300
  2095:  3994917.300  3999484.300  4000500.300  4004432.300  4006071.300
  2100:  4012798.300  4014539.300  4014773.300  4023655.300  4023766.300
  2105:  4024566.300  4135262.300  4136146.300  4136962.300  4137025.300
  2110:  4137467.300  4306992.300  4307845.300  4308877.300  4309866.300
  2115:  4315124.300  4316024.300  4316472.300  4316890.300
D:
     0:        0.111     3831.600     3988.600     6451.600     6977.600
     5:     8081.600     8463.200    11915.650    11939.650    11952.650
    10:    12911.650    13269.650    16868.650    16884.650    23572.650
    15:    24427.650    35658.650    35677.650    36255.650    37185.650
    20:    42021.650    43929.650    43945.650    43950.650    44039.650
    25:    45881.650    45978.650    48225.650    49554.650    50824.650
    30:    56885.650    57891.650    58433.650    59356.650    60098.650
    35:    60141.650    60168.650    60806.650    64773.650    68929.650
    40:    71253.650    71706.650    76299.650    82586.650    84248.650
    45:    86616.650    87015.650    88262.650    88658.650    92717.650
    50:    94945.650    95037.650    97221.650    98366.650    98395.650
    55:    98418.650    98426.650    98459.650    98513.650    98703.650
    60:   100082.650   100806.650   104464.400   104509.410   104558.410
    65:   104603.410   104650.610   104652.410   104697.410   104746.410
    70:   104791.410   104840.410   104885.410   104890.420   106030.600
    75:   106382.600   106406.600   106768.600   107023.600   107069.600
    80:   107313.600   107739.600   108887.600   109750.600   110043.600
    85:   110719.600   110813.600   111024.600   111441.600   111739.600
    90:   111792.600   112284.600   112371.600   112440.600   112543.600
    95:   112656.600   112698.600   112708.600   112939.600   112941.600
   100:   112950.600   114808.600   115088.600   115180.600   115913.600
   105:   115926.600   123275.600   123439.600   123460.600   123527.600
   110:   124316.600   125716.600   127779.600   130258.600   130987.600
   115:   131377.600   135203.600   141152.600   146638.600   155041.600
   120:   156028.600   156040.600   156688.600   157103.600   157507.600
   125:   157833.600   157902.600   160326.600   161283.600   163102.600
   130:   164347.600   164433.600   164469.600   168361.600   170090.600
   135:   170559.600   172739.600   174029.600   174517.600   174531.600
   140:   174546.600   174560.600   174584.600   174615.600   174629.600
   145:   174720.600   175970.600   177542.600   178735.600   179796.600
   150:   181442.600   182696.600   183141.600   183280.600   185120.600
   155:   187688.600   188977.600   190196.600   190334.600   192903.600
   160:   192940.600   195486.600   195906.600   196367.600   196490.600
   165:   197613.600   199621.600   202476.600   205686.600   207820.600
   170:   210116.600   210985.600   211726.600   211913.600   212689.600
   175:   212696.600   215035.600   216142.600   216228.600   217673.600
   180:   217743.600   218723.600   218776.600   221053.600   222840.600
   185:   223903.600   226321.600   226871.600   226996.600   231124.600
   190:   232925.600   236840.600   238591.600   238640.600   243096.600
   195:   243152.600   243157.600   243741.600   244133.600   245982.600
   200:   247040.600   247735.600   254373.600   255886.600   258157.600
   205:   262065.600   265903.600   267467.600   273042.600   274397.600
   210:   274867.600   276218.600   277942.600   278789.600   279539.600
   215:   279791.600   280305.600   280698.600   282060.600   284202.600
   220:   285275.600   285678.600   287236.600   288815.600   292435.600
   225:   293533.600   295013.600   298349.600   300127.600   300548.600
   230:   300951.600   301339.600   302677.600   310727.600   311735.600
   235:   316321.600   319437.600   320307.600   320412.600   321503.600
   240:   322862.600   323300.600   323870.600   327292.600   327584.600
   245:   328883.600   331519.600   331564.600   331648.600   331701.600
   250:   331742.600   331878.600   331939.600   331999.600   332009.600
   255:   332061.600   332085.600   332114.600   332379.600   332435.600
   260:   332555.600   333156.600   338133.600   339508.600   346284.600
   265:   348179.600   357239.600   359015.600   360583.600   361084.600
   270:   365109.600   365284.600   369034.600   370406.600   371466.600
   275:   373901.600   373948.600   373956.600   374009.600   378555.600
   280:   380231.600   381884.600   382236.600   382278.600   386703.600
   285:   388675.600   389291.600   389449.600   389479.600   390750.600
   290:   391619.600   391688.600   391741.600   391745.600   391778.600
   295:   391781.600   397802.600   399336.600   402196.600   402644.600
   300:   407672.600   407962.600   408968.600   416531.600   417935.600
   305:   418472.600   418866.600   419132.600   419224.600   422254.600
   310:   422572.600   428345.600   429491.600   434549.600   436131.600
   315:   437597.600   439045.600   454878.600   455509.600   455910.600
   320:   460370.600   463347.600   463447.600   463467.600   463490.600
   325:   463552.600   466452.600   472807.600   474228.600   474687.600
   330:   475065.600   477262.600   478861.600   479477.600   486279.600
   335:   487579.600   487633.600   487753.600   487769.600   487772.600
   340:   487896.600   487910.600   487987.600   488021.600   488074.600
   345:   488905.600   494729.600   495837.600   495873.600   496590.600
   350:   497207.600   498408.600   503313.600   505060.600   507474.600
   355:   508362.600   508718.600   508982.600   510364.600   510499.600
   360:   511275.600   511510.600   518177.600   519375.600   519863.600
   365:   520112.600   520123.600   520153.600   521766.600   521829.600
   370:   521869.600   521956.600   521970.600   526102.600   527039.600
   375:   529675.600   529709.600   529711.600   530253.600   530512.600
   380:   530795.600   532469.600   536779.600   538199.600   539638.600
   385:   540210.600   540253.600   541740.600   542914.600   545559.600
   390:   546238.600   547012.600   547343.600   549954.600   553494.600
   395:   554157.600   556610.600   557769.600   559453.600   559478.600
   400:   560390.600   561745.600   566976.600   566986.600   567577.600
   405:   567623.600   567732.600   567777.600   567838.600   567889.600
   410:   567950.600   568659.600   568668.600   568679.600   568915.600
   415:   569446.600   569452.600   570714.600   571466.600   574188.600
   420:   578457.600   579355.600   579427.600   579500.600   579527.600
   425:   579590.600   579617.600   579625.600   579695.600   579762.600
   430:   580474.600   582437.600   582473.600   584281.600   584732.600
   435:   587146.600   587239.600   588626.600   590503.600   592439.600
   440:   594349.600   595723.600   595745.600   597377.600   599001.600
   445:   599193.600   600147.600   601022.600   603443.600   604836.600
   450:   605431.600   607235.600   611773.600   614853.600   615170.600
   455:   617800.600   618200.600   618252.600   618269.600   618326.600
   460:   618477.600   619791.600   621185.600   621964.600   622706.600
   465:   637657.600   638795.600   643149.600   643552.600   645550.600
   470:   646987.600   653875.600   654802.600   655062.600   655508.600
   475:   658571.600   659781.600   660090.600   660570.600   660685.600
   480:   660718.600   660725.600   660753.600   663057.600   663571.600
   485:   665752.600   669240.600   669688.600   671072.600   673269.600
   490:   675243.600   682378.600   683865.600   684171.600   684850.600
   495:   686047.600   687364.600   687419.600   687954.600   689906.600
   500:   689915.600   690005.600   690092.600   691306.600   693749.600
   505:   695290.600   695377.600   698705.600   701958.600   703021.600
   510:   703773.600   704138.600   705897.600   706901.600   711795.600
   515:   712527.600   712914.600   712969.600   713191.600   713272.600
   520:   715794.600   716087.600   716705.600   717016.600   717331.600
   525:   718353.600   718387.600   718390.600   718395.600   718866.600
   530:   719403.600   720657.600   721797.600   724059.600   727894.600
   535:   729194.600   729913.600   729940.600   732708.600   734187.600
   540:   734748.600   735289.600   735545.600   736246.600   739002.600
   545:   739878.600   739972.600   740021.600   740129.600   740156.600
   550:   742997.600   751545.600   753811.600   753933.600   755279.600
   555:   758081.600   758167.600   758429.600   758449.600   758500.600
   560:   758622.600   758713.600   760504.600   760629.600   760726.600
   565:   761097.600   765049.600   766370.600   766400.600   766643.600
   570:   768108.600   769701.600   773407.600   774438.600   775621.600
   575:   775832.600   777273.600   777307.600   777338.600   778665.600
   580:   779471.600   779482.600   779832.600   781572.600   784413.600
   585:   784439.600   784491.600   784505.600   784529.600   785431.600
   590:   785891.600   790339.600   791378.600   791761.600   791786.600
   595:   792668.600   793286.600   795667.600   796775.600   796836.600
   600:   796909.600   805679.600   808289.600   808935.600   809097.600
   605:   809212.600   809599.600   809754.600   809787.600   812978.600
   610:   816237.600   817757.600   823005.600   825060.600   826281.600
   615:   826729.600   826763.600   826860.600   826976.600   827058.600
   620:   827336.600   827357.600   827431.600   828083.600   828175.600
   625:   829561.600   829800.600   830801.600   830887.600   832335.600
   630:   832516.600   838335.600   839117.600   839664.600   842351.600
   635:   844285.600   847873.600   849142.600   851273.600   852167.600
   640:   852196.600   853197.600   856304.600   857762.600   857932.600
   645:   858601.600   861978.600   863900.600   865063.600   865229.600
   650:   868905.600   869775.600   870666.600   873698.600   874164.600
   655:   874203.600   874242.600   874279.600   875290.600   877744.600
   660:   878851.600   880588.600   881007.600   881050.600   881054.600
   665:   881204.600   881460.600   881781.600   885032.600   885998.600
   670:   886791.600   886838.600   886896.600   886961.600   887844.600
   675:   890937.600   894963.600   896188.600   896447.600   900202.600
   680:   900750.600   901445.600   901536.600   902407.600   902665.600
   685:   903351.600   903430.600   903486.600   906926.600   906944.600
   690:   907834.600   907948.600   908051.600   908063.600   909010.600
   695:   909016.600   909088.600   909555.600   910338.600   911763.600
   700:   912515.600   913278.600   913302.600   915171.600   917229.600
   705:   917365.600   917409.600   917568.600   918355.600   919304.600
   710:   919465.600   919986.600   928135.600   930542.600   931075.600
   715:   931749.600   933119.600   933937.600   935555.600   935598.600
   720:   936854.600   937019.600   937137.600   938113.600   938198.600
   725:   939270.600   940755.600   941401.600   941432.600   944589.600
   730:   953413.600   953425.600   953540.600   953650.600   956159.600
   735:   956786.600   957557.600   959045.600   959157.600   959644.600
   740:   960937.600   964039.600   965296.600   966569.600   966625.600
   745:   967473.600   967848.600   973375.600   973404.600   974802.600
   750:   974818.600   974894.600   974941.600   979194.600   979690.600
   755:   981383.600   982046.600   982341.600   983038.600   986738.600
   760:   986848.600   988425.600   991669.600   992622.600   996602.600
   765:   997974.600   998555.600   998780.600   999969.600  1000850.600
   770:  1004011.600  1004646.600  1008321.600  1025111.600  1025586.600
   775:  1026341.600  1026345.600  1026853.600  1028182.600  1028316.600
   780:  1029075.600  1031494.600  1032454.600  1033271.600  1035378.600
   785:  1036340.600  1037613.600  1038224.600  1038401.600  1038710.600
   790:  1050965.600  1051699.600  1056610.600  1057955.600  1058465.600
   795:  1058493.600  1058522.600  1059104.600  1059180.600  1064024.600
   800:  1065279.600  1068522.600  1069141.600  1070285.600  1072471.600
   805:  1072564.600  1072648.600  1072797.600  1073345.600  1074219.600
   810:  1075103.600  1075295.600  1075337.600  1075654.600  1075848.600
   815:  1075873.600  1075908.600  1076361.600  1079177.600  1079315.600
   820:  1079331.600  1079488.600  1079520.600  1079653.600  1083834.600
   825:  1083897.600  1083991.600  1084877.600  1085328.600  1085358.600
   830:  1085402.600  1086232.600  1088720.600  1089602.600  1089683.600
   835:  1089743.600  1089805.600  1090822.600  1091719.600  1096910.600
   840:  1096983.600  1099211.600  1104139.600  1104709.600  1107683.600
   845:  1110498.600  1111656.600  1111877.600  1112581.600  1114502.600
   850:  1115918.600  1115951.600  1115974.600  1116006.600  1117846.600
   855:  1119116.600  1120860.600  1123527.600  1125122.600  1127611.600
   860:  1127788.600  1129097.600  1129280.600  1132375.600  1133243.600
   865:  1139230.600  1140904.600  1141205.600  1141590.600  1142319.600
   870:  1143659.600  1150233.600  1151277.600  1152599.600  1153255.600
   875:  1153589.600  1153993.600  1154535.600  1155004.600  1156157.600
   880:  1157538.600  1158057.600  1162793.600  1167492.600  1167744.600
   885:  1169068.600  1169101.600  1169130.600  1169941.600  1170774.600
   890:  1175046.600  1176445.600  1176908.600  1177567.600  1180108.600
   895:  1182133.600  1185491.600  1185534.600  1185681.600  1187880.600
   900:  1188004.600  1189105.600  1189193.600  1191433.600  1192134.600
   905:  1192194.600  1192723.600  1193348.600  1193398.600  1193441.600
   910:  1193601.600  1196213.600  1196877.600  1196920.600  1197222.600
   915:  1197272.600  1197384.600  1197426.600  1197432.600  1199654.600
   920:  1200909.600  1201743.600  1202094.600  1202389.600  1202481.600
   925:  1202671.600  1203438.600  1203952.600  1204073.600  1205073.600
   930:  1210463.600  1212296.600  1214184.600  1215787.600  1226775.600
   935:  1227904.600  1228343.600  1228616.600  1228642.600  1229152.600
   940:  1229609.600  1229646.600  1229997.600  1230787.600  1232677.600
   945:  1232795.600  1233523.600  1234335.600  1234393.600  1239517.600
   950:  1240435.600  1241121.600  1241890.600  1242625.600  1242631.600
   955:  1242772.600  1245188.600  1246163.600  1250661.600  1252324.600
   960:  1253251.600  1254026.600  1259249.600  1260270.600  1260416.600
   965:  1260707.600  1260742.600  1260853.600  1260992.600  1261332.600
   970:  1261958.600  1262728.600  1266067.600  1266257.600  1271659.600
   975:  1271672.600  1271698.600  1271893.600  1272921.600  1273045.600
   980:  1274068.600  1274546.600  1276329.600  1281409.600  1283986.600
   985:  1284453.600  1285066.600  1285134.600  1285214.600  1285225.600
   990:  1285236.600  1288097.600  1288846.600  1292127.600  1296003.600
   995:  1299378.600  1300142.600  1300176.600  1300326.600  1301327.600
  1000:  1301680.600  1305289.600  1306091.600  1307362.600  1310935.600
  1005:  1311964.600  1314673.600  1315869.600  1320551.600  1321648.600
  1010:  1322790.600  1322970.600  1323044.600  1323090.600  1323892.600
  1015:  1323948.600  1327900.600  1329114.600  1330539.600  1330553.600
  1020:  1332699.600  1336682.600  1337828.600  1346102.600  1346737.600
  1025:  1346772.600  1347535.600  1348047.600  1348472.600  1350088.600
  1030:  1351344.600  1353409.600  1353463.600  1353951.600  1355216.600
  1035:  1356684.600  1356747.600  1361232.600  1362168.600  1364736.600
  1040:  1365005.600  1367041.600  1370292.600  1371101.600  1373712.600
  1045:  1374451.600  1374942.600  1375403.600  1378184.600  1379174.600
  1050:  1382811.600  1382836.600  1382883.600  1383701.600  1384520.600
  1055:  1385031.600  1385335.600  1386404.600  1386988.600  1387501.600
  1060:  1400631.600  1400926.600  1405383.600  1407331.600  1409170.600
  1065:  1409862.600  1411076.600  1411355.600  1411428.600  1443290.600
  1070:  1447058.600  1447404.600  1448265.600  1452027.600  1452640.600
  1075:  1452936.600  1453133.600  1453781.600  1456028.600  1456389.600
  1080:  1457333.600  1458245.600  1459890.600  1459955.600  1459961.600
  1085:  1459999.600  1461111.600  1462290.600  1473015.600  1474159.600
  1090:  1474687.600  1475075.600  1479822.600  1480694.600  1482312.600
  1095:  1485433.600  1486773.600  1487933.600  1488403.600  1493182.600
  1100:  1494636.600  1494702.600  1496697.600  1498248.600  1502428.600
  1105:  1503664.600  1503767.600  1505020.600  1505093.600  1505212.600
  1110:  1506127.600  1508750.600  1509938.600  1510750.600  1518844.600
  1115:  1518876.600  1521867.600  1523798.600  1526495.600  1526498.600
  1120:  1527741.600  1528563.600  1529307.600  1532715.600  1533863.600
  1125:  1536313.600  1536695.600  1538383.600  1543273.600  1550348.600
  1130:  1550884.600  1555284.600  1556601.600  1556633.600  1556753.600
  1135:  1556810.600  1559718.600  1568121.600  1569960.600  1570048.600
  1140:  1571001.600  1571997.600  1572046.600  1573394.600  1573420.600
  1145:  1573426.600  1573605.600  1573633.600  1577136.600  1577347.600
  1150:  1578978.600  1584502.600  1586268.600  1586326.600  1586379.600
  1155:  1587794.600  1588758.600  1589707.600  1589834.600  1589879.600
  1160:  1607107.600  1608694.600  1608789.600  1611288.600  1611794.600
  1165:  1611826.600  1612722.600  1613348.600  1613943.600  1614181.600
  1170:  1617733.600  1619079.600  1619157.600  1619380.600  1621034.600
  1175:  1621084.600  1626602.600  1627782.600  1628045.600  1628195.600
  1180:  1628232.600  1629066.600  1630136.600  1642687.600  1643303.600
  1185:  1646878.600  1647415.600  1648573.600  1649295.600  1649355.600
  1190:  1649412.600  1649495.600  1649645.600  1651695.600  1651730.600
  1195:  1655871.600  1658326.600  1659497.600  1663838.600  1664458.600
  1200:  1664836.600  1667626.600  1668519.600  1689872.600  1690493.600
  1205:  1690574.600  1691200.600  1691748.600  1692036.600  1692797.600
  1210:  1695342.600  1695410.600  1696206.600  1696496.600  1697366.600
  1215:  1700862.600  1700870.600  1701461.600  1701819.600  1704377.600
  1220:  1714805.600  1714829.600  1719705.600  1720460.600  1720734.600
  1225:  1721346.600  1721711.600  1725869.600  1727615.600  1731595.600
  1230:  1732588.600  1732709.600  1733063.600  1737295.600  1738373.600
  1235:  1739240.600  1739481.600  1743138.600  1743184.600  1743778.600
  1240:  1770942.600  1771722.600  1772990.600  1778022.600  1778774.600
  1245:  1780376.600  1782312.600  1782347.600  1799833.600  1799840.600
  1250:  1799886.600  1799936.600  1799948.600  1810281.600  1810957.600
  1255:  1813269.600  1814624.600  1814668.600  1814717.600  1823126.600
  1260:  1824018.600  1824945.600  1825743.600  1835736.600  1837462.600
  1265:  1840829.600  1840997.600  1842545.600  1844129.600  1845609.600
  1270:  1845885.600  1845927.600  1852610.600  1853385.600  1854575.600
  1275:  1855292.600  1856071.600  1857707.600  1861648.600  1863201.600
  1280:  1870416.600  1871933.600  1871967.600  1872794.600  1880709.600
  1285:  1881927.600  1883427.600  1884237.600  1884379.600  1890341.600
  1290:  1891372.600  1895536.600  1899675.600  1899807.600  1900418.600
  1295:  1900748.600  1901222.600  1901847.600  1901970.600  1902022.600
  1300:  1902240.600  1903794.600  1904864.600  1906605.600  1914108.600
  1305:  1916279.600  1916895.600  1917080.600  1918236.600  1921400.600
  1310:  1922536.600  1922582.600  1923112.600  1925572.600  1926637.600
  1315:  1931159.600  1933492.600  1933848.600  1937798.600  1938937.600
  1320:  1942325.600  1942998.600  1945959.600  1945966.600  1947259.600
  1325:  1947318.600  1947781.600  1948473.600  1949189.600  1949870.600
  1330:  1952280.600  1956192.600  1956901.600  1957642.600  1958190.600
  1335:  1959211.600  1962963.600  1964849.600  1965036.600  1967104.600
  1340:  1975339.600  1975779.600  1976660.600  1978251.600  1985049.600
  1345:  1985260.600  1985395.600  1985536.600  1985598.600  1985910.600
  1350:  1985946.600  1986008.600  1986107.600  1986411.600  1986840.600
  1355:  1986874.600  1986987.600  1987082.600  1987308.600  1987532.600
  1360:  1987643.600  1988526.600  1989395.600  1994298.600  1994741.600
  1365:  1995715.600  1995855.600  1995862.600  1996813.600  1997625.600
  1370:  2018567.600  2018583.600  2020264.600  2020978.600  2022055.600
  1375:  2026831.600  2027882.600  2028842.600  2051907.600  2052460.600
  1380:  2063581.600  2064519.600  2064695.600  2064779.600  2069713.600
  1385:  2070615.600  2070980.600  2073831.600  2074432.600  2074512.600
  1390:  2074557.600  2074807.600  2078140.600  2079585.600  2080416.600
  1395:  2081773.600  2081788.600  2082980.600  2083194.600  2084278.600
  1400:  2084595.600  2087749.600  2087765.600  2089382.600  2089475.600
  1405:  2094951.600  2096193.600  2096210.600  2101487.600  2103320.600
  1410:  2103876.600  2104324.600  2104449.600  2111507.600  2112173.600
  1415:  2118860.600  2118926.600  2120245.600  2120911.600  2121155.600
  1420:  2121953.600  2121993.600  2122053.600  2122160.600  2122251.600
  1425:  2122420.600  2122517.600  2122541.600  2122552.600  2123384.600
  1430:  2123685.600  2128324.600  2130007.600  2130900.600  2130975.600
  1435:  2131020.600  2132282.600  2136511.600  2139667.600  2140708.600
  1440:  2141172.600  2142777.600  2151684.600  2152364.600  2154820.600
  1445:  2154854.600  2154908.600  2156789.600  2166922.600  2168330.600
  1450:  2171316.600  2172434.600  2173068.600  2173187.600  2179457.600
  1455:  2180479.600  2180551.600  2183711.600  2184647.600  2184901.600
  1460:  2184909.600  2187940.600  2188377.600  2192938.600  2192959.600
  1465:  2194338.600  2194519.600  2194722.600  2195087.600  2195683.600
  1470:  2196113.600  2196176.600  2196252.600  2199832.600  2200822.600
  1475:  2201400.600  2201472.600  2201508.600  2204565.600  2209784.600
  1480:  2211050.600  2211228.600  2211488.600  2211606.600  2212248.600
  1485:  2212375.600  2214931.600  2215909.600  2215944.600  2215950.600
  1490:  2215992.600  2218102.600  2218729.600  2219116.600  2219144.600
  1495:  2222679.600  2223716.600  2228713.600  2232097.600  2235813.600
  1500:  2236218.600  2236949.600  2238338.600  2239611.600  2242901.600
  1505:  2244211.600  2244523.600  2244994.600  2245263.600  2247746.600
  1510:  2248541.600  2249419.600  2250896.600  2250991.600  2254549.600
  1515:  2256480.600  2257027.600  2257185.600  2257759.600  2257780.600
  1520:  2257867.600  2258741.600  2258801.600  2258806.600  2258963.600
  1525:  2259018.600  2259093.600  2259127.600  2259167.600  2259205.600
  1530:  2260555.600  2261295.600  2262826.600  2264587.600  2264794.600
  1535:  2270444.600  2270494.600  2276108.600  2276167.600  2276236.600
  1540:  2277347.600  2277607.600  2278195.600  2281295.600  2282131.600
  1545:  2282212.600  2282280.600  2282307.600  2282321.600  2282331.600
  1550:  2287654.600  2288542.600  2288674.600  2296774.600  2297825.600
  1555:  2298261.600  2298282.600  2298918.600  2299010.600  2299090.600
  1560:  2302508.600  2302682.600  2303609.600  2303844.600  2303935.600
  1565:  2304055.600  2304627.600  2304630.600  2304763.600  2304852.600
  1570:  2305480.600  2305817.600  2306010.600  2308445.600  2309381.600
  1575:  2309391.600  2312255.600  2313060.600  2313589.600  2313658.600
  1580:  2313998.600  2316746.600  2318583.600  2319202.600  2323542.600
  1585:  2324534.600  2327321.600  2328379.600  2328601.600  2328678.600
  1590:  2328938.600  2330098.600  2331227.600  2331867.600  2341362.600
  1595:  2343731.600  2345042.600  2345117.600  2351156.600  2353675.600
  1600:  2353813.600  2353825.600  2353855.600  2353914.600  2354591.600
  1605:  2354706.600  2354993.600  2355440.600  2355466.600  2355483.600
  1610:  2356535.600  2356784.600  2356805.600  2356978.600  2356991.600
  1615:  2357143.600  2357170.600  2357206.600  2365113.600  2378211.600
  1620:  2380173.600  2380194.600  2382237.600  2382325.600  2384364.600
  1625:  2387660.600  2389005.600  2396135.600  2396176.600  2396188.600
  1630:  2396216.600  2396275.600  2396476.600  2664892.600  2664902.600
  1635:  2665878.600  2666444.600  2666922.600  2670055.600  2670583.600
  1640:  2670760.600  2671748.600  2671995.600  2674647.600  2674666.600
  1645:  2674674.600  2674732.600  2680322.600  2681274.600  2685802.600
  1650:  2690057.600  2693892.600  2695887.600  2696058.600  2700861.600
  1655:  2702493.600  2703381.600  2703408.600  2703453.600  2705187.600
  1660:  2705557.600  2705622.600  2705713.600  2705796.600  2705865.600
  1665:  2705885.600  2705944.600  2706005.600  2722720.600  2723588.600
  1670:  2726237.600  2726771.600  2726946.600  2727437.600  2727597.600
  1675:  2729594.600  2729778.600  2729809.600  2729873.600  2730094.600
  1680:  2735658.600  2736890.600  2738034.600  2741648.600  2749784.600
  1685:  2750981.600  2752302.600  2753340.600  2753936.600  2776510.600
  1690:  2777406.600  2778072.600  2778919.600  2778987.600  2781875.600
  1695:  2783138.600  2785331.600  2785419.600  2786225.600  2786326.600
  1700:  2786475.600  2795971.600  2801912.600  2803258.600  2805154.600
  1705:  2805563.600  2807142.600  2808749.600  2809848.600  2812057.600
  1710:  2813951.600  2822363.600  2824558.600  2826375.600  2826510.600
  1715:  2827629.600  2828687.600  2828713.600  2829103.600  2829226.600
  1720:  2829441.600  2829575.600  2829897.600  2831091.600  2831118.600
  1725:  2831457.600  2836107.600  2839257.600  2854292.600  2855616.600
  1730:  2856499.600  2856787.600  2856848.600  2856878.600  2858558.600
  1735:  2858679.600  2858705.600  2858751.600  2858798.600  2859482.600
  1740:  2860207.600  2861127.600  2861148.600  2865859.600  2865893.600
  1745:  2867129.600  2869231.600  2870984.600  2871789.600  2875577.600
  1750:  2881005.600  2887510.600  2889696.600  2894317.600  2895225.600
  1755:  2895878.600  2901018.600  2902716.600  2903720.600  2904882.600
  1760:  2905672.600  2907406.600  2907945.600  2912190.600  2912235.600
  1765:  2916348.600  2922062.600  2924989.600  2926126.600  2926155.600
  1770:  2926162.600  2926514.600  2926708.600  2926782.600  2927158.600
  1775:  2928265.600  2928339.600  2939728.600  2941064.600  2941467.600
  1780:  2941697.600  2945307.600  2946386.600  2950845.600  2951503.600
  1785:  2952267.600  2955979.600  2957234.600  2962136.600  2963015.600
  1790:  2963907.600  2968109.600  2968626.600  2969729.600  2980875.600
  1795:  2982620.600  2982648.600  2986345.600  2987089.600  2990916.600
  1800:  2995015.600  2996403.600  2997121.600  2997356.600  2998081.600
  1805:  2998256.600  2998309.600  2999132.600  2999905.600  3000661.600
  1810:  3008922.600  3009885.600  3013570.600  3013834.600  3019236.600
  1815:  3019284.600  3019862.600  3020921.600  3021436.600  3024238.600
  1820:  3026111.600  3033085.600  3034482.600  3057027.600  3058402.600
  1825:  3061102.600  3062221.600  3068774.600  3070874.600  3077731.600
  1830:  3077776.600  3079403.600  3088435.600  3089195.600  3092537.600
  1835:  3093341.600  3093564.600  3104826.600  3105087.600  3105670.600
  1840:  3106049.600  3108837.600  3109292.600  3116060.600  3119592.600
  1845:  3120204.600  3124165.600  3127360.600  3127719.600  3128461.600
  1850:  3128646.600  3132678.600  3132787.600  3133283.600  3137635.600
  1855:  3138894.600  3139202.600  3139500.600  3139533.600  3140123.600
  1860:  3140356.600  3141907.600  3142511.600  3142847.600  3142924.600
  1865:  3142987.600  3143006.600  3143599.600  3144033.600  3144478.600
  1870:  3147224.600  3148375.600  3148427.600  3148753.600  3153255.600
  1875:  3154488.600  3158358.600  3159290.600  3159851.600  3160010.600
  1880:  3160809.600  3163116.600  3163181.600  3163452.600  3164365.600
  1885:  3168226.600  3170824.600  3171479.600  3175854.600  3177106.600
  1890:  3182795.600  3183913.600  3184279.600  3184652.600  3184948.600
  1895:  3190885.600  3190944.600  3192765.600  3204043.600  3204980.600
  1900:  3205264.600  3205726.600  3205807.600  3205833.600  3206836.600
  1905:  3207337.600  3210123.600  3210190.600  3211108.600  3218573.600
  1910:  3219766.600  3223035.600  3223674.600  3226658.600  3226854.600
  1915:  3230554.600  3231283.600  3231799.600  3232137.600  3232223.600
  1920:  3235312.600  3235345.600  3236449.600  3238692.600  3239580.600
  1925:  3240432.600  3240753.600  3249537.600  3254889.600  3255794.600
  1930:  3259090.600  3259971.600  3260148.600  3264252.600  3264292.600
  1935:  3269325.600  3273512.600  3273850.600  3276963.600  3277749.600
  1940:  3278221.600  3282683.600  3282774.600  3283837.600  3284183.600
  1945:  3284355.600  3284645.600  3286877.600  3288531.600  3292127.600
  1950:  3293660.600  3293946.600  3294005.600  3298240.600  3298323.600
  1955:  3298332.600  3298375.600  3298477.600  3298655.600  3298835.600
  1960:  3299503.600  3302053.600  3308953.600  3310057.600  3311853.600
  1965:  3312031.600  3312042.600  3312676.600  3315939.600  3330102.600
  1970:  3330804.600  3334612.600  3335892.600  3339101.600  3341360.600
  1975:  3341377.600  3345179.600  3346528.600  3347804.600  3351698.600
  1980:  3351745.600  3352414.600  3352510.600  3355384.600  3357150.600
  1985:  3357763.600  3362798.600  3367094.600  3372112.600  3380130.600
  1990:  3381061.600  3382869.600  3383241.600  3392919.600  3393805.600
  1995:  3397539.600  3398811.600  3406757.600  3408158.600  3410648.600
  2000:  3411926.600  3417681.600  3418325.600  3422371.600  3422529.600
  2005:  3422854.600  3422886.600  3422899.600  3422903.600  3422919.600
  2010:  3423412.600  3423475.600  3423923.600  3423940.600  3423950.600
  2015:  3424188.600  3424234.600  3424372.600  3424452.600  3424491.600
  2020:  3424513.600  3424546.600  3424562.600  3424570.600  3424576.600
  2025:  3424625.600  3424631.600  3424679.600  3424932.600  3424961.600
  2030:  3425067.600  3425077.600  3425086.600  3425095.600  3425122.600
  2035:  3425134.600  3425147.600  3425386.600  3425402.600  3425435.600
  2040:  3425462.600  3425486.600  3425516.600  3425523.600  3425605.600
  2045:  3425636.600  3425659.600  3425675.600  3425684.600  3425694.600
  2050:  3425704.600  3425724.600  3425737.600  3425772.600  3425834.600
  2055:  3425841.600  3425851.600  3425860.600  3426450.600  3427703.600
  2060:  3428216.600  3428376.600  3432107.600  3432429.600  3436407.600
  2065:  3436448.600  3436806.600  3441754.600  3443625.600  3444831.600
  2070:  3445783.600  3447122.600  3449519.600  3455516.600  3455537.600
  2075:  3463486.600  3467583.600  3471573.600  3473568.600  3476682.600
  2080:  3478093.600  3480191.600  3480248.600  3480590.600  3480728.600
  2085:  3480789.600  3480931.600  3482328.600  3487803.600  3490564.600
  2090:  3490614.600  3561550.600  3564293.600  3565380.600  3565433.600
  2095:  3566153.600  3569678.600  3570604.600  3573785.600  3575123.600
  2100:  3578112.600  3578556.600  3579588.600  3580076.600  3582088.600
  2105:  3582183.600  3585570.600  3587229.600  3587605.600  3587620.600
  2110:  3594123.600  3598563.600  3600287.600  3601048.600  3601428.600
  2115:  3601515.600  3601594.600  3607913.600  3610235.600  3610419.600
  2120:  3610469.600  3610541.600  3610608.600  3610658.600  3611073.600
  2125:  3612158.600  3624392.600  3634481.600  3635963.600  3636106.600
  2130:  3643128.600  3645072.600  3646676.600  3647478.600  3653115.600
  2135:  3654973.600  3655644.600  3655791.600  3671626.600  3671747.600
  2140:  3886351.600  3898253.600  3898571.600  3900551.600  3900872.600
  2145:  3902037.600  3974273.600  3974916.600  3982370.600  3989908.600
  2150:  3990399.600  3990672.600  3992244.600  3995343.600  3999910.600
  2155:  4000926.600  4004858.600  4006497.600  4013224.600  4014965.600
  2160:  4015199.600  4024081.600  4024192.600  4024992.600  4135688.600
  2165:  4136572.600  4137388.600  4137451.600  4137893.600  4307418.600
  2170:  4308271.600  4309303.600  4310292.600  4315550.600  4316450.600
  2175:  4316898.600  4317316.600  4320426.999
E:
     0:        5.200       16.300       28.800       43.200       59.900
     5:       80.100      105.300      139.300      191.600      330.300
F:
     0:        0.000        0.000        0.000        0.000        0.000
     5:        0.000
L:
     0:      185.000
M:
     0:        0.000        0.000        0.000        0.000        0.000
     5:        0.000
