File: C:\MED-PC IV\DATA\!2023-02-27_18h40m.Subject DF22


Start Date: 02/27/23
End Date: 02/28/23
Subject: DF22
Experiment: delayed_acquisition
Group: 1
Box: 2
Start Time: 18:40:38
End Time:  6:57:54
MSN: Delayed_Acquisition2_w_magmacro
G:       0.000
H:       0.000
I:       0.000
J:       0.000
K:       0.000
N:       0.000
O:       0.000
P:       0.000
Q:       0.000
R:       0.000
S:       0.000
T:       0.000
U:       0.000
V:       0.000
W:       0.000
X:       0.000
Y:       0.000
Z:       0.000
A:
     0:        2.000       60.000  4320000.000        2.000        0.000
     5:        1.000    96000.000        0.000       10.000        0.000
    10:        0.000        0.000        0.000        0.000        0.000
    15:        0.000        0.000        0.000        0.000        0.000
    20:        0.000        0.000        0.000        0.000        0.000
    25:        0.000        0.000        0.000        0.000        0.000
    30:        0.000        0.000        0.000        0.000        0.000
    35:        0.000        0.000        0.000        0.000        0.000
    40:        0.000        0.000        0.000        0.000        0.000
    45:        0.000        0.000        0.000        0.000        0.000
    50:        0.000        0.000        0.000        0.000        0.000
    55:        0.000        0.000        0.000        0.000        0.000
    60:        0.000        0.000        0.000        0.000        0.000
    65:        0.000        0.000        0.000        0.000        0.000
    70:        0.000        0.000        0.000        0.000        0.000
    75:        0.000        0.000        0.000        0.000        0.000
    80:        0.000        0.000        0.000        0.000        0.000
    85:        0.000        0.000        0.000        0.000        0.000
    90:        0.000        0.000        0.000        0.000        0.000
    95:        0.000        0.000        0.000        0.000        0.000
   100:        0.000
B:
     0:  4320000.000  4320000.000        1.000        0.000        0.000
     5:        0.000        0.000        0.000     2199.000     2201.000
    10:        0.000     2199.000        0.000        0.000        0.000
    15:        0.000        0.000        0.000        0.000        0.000
    20:        0.000        0.000        0.000        0.000        0.000
    25:        0.000        0.000        0.000        0.000        0.000
    30:        0.000        0.000        0.000        0.000        0.000
    35:        0.000        0.000        0.000        0.000        0.000
    40:        0.000        0.000        0.000        0.000        0.000
    45:        0.000        0.000        0.000        0.000        0.000
    50:        0.000        0.000        0.000        0.000        0.000
    55:        0.000        0.000        0.000        0.000        0.000
    60:        0.000        0.000        0.000        0.000        0.000
    65:        0.000        0.000        0.000        0.000        0.000
    70:        0.000        0.000        0.000        0.000        0.000
    75:        0.000        0.000        0.000        0.000        0.000
    80:        0.000        0.000        0.000        0.000        0.000
    85:        0.000        0.000        0.000        0.000        0.000
    90:        0.000        0.000        0.000        0.000        0.000
    95:        0.000        0.000        0.000        0.000        0.000
   100:        0.000
C:
     0:     2775.300     3621.300     3977.300     5093.300     6335.300
     5:     9754.300    11303.300    11979.300    12014.300    12362.300
    10:    14699.300    14861.300    19171.300    19896.300    19961.300
    15:    20059.300    22499.300    24935.300    26996.300    27242.300
    20:    28922.300    33174.300    33671.300    35624.300    35663.300
    25:    37470.300    40993.300    43400.300    44707.300    47508.300
    30:    48975.300    50242.300    51271.300    55621.300    56796.300
    35:    57313.300    57454.300    57699.300    57761.300    58485.300
    40:    60184.300    61197.300    62828.300    66913.300    67008.300
    45:    73671.300    73711.300    74255.300    74671.300    74928.300
    50:    74939.300    74941.300    74950.300    74990.300    75792.300
    55:    76688.300    77612.300    77643.300    77669.300    79081.300
    60:    79116.300    79269.300    80699.300    81629.300    85837.300
    65:    86508.300    88117.300    89926.300    89965.300    90976.300
    70:    91249.300    91273.300    93528.300    95318.300    96942.300
    75:   102019.300   103165.300   103644.300   105835.300   107013.300
    80:   116154.300   116187.300   118235.300   118266.300   119442.300
    85:   119960.300   120080.300   122502.300   122517.300   123840.300
    90:   128458.300   129095.300   130966.300   133122.300   136800.300
    95:   139120.300   143439.300   149396.300   150747.300   154989.300
   100:   158050.300   160158.300   161064.300   161195.300   166349.300
   105:   166458.300   169311.300   169369.300   170364.300   177810.300
   110:   180385.300   180491.300   180860.300   180981.300   185917.300
   115:   192392.300   196088.300   196831.300   201594.300   202009.300
   120:   203208.300   203338.300   203347.300   203462.300   210079.300
   125:   211856.300   213159.300   214793.300   214966.300   216212.300
   130:   217219.300   217366.300   218624.300   218771.300   219468.300
   135:   219565.300   223086.300   225489.300   225552.300   226560.300
   140:   226636.300   226949.300   227023.300   230198.300   230287.300
   145:   231554.300   235671.300   236650.300   236656.300   241489.300
   150:   241536.300   242366.300   242942.300   243309.300   243344.300
   155:   243354.300   243531.300   243682.300   243729.300   250500.300
   160:   251843.300   251892.300   256459.300   258058.300   259030.300
   165:   259065.300   260780.300   260818.300   260892.300   261842.300
   170:   262109.300   263597.300   269712.300   271303.300   271697.300
   175:   271803.300   271811.300   272581.300   273890.300   275969.300
   180:   277817.300   278049.300   280238.300   280254.300   280448.300
   185:   280755.300   281174.300   281447.300   281495.300   282409.300
   190:   282961.300   285099.300   287850.300   288283.300   288325.300
   195:   288349.300   288370.300   288419.300   288456.300   288546.300
   200:   289046.300   292680.300   296454.300   297622.300   297801.300
   205:   297844.300   298209.300   298469.300   304455.300   304812.300
   210:   306102.300   308118.300   312037.300   319906.300   321528.300
   215:   323053.300   325533.300   325628.300   328978.300   337324.300
   220:   338220.300   343319.300   346979.300   349178.300   352272.300
   225:   355700.300   376391.300   377053.300   377643.300   377825.300
   230:   378468.300   379254.300   383631.300   384276.300   384469.300
   235:   384871.300   389260.300   389491.300   395021.300   396537.300
   240:   396542.300   398040.300   398054.300   400193.300   404953.300
   245:   420273.300   420292.300   422335.300   430819.300   431947.300
   250:   438670.300   444592.300   445797.300   445811.300   453320.300
   255:   453356.300   455228.300   455706.300   455733.300   457652.300
   260:   460985.300   461022.300   462623.300   462848.300   462920.300
   265:   464444.300   465541.300   468601.300   468656.300   474858.300
   270:   474861.300   474919.300   474948.300   480797.300   482162.300
   275:   492032.300   496243.300   496312.300   496318.300   496335.300
   280:   498016.300   502055.300   503282.300   504255.300   505117.300
   285:   505221.300   507427.300   507642.300   508830.300   509235.300
   290:   509355.300   509400.300   510635.300   515078.300   515418.300
   295:   516909.300   521683.300   523348.300   523483.300   529687.300
   300:   531091.300   540993.300   542085.300   545333.300   546463.300
   305:   551694.300   552683.300   552740.300   558144.300   559855.300
   310:   560258.300   560549.300   560578.300   560626.300   560658.300
   315:   560677.300   560967.300   561342.300   566107.300   568033.300
   320:   568095.300   568395.300   569872.300   575097.300   576707.300
   325:   576759.300   580145.300   582563.300   582763.300   587933.300
   330:   589886.300   595442.300   596868.300   596926.300   597207.300
   335:   598484.300   600914.300   602734.300   606666.300   607621.300
   340:   607938.300   612204.300   617882.300   618796.300   618860.300
   345:   620232.300   620529.300   620602.300   620651.300   620718.300
   350:   625148.300   625314.300   626066.300   627471.300   629650.300
   355:   629670.300   632469.300   636550.300   638324.300   638529.300
   360:   642052.300   645969.300   647444.300   647506.300   650914.300
   365:   651832.300   651979.300   652199.300   652475.300   652724.300
   370:   652915.300   652924.300   653898.300   654822.300   655023.300
   375:   657522.300   658019.300   660584.300   665099.300   665759.300
   380:   666285.300   668154.300   669541.300   669864.300   671088.300
   385:   671497.300   672080.300   675428.300   676089.300   680307.300
   390:   681386.300   682493.300   682586.300   683520.300   683722.300
   395:   687503.300   689341.300   690456.300   693165.300   694030.300
   400:   694884.300   695205.300   695213.300   695904.300   697518.300
   405:   699128.300   700139.300   701728.300   701886.300   701946.300
   410:   701986.300   703072.300   704412.300   704983.300   705090.300
   415:   705183.300   707643.300   708493.300   708531.300   709670.300
   420:   710669.300   710756.300   710789.300   711902.300   713015.300
   425:   713053.300   713125.300   717409.300   717425.300   717761.300
   430:   721486.300   721819.300   721830.300   722007.300   722016.300
   435:   722061.300   722177.300   722436.300   723961.300   725131.300
   440:   727303.300   727335.300   727437.300   729322.300   732208.300
   445:   732781.300   733160.300   743193.300   744055.300   744113.300
   450:   744221.300   746073.300   747051.300   749038.300   751581.300
   455:   751649.300   752761.300   752897.300   752905.300   753015.300
   460:   753879.300   755373.300   757079.300   757124.300   759823.300
   465:   759849.300   760925.300   762174.300   762727.300   762779.300
   470:   763123.300   763244.300   763327.300   777554.300   779096.300
   475:   780098.300   780148.300   780175.300   780195.300   780329.300
   480:   782314.300   782324.300   783019.300   783187.300   783338.300
   485:   783920.300   784043.300   784621.300   785601.300   785623.300
   490:   787013.300   787073.300   787118.300   789035.300   790077.300
   495:   791334.300   791432.300   792355.300   793030.300   793298.300
   500:   794122.300   795096.300   797342.300   799553.300   801145.300
   505:   801177.300   801444.300   801475.300   801547.300   801558.300
   510:   801991.300   802021.300   802343.300   803967.300   806402.300
   515:   807903.300   809459.300   810217.300   810345.300   814097.300
   520:   815802.300   816808.300   817506.300   819014.300   819056.300
   525:   819921.300   820964.300   821218.300   822062.300   822108.300
   530:   823560.300   823620.300   823686.300   823780.300   827201.300
   535:   828093.300   828818.300   831632.300   832566.300   833339.300
   540:   834767.300   835185.300   835979.300   837353.300   853585.300
   545:   854946.300   854988.300   856033.300   856582.300   860171.300
   550:   860196.300   860407.300   862060.300   873540.300   873863.300
   555:   873980.300   874254.300   875877.300   876060.300   876182.300
   560:   876845.300   877463.300   878476.300   878522.300   886274.300
   565:   887211.300   887706.300   889805.300   889843.300   894470.300
   570:   895516.300   896148.300   897031.300   897219.300   897286.300
   575:   902384.300   903832.300   903975.300   904408.300   904612.300
   580:   916548.300   917194.300   917749.300   917877.300   918150.300
   585:   918677.300   919388.300   919464.300   920007.300   920566.300
   590:   920818.300   920821.300   920825.300   920918.300   920989.300
   595:   921379.300   923882.300   924733.300   924961.300   925027.300
   600:   925140.300   925340.300   925622.300   925643.300   925658.300
   605:   925669.300   925716.300   925726.300   926040.300   926474.300
   610:   926528.300   926755.300   929350.300   930297.300   932492.300
   615:   933437.300   933523.300   933587.300   933639.300   933666.300
   620:   933780.300   938395.300   938945.300   938958.300   938992.300
   625:   939085.300   939504.300   946128.300   950351.300   952937.300
   630:   953440.300   956879.300   957558.300   957631.300   958721.300
   635:   958857.300   958909.300   960810.300   960997.300   961051.300
   640:   962186.300   962235.300   962817.300   965611.300   967329.300
   645:   967374.300   967415.300   967651.300   967881.300   967906.300
   650:   971822.300   973083.300   973391.300   973561.300   974243.300
   655:   974451.300   974520.300   974725.300   974909.300   974931.300
   660:   975052.300   975290.300   975375.300   975460.300   975972.300
   665:   976015.300   976066.300   981167.300   983283.300   984362.300
   670:   984558.300   984645.300   985107.300   990686.300   992144.300
   675:   993219.300   994215.300   995262.300   996014.300   996969.300
   680:   997006.300   997899.300   998755.300   999503.300  1000593.300
   685:  1000665.300  1001545.300  1006207.300  1006260.300  1006313.300
   690:  1007573.300  1008965.300  1013227.300  1014319.300  1014351.300
   695:  1014408.300  1014473.300  1014498.300  1014606.300  1014616.300
   700:  1014635.300  1014712.300  1014796.300  1020343.300  1021110.300
   705:  1021974.300  1022039.300  1022703.300  1023234.300  1023252.300
   710:  1023307.300  1028089.300  1030102.300  1030731.300  1031433.300
   715:  1031959.300  1032343.300  1033069.300  1036150.300  1036915.300
   720:  1037120.300  1037482.300  1041890.300  1044060.300  1045260.300
   725:  1047220.300  1047978.300  1048814.300  1050527.300  1051748.300
   730:  1052481.300  1053326.300  1053494.300  1053569.300  1053760.300
   735:  1057601.300  1057646.300  1057693.300  1058035.300  1059041.300
   740:  1062692.300  1063789.300  1063872.300  1063946.300  1082279.300
   745:  1082754.300  1082758.300  1083668.300  1084399.300  1085101.300
   750:  1085144.300  1085229.300  1085568.300  1086761.300  1086815.300
   755:  1086869.300  1086873.300  1092961.300  1094247.300  1122088.300
   760:  1122147.300  1122610.300  1123938.300  1124755.300  1125479.300
   765:  1126122.300  1127121.300  1127209.300  1130636.300  1130667.300
   770:  1132707.300  1133251.300  1134484.300  1134567.300  1135479.300
   775:  1136054.300  1136140.300  1136154.300  1137795.300  1139179.300
   780:  1139231.300  1142699.300  1146875.300  1147790.300  1147846.300
   785:  1148388.300  1148593.300  1148632.300  1148757.300  1148958.300
   790:  1151473.300  1151499.300  1151533.300  1151539.300  1151666.300
   795:  1151839.300  1153118.300  1153248.300  1153715.300  1154383.300
   800:  1155073.300  1157613.300  1158537.300  1160709.300  1160892.300
   805:  1161699.300  1162235.300  1163136.300  1163188.300  1164045.300
   810:  1166496.300  1166541.300  1167652.300  1167718.300  1170811.300
   815:  1178963.300  1180474.300  1180509.300  1180535.300  1181286.300
   820:  1181815.300  1182927.300  1184186.300  1190124.300  1190768.300
   825:  1195514.300  1201055.300  1203671.300  1203701.300  1203787.300
   830:  1204271.300  1204971.300  1207549.300  1208073.300  1210298.300
   835:  1211112.300  1211163.300  1211976.300  1212024.300  1212282.300
   840:  1212469.300  1212494.300  1212672.300  1213613.300  1213801.300
   845:  1213831.300  1213837.300  1213853.300  1213935.300  1213983.300
   850:  1213985.300  1213988.300  1214061.300  1214244.300  1214465.300
   855:  1214483.300  1214502.300  1214569.300  1216224.300  1217046.300
   860:  1217102.300  1218719.300  1220728.300  1220823.300  1221401.300
   865:  1221888.300  1221894.300  1222139.300  1222341.300  1222562.300
   870:  1224999.300  1225707.300  1226126.300  1226187.300  1227467.300
   875:  1227733.300  1228776.300  1228985.300  1231502.300  1232125.300
   880:  1232938.300  1237141.300  1237461.300  1239869.300  1242723.300
   885:  1242758.300  1243640.300  1244294.300  1244471.300  1249254.300
   890:  1249795.300  1250144.300  1254226.300  1254542.300  1254821.300
   895:  1254857.300  1255004.300  1255056.300  1256464.300  1257302.300
   900:  1257512.300  1257572.300  1257642.300  1258303.300  1260996.300
   905:  1261752.300  1262004.300  1262235.300  1262995.300  1263555.300
   910:  1263867.300  1265508.300  1265555.300  1266483.300  1266881.300
   915:  1267594.300  1268389.300  1268435.300  1288650.300  1290247.300
   920:  1296201.300  1297730.300  1298473.300  1304305.300  1304498.300
   925:  1306005.300  1306620.300  1307117.300  1307548.300  1307576.300
   930:  1307864.300  1310188.300  1312229.300  1312365.300  1312537.300
   935:  1312606.300  1312639.300  1312649.300  1313541.300  1314281.300
   940:  1314594.300  1316136.300  1320202.300  1336006.300  1337886.300
   945:  1338860.300  1338911.300  1338918.300  1338951.300  1338961.300
   950:  1339019.300  1339083.300  1339182.300  1339737.300  1339874.300
   955:  1339934.300  1340738.300  1345790.300  1347690.300  1377239.300
   960:  1377670.300  1378611.300  1379896.300  1381043.300  1381066.300
   965:  1385269.300  1385851.300  1390910.300  1391524.300  1392191.300
   970:  1396608.300  1397757.300  1397853.300  1397871.300  1398039.300
   975:  1398321.300  1398397.300  1398442.300  1398485.300  1399518.300
   980:  1399666.300  1399849.300  1399952.300  1400065.300  1404422.300
   985:  1406614.300  1407193.300  1410643.300  1411600.300  1411777.300
   990:  1411896.300  1412053.300  1412137.300  1412222.300  1412274.300
   995:  1412343.300  1412725.300  1412737.300  1412989.300  1417314.300
  1000:  1418107.300  1418229.300  1418927.300  1420829.300  1421065.300
  1005:  1421355.300  1423323.300  1426244.300  1426713.300  1426818.300
  1010:  1426836.300  1426866.300  1427082.300  1427141.300  1427456.300
  1015:  1427497.300  1428050.300  1428843.300  1429401.300  1431498.300
  1020:  1432775.300  1433328.300  1435261.300  1436073.300  1436134.300
  1025:  1438125.300  1439161.300  1439255.300  1442771.300  1443324.300
  1030:  1443681.300  1443888.300  1443996.300  1444060.300  1449429.300
  1035:  1450467.300  1454731.300  1456352.300  1457055.300  1458084.300
  1040:  1459353.300  1461908.300  1462952.300  1466372.300  1468277.300
  1045:  1472042.300  1474606.300  1476643.300  1476720.300  1476793.300
  1050:  1492073.300  1492648.300  1493952.300  1495839.300  1502063.300
  1055:  1502090.300  1504002.300  1507616.300  1513606.300  1513622.300
  1060:  1513627.300  1514287.300  1518718.300  1520295.300  1534908.300
  1065:  1537120.300  1537162.300  1537231.300  1537344.300  1537410.300
  1070:  1538727.300  1547382.300  1548629.300  1549530.300  1553543.300
  1075:  1557122.300  1559632.300  1564885.300  1566501.300  1567009.300
  1080:  1567201.300  1567941.300  1570701.300  1571105.300  1571129.300
  1085:  1571231.300  1574594.300  1574634.300  1575512.300  1576108.300
  1090:  1576811.300  1576915.300  1577011.300  1577768.300  1577848.300
  1095:  1578211.300  1580794.300  1582064.300  1582226.300  1582327.300
  1100:  1586041.300  1591820.300  1593273.300  1596841.300  1602937.300
  1105:  1604287.300  1604354.300  1606338.300  1607791.300  1608670.300
  1110:  1609709.300  1624937.300  1624972.300  1625360.300  1625834.300
  1115:  1628009.300  1630496.300  1632904.300  1633498.300  1634368.300
  1120:  1638041.300  1639008.300  1639133.300  1640108.300  1640180.300
  1125:  1643281.300  1648485.300  1648885.300  1649444.300  1650462.300
  1130:  1652007.300  1655512.300  1655605.300  1656062.300  1660620.300
  1135:  1661375.300  1661536.300  1663481.300  1664064.300  1664616.300
  1140:  1664656.300  1668219.300  1668317.300  1670988.300  1673285.300
  1145:  1673666.300  1674518.300  1674610.300  1675719.300  1676107.300
  1150:  1676343.300  1700662.300  1706733.300  1707811.300  1708599.300
  1155:  1709298.300  1710651.300  1710687.300  1710751.300  1711643.300
  1160:  1711717.300  1711760.300  1711834.300  1711891.300  1714048.300
  1165:  1715643.300  1717023.300  1718191.300  1718293.300  1719674.300
  1170:  1721507.300  1722278.300  1739573.300  1740590.300  1742148.300
  1175:  1743053.300  1743114.300  1743662.300  1744323.300  1745448.300
  1180:  1745490.300  1746457.300  1762273.300  1762611.300  1762640.300
  1185:  1762675.300  1763233.300  1763412.300  1764392.300  1765235.300
  1190:  1766299.300  1781013.300  1782007.300  1784579.300  1790069.300
  1195:  1793052.300  1793787.300  1793976.300  1797155.300  1797812.300
  1200:  1798680.300  1799825.300  1800094.300  1800213.300  1800523.300
  1205:  1800617.300  1800658.300  1800666.300  1800710.300  1800726.300
  1210:  1800729.300  1801080.300  1801577.300  1806044.300  1806529.300
  1215:  1807550.300  1807782.300  1809600.300  1809716.300  1996144.300
  1220:  1996615.300  1996620.300  1997160.300  1997994.300  1999916.300
  1225:  2004428.300  2004475.300  2016639.300  2030576.300  2030944.300
  1230:  2031446.300  2031528.300  2031545.300  2031606.300  2037294.300
  1235:  2046493.300  2047162.300  2048298.300  2049276.300  2049717.300
  1240:  2049829.300  2049922.300  2052940.300  2055109.300  2055988.300
  1245:  2059064.300  2060424.300  2060459.300  2060503.300  2061082.300
  1250:  2061119.300  2062338.300  2063172.300  2070773.300  2072780.300
  1255:  2072990.300  2073889.300  2075697.300  2076509.300  2107936.300
  1260:  2107989.300  2118106.300  2122285.300  2123067.300  2123762.300
  1265:  2124625.300  2124895.300  2126265.300  2127082.300  2131040.300
  1270:  2131190.300  2131327.300  2131429.300  2133979.300  2134011.300
  1275:  2135490.300  2135740.300  2135772.300  2141389.300  2144701.300
  1280:  2146162.300  2147558.300  2148863.300  2150470.300  2154528.300
  1285:  2154575.300  2155800.300  2156424.300  2157733.300  2158527.300
  1290:  2158996.300  2159248.300  2159360.300  2159644.300  2159686.300
  1295:  2159737.300  2164259.300  2169163.300  2170348.300  2170523.300
  1300:  2170910.300  2172284.300  2172735.300  2176008.300  2176674.300
  1305:  2182006.300  2185457.300  2185811.300  2186891.300  2187886.300
  1310:  2187971.300  2189471.300  2189845.300  2189850.300  2190118.300
  1315:  2190178.300  2194067.300  2196410.300  2197390.300  2199140.300
  1320:  2201086.300  2202341.300  2206639.300  2207238.300  2207422.300
  1325:  2208424.300  2212321.300  2212377.300  2216776.300  2216963.300
  1330:  2222778.300  2231787.300  2232837.300  2233106.300  2235237.300
  1335:  2235573.300  2236170.300  2236292.300  2236371.300  2236503.300
  1340:  2237264.300  2240945.300  2244225.300  2247383.300  2247966.300
  1345:  2248034.300  2248685.300  2249486.300  2249831.300  2257241.300
  1350:  2258589.300  2263329.300  2263620.300  2266469.300  2267655.300
  1355:  2268353.300  2268776.300  2268799.300  2269493.300  2269694.300
  1360:  2269708.300  2269857.300  2269870.300  2269882.300  2269975.300
  1365:  2270099.300  2270117.300  2270218.300  2270441.300  2270621.300
  1370:  2270822.300  2271035.300  2271131.300  2271146.300  2271893.300
  1375:  2274036.300  2280696.300  2284207.300  2286668.300  2287038.300
  1380:  2290826.300  2290957.300  2292764.300  2293149.300  2293795.300
  1385:  2294113.300  2294149.300  2294155.300  2295725.300  2295803.300
  1390:  2299595.300  2302958.300  2303100.300  2303661.300  2303718.300
  1395:  2304254.300  2307133.300  2307143.300  2310083.300  2310646.300
  1400:  2311153.300  2311207.300  2311211.300  2311247.300  2314386.300
  1405:  2314534.300  2314826.300  2321278.300  2322236.300  2325593.300
  1410:  2325658.300  2325833.300  2329845.300  2334479.300  2336875.300
  1415:  2337434.300  2337460.300  2337789.300  2343982.300  2344047.300
  1420:  2347359.300  2350767.300  2351305.300  2351845.300  2353956.300
  1425:  2354407.300  2354451.300  2354896.300  2355001.300  2356539.300
  1430:  2357486.300  2357584.300  2357646.300  2359308.300  2361784.300
  1435:  2362333.300  2362757.300  2364827.300  2365615.300  2366028.300
  1440:  2367903.300  2368372.300  2368672.300  2368917.300  2371624.300
  1445:  2374068.300  2374451.300  2374738.300  2378051.300  2378072.300
  1450:  2380235.300  2382228.300  2386821.300  2386961.300  2388935.300
  1455:  2389494.300  2392455.300  2392498.300  2402189.300  2402254.300
  1460:  2402406.300  2403650.300  2403684.300  2404191.300  2404314.300
  1465:  2404462.300  2406359.300  2406817.300  2411751.300  2412171.300
  1470:  2412255.300  2412287.300  2412836.300  2412922.300  2413045.300
  1475:  2414911.300  2415509.300  2415749.300  2416519.300  2419191.300
  1480:  2419274.300  2419318.300  2419698.300  2420179.300  2420361.300
  1485:  2423573.300  2423625.300  2425514.300  2426336.300  2427113.300
  1490:  2427209.300  2427755.300  2428149.300  2428175.300  2428219.300
  1495:  2431647.300  2434094.300  2434139.300  2434941.300  2435102.300
  1500:  2440619.300  2440695.300  2443642.300  2448278.300  2451839.300
  1505:  2452040.300  2452998.300  2455469.300  2456493.300  2456644.300
  1510:  2468848.300  2469288.300  2470173.300  2470599.300  2470729.300
  1515:  2471043.300  2475150.300  2476391.300  2476666.300  2476760.300
  1520:  2476927.300  2476978.300  2477193.300  2477280.300  2477366.300
  1525:  2477615.300  2477634.300  2477770.300  2477822.300  2477861.300
  1530:  2479549.300  2479558.300  2480479.300  2480881.300  2481094.300
  1535:  2481268.300  2481390.300  2481440.300  2481632.300  2483990.300
  1540:  2486471.300  2488824.300  2489460.300  2491472.300  2492291.300
  1545:  2492368.300  2496328.300  2497461.300  2497702.300  2497762.300
  1550:  2497851.300  2501764.300  2501800.300  2504460.300  2505706.300
  1555:  2505781.300  2509179.300  2509831.300  2509924.300  2510111.300
  1560:  2510345.300  2514058.300  2514401.300  2515752.300  2515842.300
  1565:  2516469.300  2519561.300  2522311.300  2522940.300  2527933.300
  1570:  2528032.300  2528084.300  2531376.300  2535326.300  2540294.300
  1575:  2543883.300  2544875.300  2544927.300  2546648.300  2547701.300
  1580:  2547741.300  2547819.300  2548253.300  2550523.300  2550723.300
  1585:  2550947.300  2550971.300  2553117.300  2553247.300  2553279.300
  1590:  2553316.300  2553980.300  2554175.300  2554234.300  2554830.300
  1595:  2555500.300  2555608.300  2555660.300  2555925.300  2558623.300
  1600:  2559444.300  2562441.300  2562627.300  2563391.300  2563614.300
  1605:  2568348.300  2568400.300  2593683.300  2594319.300  2596316.300
  1610:  2596361.300  2597318.300  2599612.300  2599635.300  2600409.300
  1615:  2600732.300  2601466.300  2602590.300  2602614.300  2604198.300
  1620:  2605421.300  2605509.300  2605712.300  2606796.300  2606842.300
  1625:  2606901.300  2606910.300  2607793.300  2611084.300  2611313.300
  1630:  2612770.300  2615286.300  2616606.300  2626739.300  2627489.300
  1635:  2628252.300  2629210.300  2633747.300  2633802.300  2634479.300
  1640:  2638540.300  2643933.300  2645271.300  2664909.300  2664951.300
  1645:  2666276.300  2666412.300  2668378.300  2669346.300  2670020.300
  1650:  2671094.300  2671393.300  2672217.300  2672237.300  2672786.300
  1655:  2672957.300  2682739.300  2685946.300  2687032.300  2687612.300
  1660:  2687838.300  2688013.300  2688659.300  2691307.300  2694482.300
  1665:  2694503.300  2698413.300  2698454.300  2702239.300  2703421.300
  1670:  2703960.300  2704611.300  2707951.300  2708168.300  2708569.300
  1675:  2708775.300  2708930.300  2709048.300  2713156.300  2713805.300
  1680:  2714441.300  2715948.300  2715982.300  2716082.300  2716097.300
  1685:  2716103.300  2716150.300  2718177.300  2718257.300  2718323.300
  1690:  2723416.300  2724175.300  2724929.300  2725094.300  2732308.300
  1695:  2732620.300  2739237.300  2742415.300  2743648.300  2743995.300
  1700:  2744278.300  2744420.300  2748771.300  2749969.300  2753132.300
  1705:  2753186.300  2754868.300  2754970.300  2755559.300  2756211.300
  1710:  2757206.300  2764388.300  2765408.300  2766594.300  2768429.300
  1715:  2769214.300  2769960.300  2770959.300  2772126.300  2772559.300
  1720:  2772961.300  2773259.300  2773293.300  2774730.300  2775455.300
  1725:  2775462.300  2776324.300  2777637.300  2778424.300  2778474.300
  1730:  2778515.300  2779300.300  2782169.300  2784197.300  2785137.300
  1735:  2785209.300  2785250.300  2786269.300  2786738.300  2787609.300
  1740:  2795372.300  2795429.300  2795492.300  2795895.300  2796266.300
  1745:  2807005.300  2810415.300  2811202.300  2811243.300  2814628.300
  1750:  2814767.300  2814821.300  2815456.300  2815964.300  2816280.300
  1755:  2817223.300  2817789.300  2825203.300  2826863.300  2828379.300
  1760:  2836147.300  2836180.300  2836288.300  2840349.300  2841429.300
  1765:  2841576.300  2841803.300  2843300.300  2843728.300  2846020.300
  1770:  2847787.300  2848861.300  2849788.300  2850792.300  2854041.300
  1775:  2854806.300  2856761.300  2859271.300  2860124.300  2861995.300
  1780:  2862059.300  2863289.300  2864133.300  2864766.300  2865449.300
  1785:  2865492.300  2865714.300  2866249.300  2868348.300  2870252.300
  1790:  2871469.300  2872090.300  2874829.300  2875734.300  2875966.300
  1795:  2879740.300  2883668.300  2884871.300  2885267.300  2885338.300
  1800:  2885850.300  2886772.300  2887733.300  2890433.300  2891722.300
  1805:  2891774.300  2893281.300  2893333.300  2901229.300  2901481.300
  1810:  2901632.300  2902988.300  2904445.300  2906337.300  2906463.300
  1815:  2906520.300  2906575.300  2906934.300  2906982.300  2907037.300
  1820:  2907090.300  2907129.300  2907181.300  2907236.300  2907284.300
  1825:  2923561.300  2926014.300  2926922.300  2926942.300  2927076.300
  1830:  2928031.300  2929339.300  2930442.300  2930939.300  2932318.300
  1835:  2944667.300  2945479.300  2946554.300  2956385.300  2961008.300
  1840:  2961015.300  2961034.300  2961328.300  2963749.300  2963794.300
  1845:  2964209.300  2980093.300  2983673.300  2985148.300  3230251.300
  1850:  3230703.300  3236202.300  3252567.300  3253762.300  3253873.300
  1855:  3256708.300  3256745.300  3258625.300  3268511.300  3268836.300
  1860:  3269825.300  3270840.300  3272091.300  3272124.300  3273364.300
  1865:  3273852.300  3274676.300  3275129.300  3275237.300  3275309.300
  1870:  3277061.300  3277160.300  3278025.300  3282256.300  3326800.300
  1875:  3327405.300  3327788.300  3329286.300  3331184.300  3332343.300
  1880:  3333485.300  3334357.300  3334362.300  3335433.300  3336376.300
  1885:  3337712.300  3338992.300  3339756.300  3339784.300  3340766.300
  1890:  3341082.300  3341366.300  3342004.300  3342162.300  3345838.300
  1895:  3348356.300  3349133.300  3349191.300  3349274.300  3349304.300
  1900:  3349579.300  3350076.300  3350781.300  3351221.300  3351576.300
  1905:  3358167.300  3358952.300  3359919.300  3360278.300  3360342.300
  1910:  3360565.300  3360665.300  3360792.300  3360829.300  3360890.300
  1915:  3361929.300  3362280.300  3362471.300  3363088.300  3365603.300
  1920:  3365664.300  3365767.300  3365796.300  3365866.300  3365929.300
  1925:  3372611.300  3375199.300  3375202.300  3375249.300  3377499.300
  1930:  3379995.300  3381598.300  3381740.300  3383655.300  3386350.300
  1935:  3386784.300  3386946.300  3386973.300  3389831.300  3393350.300
  1940:  3393414.300  3393470.300  3393547.300  3393718.300  3394515.300
  1945:  3401076.300  3402524.300  3403829.300  3406716.300  3407979.300
  1950:  3409549.300  3410270.300  3411627.300  3411973.300  3412434.300
  1955:  3416462.300  3418650.300  3420855.300  3424474.300  3425505.300
  1960:  3426033.300  3426089.300  3426435.300  3427499.300  3428578.300
  1965:  3429658.300  3430141.300  3430640.300  3433020.300  3433058.300
  1970:  3433157.300  3433995.300  3438671.300  3442178.300  3442186.300
  1975:  3442195.300  3442236.300  3442273.300  3444668.300  3445115.300
  1980:  3445179.300  3445269.300  3446574.300  3448667.300  3448760.300
  1985:  3449003.300  3449462.300  3451368.300  3460103.300  3461001.300
  1990:  3461518.300  3462125.300  3463451.300  3464333.300  3464377.300
  1995:  3464411.300  3466098.300  3493926.300  3494952.300  3495172.300
  2000:  3500452.300  3501611.300  3502657.300  3504218.300  3504761.300
  2005:  3511801.300  3513511.300  3514173.300  3514999.300  3515048.300
  2010:  3515080.300  3515131.300  3523379.300  3524466.300  3525775.300
  2015:  3526421.300  3528616.300  3528672.300  3529709.300  3531156.300
  2020:  3533778.300  3758188.300  3758198.300  3758231.300  3758546.300
  2025:  3758815.300  3758894.300  3758971.300  3760307.300  3761191.300
  2030:  3776464.300  3776690.300  3776997.300  3809125.300  3809878.300
  2035:  3810345.300  3810775.300  3812339.300  3812403.300  3813955.300
  2040:  3814615.300  3815172.300  3816222.300  3816290.300  3822515.300
  2045:  3823321.300  3823422.300  3823791.300  3826868.300  3827728.300
  2050:  3829863.300  3829984.300  3831394.300  3831516.300  3831524.300
  2055:  3832285.300  3832438.300  3832943.300  3838194.300  3839964.300
  2060:  3841913.300  3841990.300  3842053.300  3842105.300  3849638.300
  2065:  3850761.300  3851682.300  3855041.300  3855123.300  3860599.300
  2070:  3862157.300  3866369.300  3866427.300  3866531.300  3870503.300
  2075:  3871564.300  3879765.300  3880841.300  3880851.300  3882654.300
  2080:  3885218.300  4070827.300  4073553.300  4077460.300  4077685.300
  2085:  4077839.300  4078415.300  4082195.300  4082910.300  4085155.300
  2090:  4085903.300  4086885.300  4099611.300  4101981.300  4102013.300
  2095:  4103138.300  4111959.300  4119049.300  4119084.300  4120019.300
  2100:  4120927.300  4120960.300  4121125.300  4122112.300  4122225.300
  2105:  4122275.300  4122526.300  4123540.300  4123571.300  4123938.300
  2110:  4124226.300  4124279.300  4124780.300  4127681.300  4128393.300
  2115:  4128540.300  4130088.300  4130956.300  4131099.300  4132704.300
  2120:  4133769.300  4134117.300  4134613.300  4135405.300  4138927.300
  2125:  4140152.300  4142264.300  4142833.300  4146053.300  4153862.300
  2130:  4153910.300  4154833.300  4158388.300  4164359.300  4164392.300
  2135:  4170275.300  4170324.300  4186613.300  4187258.300  4187277.300
  2140:  4187470.300  4188176.300  4188573.300  4190649.300  4190711.300
  2145:  4205184.300  4206627.300  4206913.300  4207451.300  4217149.300
  2150:  4217198.300  4218938.300  4219644.300  4219684.300  4219784.300
  2155:  4221666.300  4227243.300  4237939.300  4238020.300  4238882.300
  2160:  4243494.300  4252899.300  4258838.300  4260829.300  4261313.300
  2165:  4276648.300  4277495.300  4278694.300  4281960.300  4281977.300
  2170:  4282547.300  4283706.300  4283771.300  4284575.300  4285419.300
  2175:  4290157.300  4290368.300  4293817.300  4301592.300  4301627.300
  2180:  4307530.300  4308035.300  4308408.300  4308506.300  4309116.300
  2185:  4309417.300  4309423.300  4309431.300  4309445.300  4309448.300
  2190:  4309451.300  4309453.300  4309477.300  4309488.300  4309675.300
  2195:  4309856.300  4310173.300  4314225.300  4319412.300
D:
     0:        0.111     2775.600     3621.600     3977.600     5093.600
     5:     6335.600     9754.600    11303.600    11979.600    12014.600
    10:    12362.600    14699.600    14861.600    19171.600    19896.600
    15:    19961.600    20059.600    22499.600    24935.600    26996.600
    20:    27242.600    28922.600    33174.600    33671.600    35624.600
    25:    35663.600    37470.600    40993.600    43400.600    44707.600
    30:    47508.600    48975.600    50242.600    51271.600    55621.600
    35:    56796.600    57313.600    57454.600    57699.600    57761.600
    40:    58485.600    60184.600    61197.600    62828.600    66913.600
    45:    67008.600    73671.600    73711.600    74255.600    74671.600
    50:    74928.600    74939.600    74941.600    74950.600    74990.600
    55:    75792.600    76688.600    77612.600    77643.600    77669.600
    60:    79081.600    79116.600    79269.600    80699.600    81629.600
    65:    85837.600    86508.600    88117.600    89926.600    89965.600
    70:    90976.600    91249.600    91273.600    93528.600    95318.600
    75:    96942.600   102019.600   103165.600   103644.600   105835.600
    80:   107013.600   116154.600   116187.600   118235.600   118266.600
    85:   119442.600   119960.600   120080.600   122502.600   122517.600
    90:   123840.600   128458.600   129095.600   130966.600   133122.600
    95:   136800.600   139120.600   143439.600   149396.600   150747.600
   100:   154989.600   158050.600   160158.600   161064.600   161195.600
   105:   166349.600   166458.600   169311.600   169369.600   170364.600
   110:   177810.600   180385.600   180491.600   180860.600   180981.600
   115:   185917.600   192392.600   196088.600   196831.600   201594.600
   120:   202009.600   203208.600   203338.600   203347.600   203462.600
   125:   210079.600   211856.600   213159.600   214793.600   214966.600
   130:   216212.600   217219.600   217366.600   218624.600   218771.600
   135:   219468.600   219565.600   223086.600   225489.600   225552.600
   140:   226560.600   226636.600   226949.600   227023.600   230198.600
   145:   230287.600   231554.600   235671.600   236650.600   236656.600
   150:   241489.600   241536.600   242366.600   242942.600   243309.600
   155:   243344.600   243354.600   243531.600   243682.600   243729.600
   160:   250500.600   251843.600   251892.600   256459.600   258058.600
   165:   259030.600   259065.600   260780.600   260818.600   260892.600
   170:   261842.600   262109.600   263597.600   269712.600   271303.600
   175:   271697.600   271803.600   271811.600   272581.600   273890.600
   180:   275969.600   277817.600   278049.600   280238.600   280254.600
   185:   280448.600   280755.600   281174.600   281447.600   281495.600
   190:   282409.600   282961.600   285099.600   287850.600   288283.600
   195:   288325.600   288349.600   288370.600   288419.600   288456.600
   200:   288546.600   289046.600   292680.600   296454.600   297622.600
   205:   297801.600   297844.600   298209.600   298469.600   304455.600
   210:   304812.600   306102.600   308118.600   312037.600   319906.600
   215:   321528.600   323053.600   325533.600   325628.600   328978.600
   220:   337324.600   338220.600   343319.600   346979.600   349178.600
   225:   352272.600   355700.600   376391.600   377053.600   377643.600
   230:   377825.600   378468.600   379254.600   383631.600   384276.600
   235:   384469.600   384871.600   389260.600   389491.600   395021.600
   240:   396537.600   396542.600   398040.600   398054.600   400193.600
   245:   404953.600   420273.600   420292.600   422335.600   430819.600
   250:   431947.600   438670.600   444592.600   445797.600   445811.600
   255:   453320.600   453356.600   455228.600   455706.600   455733.600
   260:   457652.600   460985.600   461022.600   462623.600   462848.600
   265:   462920.600   464444.600   465541.600   468601.600   468656.600
   270:   474858.600   474861.600   474919.600   474948.600   480797.600
   275:   482162.600   492032.600   496243.600   496312.600   496318.600
   280:   496335.600   498016.600   502055.600   503282.600   504255.600
   285:   505117.600   505221.600   507427.600   507642.600   508830.600
   290:   509235.600   509355.600   509400.600   510635.600   515078.600
   295:   515418.600   516909.600   521683.600   523348.600   523483.600
   300:   529687.600   531091.600   540993.600   542085.600   545333.600
   305:   546463.600   551694.600   552683.600   552740.600   558144.600
   310:   559855.600   560258.600   560549.600   560578.600   560626.600
   315:   560658.600   560677.600   560967.600   561342.600   566107.600
   320:   568033.600   568095.600   568395.600   569872.600   575097.600
   325:   576707.600   576759.600   580145.600   582563.600   582763.600
   330:   587933.600   589886.600   595442.600   596868.600   596926.600
   335:   597207.600   598484.600   600914.600   602734.600   606666.600
   340:   607621.600   607938.600   612204.600   617882.600   618796.600
   345:   618860.600   620232.600   620529.600   620602.600   620651.600
   350:   620718.600   625148.600   625314.600   626066.600   627471.600
   355:   629650.600   629670.600   632469.600   636550.600   638324.600
   360:   638529.600   642052.600   645969.600   647444.600   647506.600
   365:   650914.600   651832.600   651979.600   652199.600   652475.600
   370:   652724.600   652915.600   652924.600   653898.600   654822.600
   375:   655023.600   657522.600   658019.600   660584.600   665099.600
   380:   665759.600   666285.600   668154.600   669541.600   669864.600
   385:   671088.600   671497.600   672080.600   675428.600   676089.600
   390:   680307.600   681386.600   682493.600   682586.600   683520.600
   395:   683722.600   687503.600   689341.600   690456.600   693165.600
   400:   694030.600   694884.600   695205.600   695213.600   695904.600
   405:   697518.600   699128.600   700139.600   701728.600   701886.600
   410:   701946.600   701986.600   703072.600   704412.600   704983.600
   415:   705090.600   705183.600   707643.600   708493.600   708531.600
   420:   709670.600   710669.600   710756.600   710789.600   711902.600
   425:   713015.600   713053.600   713125.600   717409.600   717425.600
   430:   717761.600   721486.600   721819.600   721830.600   722007.600
   435:   722016.600   722061.600   722177.600   722436.600   723961.600
   440:   725131.600   727303.600   727335.600   727437.600   729322.600
   445:   732208.600   732781.600   733160.600   743193.600   744055.600
   450:   744113.600   744221.600   746073.600   747051.600   749038.600
   455:   751581.600   751649.600   752761.600   752897.600   752905.600
   460:   753015.600   753879.600   755373.600   757079.600   757124.600
   465:   759823.600   759849.600   760925.600   762174.600   762727.600
   470:   762779.600   763123.600   763244.600   763327.600   777554.600
   475:   779096.600   780098.600   780148.600   780175.600   780195.600
   480:   780329.600   782314.600   782324.600   783019.600   783187.600
   485:   783338.600   783920.600   784043.600   784621.600   785601.600
   490:   785623.600   787013.600   787073.600   787118.600   789035.600
   495:   790077.600   791334.600   791432.600   792355.600   793030.600
   500:   793298.600   794122.600   795096.600   797342.600   799553.600
   505:   801145.600   801177.600   801444.600   801475.600   801547.600
   510:   801558.600   801991.600   802021.600   802343.600   803967.600
   515:   806402.600   807903.600   809459.600   810217.600   810345.600
   520:   814097.600   815802.600   816808.600   817506.600   819014.600
   525:   819056.600   819921.600   820964.600   821218.600   822062.600
   530:   822108.600   823560.600   823620.600   823686.600   823780.600
   535:   827201.600   828093.600   828818.600   831632.600   832566.600
   540:   833339.600   834767.600   835185.600   835979.600   837353.600
   545:   853585.600   854946.600   854988.600   856033.600   856582.600
   550:   860171.600   860196.600   860407.600   862060.600   873540.600
   555:   873863.600   873980.600   874254.600   875877.600   876060.600
   560:   876182.600   876845.600   877463.600   878476.600   878522.600
   565:   886274.600   887211.600   887706.600   889805.600   889843.600
   570:   894470.600   895516.600   896148.600   897031.600   897219.600
   575:   897286.600   902384.600   903832.600   903975.600   904408.600
   580:   904612.600   916548.600   917194.600   917749.600   917877.600
   585:   918150.600   918677.600   919388.600   919464.600   920007.600
   590:   920566.600   920818.600   920821.600   920825.600   920918.600
   595:   920989.600   921379.600   923882.600   924733.600   924961.600
   600:   925027.600   925140.600   925340.600   925622.600   925643.600
   605:   925658.600   925669.600   925716.600   925726.600   926040.600
   610:   926474.600   926528.600   926755.600   929350.600   930297.600
   615:   932492.600   933437.600   933523.600   933587.600   933639.600
   620:   933666.600   933780.600   938395.600   938945.600   938958.600
   625:   938992.600   939085.600   939504.600   946128.600   950351.600
   630:   952937.600   953440.600   956879.600   957558.600   957631.600
   635:   958721.600   958857.600   958909.600   960810.600   960997.600
   640:   961051.600   962186.600   962235.600   962817.600   965611.600
   645:   967329.600   967374.600   967415.600   967651.600   967881.600
   650:   967906.600   971822.600   973083.600   973391.600   973561.600
   655:   974243.600   974451.600   974520.600   974725.600   974909.600
   660:   974931.600   975052.600   975290.600   975375.600   975460.600
   665:   975972.600   976015.600   976066.600   981167.600   983283.600
   670:   984362.600   984558.600   984645.600   985107.600   990686.600
   675:   992144.600   993219.600   994215.600   995262.600   996014.600
   680:   996969.600   997006.600   997899.600   998755.600   999503.600
   685:  1000593.600  1000665.600  1001545.600  1006207.600  1006260.600
   690:  1006313.600  1007573.600  1008965.600  1013227.600  1014319.600
   695:  1014351.600  1014408.600  1014473.600  1014498.600  1014606.600
   700:  1014616.600  1014635.600  1014712.600  1014796.600  1020343.600
   705:  1021110.600  1021974.600  1022039.600  1022703.600  1023234.600
   710:  1023252.600  1023307.600  1028089.600  1030102.600  1030731.600
   715:  1031433.600  1031959.600  1032343.600  1033069.600  1036150.600
   720:  1036915.600  1037120.600  1037482.600  1041890.600  1044060.600
   725:  1045260.600  1047220.600  1047978.600  1048814.600  1050527.600
   730:  1051748.600  1052481.600  1053326.600  1053494.600  1053569.600
   735:  1053760.600  1057601.600  1057646.600  1057693.600  1058035.600
   740:  1059041.600  1062692.600  1063789.600  1063872.600  1063946.600
   745:  1082279.600  1082754.600  1082758.600  1083668.600  1084399.600
   750:  1085101.600  1085144.600  1085229.600  1085568.600  1086761.600
   755:  1086815.600  1086869.600  1086873.600  1092961.600  1094247.600
   760:  1122088.600  1122147.600  1122610.600  1123938.600  1124755.600
   765:  1125479.600  1126122.600  1127121.600  1127209.600  1130636.600
   770:  1130667.600  1132707.600  1133251.600  1134484.600  1134567.600
   775:  1135479.600  1136054.600  1136140.600  1136154.600  1137795.600
   780:  1139179.600  1139231.600  1142699.600  1146875.600  1147790.600
   785:  1147846.600  1148388.600  1148593.600  1148632.600  1148757.600
   790:  1148958.600  1151473.600  1151499.600  1151533.600  1151539.600
   795:  1151666.600  1151839.600  1153118.600  1153248.600  1153715.600
   800:  1154383.600  1155073.600  1157613.600  1158537.600  1160709.600
   805:  1160892.600  1161699.600  1162235.600  1163136.600  1163188.600
   810:  1164045.600  1166496.600  1166541.600  1167652.600  1167718.600
   815:  1170811.600  1178963.600  1180474.600  1180509.600  1180535.600
   820:  1181286.600  1181815.600  1182927.600  1184186.600  1190124.600
   825:  1190768.600  1195514.600  1201055.600  1203671.600  1203701.600
   830:  1203787.600  1204271.600  1204971.600  1207549.600  1208073.600
   835:  1210298.600  1211112.600  1211163.600  1211976.600  1212024.600
   840:  1212282.600  1212469.600  1212494.600  1212672.600  1213613.600
   845:  1213801.600  1213831.600  1213837.600  1213853.600  1213935.600
   850:  1213983.600  1213985.600  1213988.600  1214061.600  1214244.600
   855:  1214465.600  1214483.600  1214502.600  1214569.600  1216224.600
   860:  1217046.600  1217102.600  1218719.600  1220728.600  1220823.600
   865:  1221401.600  1221888.600  1221894.600  1222139.600  1222341.600
   870:  1222562.600  1224999.600  1225707.600  1226126.600  1226187.600
   875:  1227467.600  1227733.600  1228776.600  1228985.600  1231502.600
   880:  1232125.600  1232938.600  1237141.600  1237461.600  1239869.600
   885:  1242723.600  1242758.600  1243640.600  1244294.600  1244471.600
   890:  1249254.600  1249795.600  1250144.600  1254226.600  1254542.600
   895:  1254821.600  1254857.600  1255004.600  1255056.600  1256464.600
   900:  1257302.600  1257512.600  1257572.600  1257642.600  1258303.600
   905:  1260996.600  1261752.600  1262004.600  1262235.600  1262995.600
   910:  1263555.600  1263867.600  1265508.600  1265555.600  1266483.600
   915:  1266881.600  1267594.600  1268389.600  1268435.600  1288650.600
   920:  1290247.600  1296201.600  1297730.600  1298473.600  1304305.600
   925:  1304498.600  1306005.600  1306620.600  1307117.600  1307548.600
   930:  1307576.600  1307864.600  1310188.600  1312229.600  1312365.600
   935:  1312537.600  1312606.600  1312639.600  1312649.600  1313541.600
   940:  1314281.600  1314594.600  1316136.600  1320202.600  1336006.600
   945:  1337886.600  1338860.600  1338911.600  1338918.600  1338951.600
   950:  1338961.600  1339019.600  1339083.600  1339182.600  1339737.600
   955:  1339874.600  1339934.600  1340738.600  1345790.600  1347690.600
   960:  1377239.600  1377670.600  1378611.600  1379896.600  1381043.600
   965:  1381066.600  1385269.600  1385851.600  1390910.600  1391524.600
   970:  1392191.600  1396608.600  1397757.600  1397853.600  1397871.600
   975:  1398039.600  1398321.600  1398397.600  1398442.600  1398485.600
   980:  1399518.600  1399666.600  1399849.600  1399952.600  1400065.600
   985:  1404422.600  1406614.600  1407193.600  1410643.600  1411600.600
   990:  1411777.600  1411896.600  1412053.600  1412137.600  1412222.600
   995:  1412274.600  1412343.600  1412725.600  1412737.600  1412989.600
  1000:  1417314.600  1418107.600  1418229.600  1418927.600  1420829.600
  1005:  1421065.600  1421355.600  1423323.600  1426244.600  1426713.600
  1010:  1426818.600  1426836.600  1426866.600  1427082.600  1427141.600
  1015:  1427456.600  1427497.600  1428050.600  1428843.600  1429401.600
  1020:  1431498.600  1432775.600  1433328.600  1435261.600  1436073.600
  1025:  1436134.600  1438125.600  1439161.600  1439255.600  1442771.600
  1030:  1443324.600  1443681.600  1443888.600  1443996.600  1444060.600
  1035:  1449429.600  1450467.600  1454731.600  1456352.600  1457055.600
  1040:  1458084.600  1459353.600  1461908.600  1462952.600  1466372.600
  1045:  1468277.600  1472042.600  1474606.600  1476643.600  1476720.600
  1050:  1476793.600  1492073.600  1492648.600  1493952.600  1495839.600
  1055:  1502063.600  1502090.600  1504002.600  1507616.600  1513606.600
  1060:  1513622.600  1513627.600  1514287.600  1518718.600  1520295.600
  1065:  1534908.600  1537120.600  1537162.600  1537231.600  1537344.600
  1070:  1537410.600  1538727.600  1547382.600  1548629.600  1549530.600
  1075:  1553543.600  1557122.600  1559632.600  1564885.600  1566501.600
  1080:  1567009.600  1567201.600  1567941.600  1570701.600  1571105.600
  1085:  1571129.600  1571231.600  1574594.600  1574634.600  1575512.600
  1090:  1576108.600  1576811.600  1576915.600  1577011.600  1577768.600
  1095:  1577848.600  1578211.600  1580794.600  1582064.600  1582226.600
  1100:  1582327.600  1586041.600  1591820.600  1593273.600  1596841.600
  1105:  1602937.600  1604287.600  1604354.600  1606338.600  1607791.600
  1110:  1608670.600  1609709.600  1624937.600  1624972.600  1625360.600
  1115:  1625834.600  1628009.600  1630496.600  1632904.600  1633498.600
  1120:  1634368.600  1638041.600  1639008.600  1639133.600  1640108.600
  1125:  1640180.600  1643281.600  1648485.600  1648885.600  1649444.600
  1130:  1650462.600  1652007.600  1655512.600  1655605.600  1656062.600
  1135:  1660620.600  1661375.600  1661536.600  1663481.600  1664064.600
  1140:  1664616.600  1664656.600  1668219.600  1668317.600  1670988.600
  1145:  1673285.600  1673666.600  1674518.600  1674610.600  1675719.600
  1150:  1676107.600  1676343.600  1700662.600  1706733.600  1707811.600
  1155:  1708599.600  1709298.600  1710651.600  1710687.600  1710751.600
  1160:  1711643.600  1711717.600  1711760.600  1711834.600  1711891.600
  1165:  1714048.600  1715643.600  1717023.600  1718191.600  1718293.600
  1170:  1719674.600  1721507.600  1722278.600  1739573.600  1740590.600
  1175:  1742148.600  1743053.600  1743114.600  1743662.600  1744323.600
  1180:  1745448.600  1745490.600  1746457.600  1762273.600  1762611.600
  1185:  1762640.600  1762675.600  1763233.600  1763412.600  1764392.600
  1190:  1765235.600  1766299.600  1781013.600  1782007.600  1784579.600
  1195:  1790069.600  1793052.600  1793787.600  1793976.600  1797155.600
  1200:  1797812.600  1798680.600  1799825.600  1800094.600  1800213.600
  1205:  1800523.600  1800617.600  1800658.600  1800666.600  1800710.600
  1210:  1800726.600  1800729.600  1801080.600  1801577.600  1806044.600
  1215:  1806529.600  1807550.600  1807782.600  1809600.600  1809716.600
  1220:  1996144.600  1996615.600  1996620.600  1997160.600  1997994.600
  1225:  1999916.600  2004428.600  2004475.600  2016639.600  2030576.600
  1230:  2030944.600  2031446.600  2031528.600  2031545.600  2031606.600
  1235:  2037294.600  2046493.600  2047162.600  2048298.600  2049276.600
  1240:  2049717.600  2049829.600  2049922.600  2052940.600  2055109.600
  1245:  2055988.600  2059064.600  2060424.600  2060459.600  2060503.600
  1250:  2061082.600  2061119.600  2062338.600  2063172.600  2070773.600
  1255:  2072780.600  2072990.600  2073889.600  2075697.600  2076509.600
  1260:  2107936.600  2107989.600  2118106.600  2122285.600  2123067.600
  1265:  2123762.600  2124625.600  2124895.600  2126265.600  2127082.600
  1270:  2131040.600  2131190.600  2131327.600  2131429.600  2133979.600
  1275:  2134011.600  2135490.600  2135740.600  2135772.600  2141389.600
  1280:  2144701.600  2146162.600  2147558.600  2148863.600  2150470.600
  1285:  2154528.600  2154575.600  2155800.600  2156424.600  2157733.600
  1290:  2158527.600  2158996.600  2159248.600  2159360.600  2159644.600
  1295:  2159686.600  2159737.600  2164259.600  2169163.600  2170348.600
  1300:  2170523.600  2170910.600  2172284.600  2172735.600  2176008.600
  1305:  2176674.600  2182006.600  2185457.600  2185811.600  2186891.600
  1310:  2187886.600  2187971.600  2189471.600  2189845.600  2189850.600
  1315:  2190118.600  2190178.600  2194067.600  2196410.600  2197390.600
  1320:  2199140.600  2201086.600  2202341.600  2206639.600  2207238.600
  1325:  2207422.600  2208424.600  2212321.600  2212377.600  2216776.600
  1330:  2216963.600  2222778.600  2231787.600  2232837.600  2233106.600
  1335:  2235237.600  2235573.600  2236170.600  2236292.600  2236371.600
  1340:  2236503.600  2237264.600  2240945.600  2244225.600  2247383.600
  1345:  2247966.600  2248034.600  2248685.600  2249486.600  2249831.600
  1350:  2257241.600  2258589.600  2263329.600  2263620.600  2266469.600
  1355:  2267655.600  2268353.600  2268776.600  2268799.600  2269493.600
  1360:  2269694.600  2269708.600  2269857.600  2269870.600  2269882.600
  1365:  2269975.600  2270099.600  2270117.600  2270218.600  2270441.600
  1370:  2270621.600  2270822.600  2271035.600  2271131.600  2271146.600
  1375:  2271893.600  2274036.600  2280696.600  2284207.600  2286668.600
  1380:  2287038.600  2290826.600  2290957.600  2292764.600  2293149.600
  1385:  2293795.600  2294113.600  2294149.600  2294155.600  2295725.600
  1390:  2295803.600  2299595.600  2302958.600  2303100.600  2303661.600
  1395:  2303718.600  2304254.600  2307133.600  2307143.600  2310083.600
  1400:  2310646.600  2311153.600  2311207.600  2311211.600  2311247.600
  1405:  2314386.600  2314534.600  2314826.600  2321278.600  2322236.600
  1410:  2325593.600  2325658.600  2325833.600  2329845.600  2334479.600
  1415:  2336875.600  2337434.600  2337460.600  2337789.600  2343982.600
  1420:  2344047.600  2347359.600  2350767.600  2351305.600  2351845.600
  1425:  2353956.600  2354407.600  2354451.600  2354896.600  2355001.600
  1430:  2356539.600  2357486.600  2357584.600  2357646.600  2359308.600
  1435:  2361784.600  2362333.600  2362757.600  2364827.600  2365615.600
  1440:  2366028.600  2367903.600  2368372.600  2368672.600  2368917.600
  1445:  2371624.600  2374068.600  2374451.600  2374738.600  2378051.600
  1450:  2378072.600  2380235.600  2382228.600  2386821.600  2386961.600
  1455:  2388935.600  2389494.600  2392455.600  2392498.600  2402189.600
  1460:  2402254.600  2402406.600  2403650.600  2403684.600  2404191.600
  1465:  2404314.600  2404462.600  2406359.600  2406817.600  2411751.600
  1470:  2412171.600  2412255.600  2412287.600  2412836.600  2412922.600
  1475:  2413045.600  2414911.600  2415509.600  2415749.600  2416519.600
  1480:  2419191.600  2419274.600  2419318.600  2419698.600  2420179.600
  1485:  2420361.600  2423573.600  2423625.600  2425514.600  2426336.600
  1490:  2427113.600  2427209.600  2427755.600  2428149.600  2428175.600
  1495:  2428219.600  2431647.600  2434094.600  2434139.600  2434941.600
  1500:  2435102.600  2440619.600  2440695.600  2443642.600  2448278.600
  1505:  2451839.600  2452040.600  2452998.600  2455469.600  2456493.600
  1510:  2456644.600  2468848.600  2469288.600  2470173.600  2470599.600
  1515:  2470729.600  2471043.600  2475150.600  2476391.600  2476666.600
  1520:  2476760.600  2476927.600  2476978.600  2477193.600  2477280.600
  1525:  2477366.600  2477615.600  2477634.600  2477770.600  2477822.600
  1530:  2477861.600  2479549.600  2479558.600  2480479.600  2480881.600
  1535:  2481094.600  2481268.600  2481390.600  2481440.600  2481632.600
  1540:  2483990.600  2486471.600  2488824.600  2489460.600  2491472.600
  1545:  2492291.600  2492368.600  2496328.600  2497461.600  2497702.600
  1550:  2497762.600  2497851.600  2501764.600  2501800.600  2504460.600
  1555:  2505706.600  2505781.600  2509179.600  2509831.600  2509924.600
  1560:  2510111.600  2510345.600  2514058.600  2514401.600  2515752.600
  1565:  2515842.600  2516469.600  2519561.600  2522311.600  2522940.600
  1570:  2527933.600  2528032.600  2528084.600  2531376.600  2535326.600
  1575:  2540294.600  2543883.600  2544875.600  2544927.600  2546648.600
  1580:  2547701.600  2547741.600  2547819.600  2548253.600  2550523.600
  1585:  2550723.600  2550947.600  2550971.600  2553117.600  2553247.600
  1590:  2553279.600  2553316.600  2553980.600  2554175.600  2554234.600
  1595:  2554830.600  2555500.600  2555608.600  2555660.600  2555925.600
  1600:  2558623.600  2559444.600  2562441.600  2562627.600  2563391.600
  1605:  2563614.600  2568348.600  2568400.600  2593683.600  2594319.600
  1610:  2596316.600  2596361.600  2597318.600  2599612.600  2599635.600
  1615:  2600409.600  2600732.600  2601466.600  2602590.600  2602614.600
  1620:  2604198.600  2605421.600  2605509.600  2605712.600  2606796.600
  1625:  2606842.600  2606901.600  2606910.600  2607793.600  2611084.600
  1630:  2611313.600  2612770.600  2615286.600  2616606.600  2626739.600
  1635:  2627489.600  2628252.600  2629210.600  2633747.600  2633802.600
  1640:  2634479.600  2638540.600  2643933.600  2645271.600  2664909.600
  1645:  2664951.600  2666276.600  2666412.600  2668378.600  2669346.600
  1650:  2670020.600  2671094.600  2671393.600  2672217.600  2672237.600
  1655:  2672786.600  2672957.600  2682739.600  2685946.600  2687032.600
  1660:  2687612.600  2687838.600  2688013.600  2688659.600  2691307.600
  1665:  2694482.600  2694503.600  2698413.600  2698454.600  2702239.600
  1670:  2703421.600  2703960.600  2704611.600  2707951.600  2708168.600
  1675:  2708569.600  2708775.600  2708930.600  2709048.600  2713156.600
  1680:  2713805.600  2714441.600  2715948.600  2715982.600  2716082.600
  1685:  2716097.600  2716103.600  2716150.600  2718177.600  2718257.600
  1690:  2718323.600  2723416.600  2724175.600  2724929.600  2725094.600
  1695:  2732308.600  2732620.600  2739237.600  2742415.600  2743648.600
  1700:  2743995.600  2744278.600  2744420.600  2748771.600  2749969.600
  1705:  2753132.600  2753186.600  2754868.600  2754970.600  2755559.600
  1710:  2756211.600  2757206.600  2764388.600  2765408.600  2766594.600
  1715:  2768429.600  2769214.600  2769960.600  2770959.600  2772126.600
  1720:  2772559.600  2772961.600  2773259.600  2773293.600  2774730.600
  1725:  2775455.600  2775462.600  2776324.600  2777637.600  2778424.600
  1730:  2778474.600  2778515.600  2779300.600  2782169.600  2784197.600
  1735:  2785137.600  2785209.600  2785250.600  2786269.600  2786738.600
  1740:  2787609.600  2795372.600  2795429.600  2795492.600  2795895.600
  1745:  2796266.600  2807005.600  2810415.600  2811202.600  2811243.600
  1750:  2814628.600  2814767.600  2814821.600  2815456.600  2815964.600
  1755:  2816280.600  2817223.600  2817789.600  2825203.600  2826863.600
  1760:  2828379.600  2836147.600  2836180.600  2836288.600  2840349.600
  1765:  2841429.600  2841576.600  2841803.600  2843300.600  2843728.600
  1770:  2846020.600  2847787.600  2848861.600  2849788.600  2850792.600
  1775:  2854041.600  2854806.600  2856761.600  2859271.600  2860124.600
  1780:  2861995.600  2862059.600  2863289.600  2864133.600  2864766.600
  1785:  2865449.600  2865492.600  2865714.600  2866249.600  2868348.600
  1790:  2870252.600  2871469.600  2872090.600  2874829.600  2875734.600
  1795:  2875966.600  2879740.600  2883668.600  2884871.600  2885267.600
  1800:  2885338.600  2885850.600  2886772.600  2887733.600  2890433.600
  1805:  2891722.600  2891774.600  2893281.600  2893333.600  2901229.600
  1810:  2901481.600  2901632.600  2902988.600  2904445.600  2906337.600
  1815:  2906463.600  2906520.600  2906575.600  2906934.600  2906982.600
  1820:  2907037.600  2907090.600  2907129.600  2907181.600  2907236.600
  1825:  2907284.600  2923561.600  2926014.600  2926922.600  2926942.600
  1830:  2927076.600  2928031.600  2929339.600  2930442.600  2930939.600
  1835:  2932318.600  2944667.600  2945479.600  2946554.600  2956385.600
  1840:  2961008.600  2961015.600  2961034.600  2961328.600  2963749.600
  1845:  2963794.600  2964209.600  2980093.600  2983673.600  2985148.600
  1850:  3230251.600  3230703.600  3236202.600  3252567.600  3253762.600
  1855:  3253873.600  3256708.600  3256745.600  3258625.600  3268511.600
  1860:  3268836.600  3269825.600  3270840.600  3272091.600  3272124.600
  1865:  3273364.600  3273852.600  3274676.600  3275129.600  3275237.600
  1870:  3275309.600  3277061.600  3277160.600  3278025.600  3282256.600
  1875:  3326800.600  3327405.600  3327788.600  3329286.600  3331184.600
  1880:  3332343.600  3333485.600  3334357.600  3334362.600  3335433.600
  1885:  3336376.600  3337712.600  3338992.600  3339756.600  3339784.600
  1890:  3340766.600  3341082.600  3341366.600  3342004.600  3342162.600
  1895:  3345838.600  3348356.600  3349133.600  3349191.600  3349274.600
  1900:  3349304.600  3349579.600  3350076.600  3350781.600  3351221.600
  1905:  3351576.600  3358167.600  3358952.600  3359919.600  3360278.600
  1910:  3360342.600  3360565.600  3360665.600  3360792.600  3360829.600
  1915:  3360890.600  3361929.600  3362280.600  3362471.600  3363088.600
  1920:  3365603.600  3365664.600  3365767.600  3365796.600  3365866.600
  1925:  3365929.600  3372611.600  3375199.600  3375202.600  3375249.600
  1930:  3377499.600  3379995.600  3381598.600  3381740.600  3383655.600
  1935:  3386350.600  3386784.600  3386946.600  3386973.600  3389831.600
  1940:  3393350.600  3393414.600  3393470.600  3393547.600  3393718.600
  1945:  3394515.600  3401076.600  3402524.600  3403829.600  3406716.600
  1950:  3407979.600  3409549.600  3410270.600  3411627.600  3411973.600
  1955:  3412434.600  3416462.600  3418650.600  3420855.600  3424474.600
  1960:  3425505.600  3426033.600  3426089.600  3426435.600  3427499.600
  1965:  3428578.600  3429658.600  3430141.600  3430640.600  3433020.600
  1970:  3433058.600  3433157.600  3433995.600  3438671.600  3442178.600
  1975:  3442186.600  3442195.600  3442236.600  3442273.600  3444668.600
  1980:  3445115.600  3445179.600  3445269.600  3446574.600  3448667.600
  1985:  3448760.600  3449003.600  3449462.600  3451368.600  3460103.600
  1990:  3461001.600  3461518.600  3462125.600  3463451.600  3464333.600
  1995:  3464377.600  3464411.600  3466098.600  3493926.600  3494952.600
  2000:  3495172.600  3500452.600  3501611.600  3502657.600  3504218.600
  2005:  3504761.600  3511801.600  3513511.600  3514173.600  3514999.600
  2010:  3515048.600  3515080.600  3515131.600  3523379.600  3524466.600
  2015:  3525775.600  3526421.600  3528616.600  3528672.600  3529709.600
  2020:  3531156.600  3533778.600  3758188.600  3758198.600  3758231.600
  2025:  3758546.600  3758815.600  3758894.600  3758971.600  3760307.600
  2030:  3761191.600  3776464.600  3776690.600  3776997.600  3809125.600
  2035:  3809878.600  3810345.600  3810775.600  3812339.600  3812403.600
  2040:  3813955.600  3814615.600  3815172.600  3816222.600  3816290.600
  2045:  3822515.600  3823321.600  3823422.600  3823791.600  3826868.600
  2050:  3827728.600  3829863.600  3829984.600  3831394.600  3831516.600
  2055:  3831524.600  3832285.600  3832438.600  3832943.600  3838194.600
  2060:  3839964.600  3841913.600  3841990.600  3842053.600  3842105.600
  2065:  3849638.600  3850761.600  3851682.600  3855041.600  3855123.600
  2070:  3860599.600  3862157.600  3866369.600  3866427.600  3866531.600
  2075:  3870503.600  3871564.600  3879765.600  3880841.600  3880851.600
  2080:  3882654.600  3885218.600  4070827.600  4073553.600  4077460.600
  2085:  4077685.600  4077839.600  4078415.600  4082195.600  4082910.600
  2090:  4085155.600  4085903.600  4086885.600  4099611.600  4101981.600
  2095:  4102013.600  4103138.600  4111959.600  4119049.600  4119084.600
  2100:  4120019.600  4120927.600  4120960.600  4121125.600  4122112.600
  2105:  4122225.600  4122275.600  4122526.600  4123540.600  4123571.600
  2110:  4123938.600  4124226.600  4124279.600  4124780.600  4127681.600
  2115:  4128393.600  4128540.600  4130088.600  4130956.600  4131099.600
  2120:  4132704.600  4133769.600  4134117.600  4134613.600  4135405.600
  2125:  4138927.600  4140152.600  4142264.600  4142833.600  4146053.600
  2130:  4153862.600  4153910.600  4154833.600  4158388.600  4164359.600
  2135:  4164392.600  4170275.600  4170324.600  4186613.600  4187258.600
  2140:  4187277.600  4187470.600  4188176.600  4188573.600  4190649.600
  2145:  4190711.600  4205184.600  4206627.600  4206913.600  4207451.600
  2150:  4217149.600  4217198.600  4218938.600  4219644.600  4219684.600
  2155:  4219784.600  4221666.600  4227243.600  4237939.600  4238020.600
  2160:  4238882.600  4243494.600  4252899.600  4258838.600  4260829.600
  2165:  4261313.600  4276648.600  4277495.600  4278694.600  4281960.600
  2170:  4281977.600  4282547.600  4283706.600  4283771.600  4284575.600
  2175:  4285419.600  4290157.600  4290368.600  4293817.600  4301592.600
  2180:  4301627.600  4307530.600  4308035.600  4308408.600  4308506.600
  2185:  4309116.600  4309417.600  4309423.600  4309431.600  4309445.600
  2190:  4309448.600  4309451.600  4309453.600  4309477.600  4309488.600
  2195:  4309675.600  4309856.600  4310173.600  4314225.600  4319412.600
  2200:  4320000.999
E:
     0:        5.200       16.300       28.800       43.200       59.900
     5:       80.100      105.300      139.300      191.600      330.300
F:
     0:        0.000        0.000        0.000        0.000        0.000
     5:        0.000
L:
     0:        0.000        0.000        0.000        0.000        0.000
     5:        0.000        0.000        0.000        0.000        0.000
    10:        0.000        0.000        0.000        0.000        0.000
    15:        0.000        0.000        0.000        0.000        0.000
    20:        0.000        0.000        0.000        0.000        0.000
    25:        0.000        0.000        0.000        0.000        0.000
    30:        0.000        0.000        0.000        0.000        0.000
    35:        0.000        0.000        0.000        0.000        0.000
    40:        0.000        0.000        0.000        0.000        0.000
    45:        0.000        0.000        0.000        0.000        0.000
    50:        0.000        0.000        0.000        0.000        0.000
    55:        0.000        0.000        0.000        0.000        0.000
    60:        0.000        0.000        0.000        0.000        0.000
    65:        0.000        0.000        0.000        0.000        0.000
    70:        0.000        0.000        0.000        0.000        0.000
    75:        0.000        0.000        0.000        0.000        0.000
    80:        0.000        0.000        0.000        0.000        0.000
    85:        0.000        0.000        0.000        0.000        0.000
    90:        0.000        0.000        0.000        0.000        0.000
    95:        0.000        0.000        0.000        0.000        0.000
   100:        0.000        0.000        0.000        0.000        0.000
   105:        0.000        0.000        0.000        0.000        0.000
   110:        0.000        0.000        0.000        0.000        0.000
   115:        0.000        0.000        0.000        0.000        0.000
   120:        0.000        0.000        0.000        0.000        0.000
   125:        0.000        0.000        0.000        0.000        0.000
   130:        0.000        0.000        0.000        0.000        0.000
   135:        0.000        0.000        0.000        0.000        0.000
   140:        0.000        0.000        0.000        0.000        0.000
   145:        0.000        0.000        0.000        0.000        0.000
   150:        0.000        0.000        0.000        0.000        0.000
   155:        0.000        0.000        0.000        0.000        0.000
   160:        0.000        0.000        0.000        0.000        0.000
   165:        0.000        0.000        0.000        0.000        0.000
   170:        0.000        0.000        0.000        0.000        0.000
   175:        0.000        0.000        0.000        0.000        0.000
   180:        0.000        0.000        0.000        0.000        0.000
   185:        0.000        0.000        0.000        0.000        0.000
   190:        0.000        0.000        0.000        0.000        0.000
   195:        0.000        0.000        0.000        0.000        0.000
   200:        0.000        0.000        0.000        0.000        0.000
   205:        0.000        0.000        0.000        0.000        0.000
   210:        0.000        0.000        0.000        0.000        0.000
   215:        0.000        0.000        0.000        0.000        0.000
   220:        0.000        0.000        0.000        0.000        0.000
   225:        0.000        0.000        0.000        0.000        0.000
   230:        0.000        0.000        0.000        0.000        0.000
   235:        0.000        0.000        0.000        0.000        0.000
   240:        0.000        0.000        0.000        0.000        0.000
   245:        0.000        0.000        0.000        0.000        0.000
   250:        0.000
M:
     0:        0.000        0.000        0.000        0.000        0.000
     5:        0.000
