File: C:\MED-PC IV\DATA\!2023-03-05_18h44m.Subject DF28


Start Date: 03/05/23
End Date: 03/06/23
Subject: DF28
Experiment: delayed_acquisition
Group: 1
Box: 8
Start Time: 18:44:34
End Time:  6:57:50
MSN: Delayed_Acquisition2_w_magmacro
G:       0.000
H:       0.000
I:       0.000
J:       0.000
K:       0.000
N:       0.000
O:       0.000
P:       0.000
Q:       0.000
R:       0.000
S:       0.000
T:       0.000
U:       0.000
V:       0.000
W:       0.000
X:       0.000
Y:       0.000
Z:       0.000
A:
     0:        2.000       60.000  4320000.000        2.000        0.000
     5:        1.000    96000.000        0.000       10.000        0.000
    10:        0.000        0.000        0.000        0.000        0.000
    15:        0.000        0.000        0.000        0.000        0.000
    20:        0.000        0.000        0.000        0.000        0.000
    25:        0.000        0.000        0.000        0.000        0.000
    30:        0.000        0.000        0.000        0.000        0.000
    35:        0.000        0.000        0.000        0.000        0.000
    40:        0.000        0.000        0.000        0.000        0.000
    45:        0.000        0.000        0.000        0.000        0.000
    50:        0.000        0.000        0.000        0.000        0.000
    55:        0.000        0.000        0.000        0.000        0.000
    60:        0.000        0.000        0.000        0.000        0.000
    65:        0.000        0.000        0.000        0.000        0.000
    70:        0.000        0.000        0.000        0.000        0.000
    75:        0.000        0.000        0.000        0.000        0.000
    80:        0.000        0.000        0.000        0.000        0.000
    85:        0.000        0.000        0.000        0.000        0.000
    90:        0.000        0.000        0.000        0.000        0.000
    95:        0.000        0.000        0.000        0.000        0.000
   100:        0.000
B:
     0:  4320000.000  4323408.000        1.000        8.000        0.000
     5:        0.000        0.000        8.000      691.000      846.000
    10:        0.000      603.000        9.000        7.000      129.000
    15:        0.000        8.000        0.000        0.000        0.000
    20:        0.000        0.000        0.000        0.000        0.000
    25:        0.000        0.000        0.000        0.000        0.000
    30:        1.031        0.000        0.000       80.000        0.000
    35:        0.000        0.000        0.000        0.000        0.000
    40:        0.000        0.000        0.000        0.000        0.000
    45:        0.000        0.000        0.000        0.000        0.000
    50:        0.000        0.000        0.000        0.000        0.000
    55:        0.000        0.000        0.000        0.000        0.000
    60:        0.000        0.000        0.000        0.000        0.000
    65:        0.000        0.000        0.000        0.000        0.000
    70:        0.000        0.000        0.000        0.000        0.000
    75:        0.000        0.000        0.000        0.000        0.000
    80:        0.000        0.000        0.000        0.000        0.000
    85:        0.000        0.000        0.000        0.000        0.000
    90:        0.000        0.000        0.000        0.000        0.000
    95:        0.000        0.000        0.000        0.000        0.000
   100:        0.000
C:
     0:      335.300     1862.100    97863.200    97863.200    97863.200
     5:    97863.200    97863.200    97863.200    97863.200    97863.200
    10:    97863.200    97863.200   102061.300   102646.300   102841.300
    15:   107467.300   107480.300   107700.300   109319.300   109564.300
    20:   109626.300   109686.300   109722.300   109779.300   109783.300
    25:   110169.300   110193.300   110503.300   110796.300   110848.300
    30:   110913.300   110963.300   111003.300   114355.300   116967.300
    35:   120417.300   144750.300   157410.300   157438.300   158571.300
    40:   164281.300   189130.300   189452.300   189507.300   189588.300
    45:   192744.300   196793.300   198770.300   201489.300   201650.300
    50:   201679.300   201765.300   201995.300   202171.300   202352.300
    55:   202357.300   202377.300   202402.300   202417.300   202440.300
    60:   202520.300   202524.300   238991.300   239042.300   239076.300
    65:   239457.300   244836.300   244869.300   250764.300   271330.300
    70:   271411.300   277413.300   284753.300   285168.300   304728.300
    75:   306794.300   306863.300   306927.300   314838.300   314970.300
    80:   319136.300   319221.300   323953.300   337880.300   338477.300
    85:   338623.300   338685.300   338720.300   347155.300   398525.300
    90:   398538.300   413158.300   413176.300   413184.300   413369.300
    95:   413401.300   413417.300   413493.300   413538.300   413552.300
   100:   418618.300   422806.300   431151.300   431378.300   431636.300
   105:   431775.300   431778.300   431906.300   431953.300   431990.300
   110:   431996.300   431999.300   432007.300   432281.300   443423.300
   115:   446853.300   466343.300   466422.300   467405.300   477609.300
   120:   477711.300   477758.300   478097.300   485667.300   489452.300
   125:   490331.300   490346.300   490519.300   498832.300   549262.300
   130:   549287.300   549631.300   592804.300   594101.300   594133.300
   135:   594172.300   611695.300   611765.300   618542.300   618773.300
   140:   618782.300   624798.300   624895.300   624981.300   624997.300
   145:   625010.300   625037.300   625090.300   629596.300   629633.300
   150:   629736.300   629874.300   629895.300   629946.300   630006.300
   155:   630162.300   630230.300   630560.300   635637.300   635645.300
   160:   636057.300   636120.300   636158.300   636179.300   636224.300
   165:   636242.300   636258.300   636270.300   636293.300   636342.300
   170:   636418.300   636738.300   636959.300   637005.300   637682.300
   175:   642814.300   649892.300   649911.300   649971.300   664280.300
   180:   664364.300   674430.300   674982.300   675189.300   675304.300
   185:   675334.300   675545.300   676486.300   676569.300   676688.300
   190:   679897.300   685560.300   703815.300   706869.300   763054.300
   195:   763075.300   763100.300   763123.300   765510.300   765540.300
   200:   768412.300   830591.300   830782.300   863817.300   863880.300
   205:   868414.100   964415.200   964415.200   964415.200   964415.200
   210:   964415.200   964415.200   964415.200   964415.200   964415.200
   215:   964415.200   964784.300   964803.300   964827.300   964851.300
   220:   964872.300   964895.300   964946.300   964989.300   965016.300
   225:   965038.300   965062.300   965082.300   965106.300   965156.300
   230:   965181.300   965200.300   965221.300   965247.300   965263.300
   235:   965288.300   965312.300   965334.300   965351.300   965373.300
   240:   965393.300   965414.300   965454.300   965475.300   965497.300
   245:   965540.300   971221.300   987478.100  1083479.200  1083479.200
   250:  1083479.200  1083479.200  1083479.200  1083479.200  1083479.200
   255:  1083479.200  1083479.200  1083479.200  1083749.300  1083765.300
   260:  1083791.300  1083798.300  1083815.300  1083841.300  1083847.300
   265:  1083861.300  1083872.300  1083877.300  1083882.300  1083906.300
   270:  1083930.300  1083952.300  1083978.300  1083999.300  1084015.300
   275:  1084037.300  1084056.300  1084084.300  1084101.300  1084122.300
   280:  1084141.300  1084168.300  1084180.300  1084190.300  1084211.300
   285:  1084217.300  1084233.300  1084253.300  1084278.300  1084298.300
   290:  1084388.300  1084479.300  1084490.300  1087464.300  1087786.300
   295:  1087798.300  1087809.300  1088075.300  1096331.300  1096403.300
   300:  1099603.300  1109777.300  1148501.300  1148544.300  1148624.300
   305:  1185805.300  1186506.300  1186653.300  1186677.300  1226559.300
   310:  1235522.300  1245229.300  1245705.300  1273715.300  1274200.300
   315:  1275002.300  1278946.300  1282907.300  1283361.300  1283587.300
   320:  1285410.300  1286482.300  1287641.300  1294567.300  1295037.300
   325:  1295045.300  1298294.300  1299322.300  1299620.300  1316896.300
   330:  1318072.300  1319263.300  1319346.300  1327313.300  1327896.300
   335:  1333236.300  1333409.300  1333620.300  1346088.300  1346981.300
   340:  1346992.300  1351033.300  1351127.300  1352365.300  1361976.300
   345:  1365691.300  1366031.300  1366659.300  1366693.300  1367049.300
   350:  1379475.300  1379528.300  1389373.300  1389780.300  1389921.300
   355:  1390308.300  1406198.300  1406319.300  1406361.300  1406490.300
   360:  1406579.300  1406652.300  1406684.300  1406751.300  1406888.300
   365:  1406942.300  1448070.300  1448126.300  1448207.300  1457317.300
   370:  1462436.300  1521612.300  1566643.300  1567676.300  1571439.300
   375:  1600797.300  1620048.300  1620165.300  1620215.300  1620253.300
   380:  1620290.300  1620314.300  1620364.300  1620852.300  1621018.300
   385:  1657395.300  1657651.300  1657807.300  1657850.300  1657874.300
   390:  1674380.100  1770381.200  1770381.200  1770381.200  1770381.200
   395:  1770381.200  1770381.200  1770381.200  1770381.200  1770381.200
   400:  1770381.200  1775707.300  1775711.300  1775716.300  1775795.300
   405:  1775849.300  1775860.300  1775918.300  1775944.300  1775967.300
   410:  1776016.300  1776120.300  1776318.300  1776372.300  1777295.300
   415:  1777308.300  1777690.300  1786881.300  1791387.300  1791415.300
   420:  1791729.300  1799222.300  1804312.300  1805529.300  1883568.300
   425:  1888586.300  1888592.300  1888723.300  1888829.300  1896813.300
   430:  1897271.300  1897376.300  1897529.300  1897972.300  1898017.300
   435:  1898029.300  1898069.300  1898100.300  1898114.300  1898259.300
   440:  1898411.300  1898696.300  1898751.300  1898793.300  1904506.300
   445:  1910275.300  2013489.300  2039302.300  2050195.300  2050962.300
   450:  2082369.300  2082594.300  2082814.300  2092613.300  2114489.300
   455:  2141823.300  2142088.300  2147918.300  2155060.300  2155149.300
   460:  2155506.300  2164736.300  2178258.300  2315374.300  2316258.100
   465:  2412259.200  2412259.200  2412259.200  2412259.200  2412259.200
   470:  2412259.200  2412259.200  2412259.200  2412259.200  2412259.200
   475:  2417195.300  2417261.300  2417853.300  2417950.300  2420166.300
   480:  2439906.300  2440147.300  2521558.300  2530460.300  2554076.300
   485:  2554091.300  2554319.300  2554535.300  2554780.300  2554980.300
   490:  2556057.300  2556514.300  2557390.300  2558119.300  3278255.300
   495:  3278278.300  3278321.300  3278326.300  3287229.300  3460103.300
   500:  3464367.100  3560368.200  3560368.200  3560368.200  3560368.200
   505:  3560368.200  3560368.200  3560368.200  3560368.200  3560368.200
   510:  3560368.200  3566664.300  3566691.300  3566730.300  3566739.300
   515:  3566758.300  3566825.300  3566853.300  3567002.300  3567147.300
   520:  3567164.300  3567196.300  3567223.300  3567277.300  3567331.300
   525:  3567434.300  3567474.300  3578427.300  3578489.300  3579583.100
   530:  3675584.200  3675584.200  3675584.200  3675584.200  3675584.200
   535:  3675584.200  3675584.200  3675584.200  3675584.200  3675584.200
   540:  3675866.300  3675890.300  3675914.300  3675935.300  3675960.300
   545:  3675987.300  3676005.300  3676045.300  3676051.300  3676066.300
   550:  3676157.300  3676204.300  3676223.300  3676228.300  3676257.300
   555:  3676300.300  3676327.300  3676348.300  3676372.300  3676392.300
   560:  3676421.300  3676438.300  3676464.300  3676486.300  3676509.300
   565:  3676532.300  3676554.300  3676575.300  3676582.300  3676602.300
   570:  3676618.300  3676641.300  3676662.300  3676685.300  3676710.300
   575:  3676730.300  3676757.300  3676777.300  3676801.300  3676824.300
   580:  3676847.300  3676868.300  3676891.300  3676910.300  3676935.300
   585:  3676958.300  3676982.300  3677001.300  3677024.300  3677046.300
   590:  3677071.300  3677089.300  3677111.300  3677155.300  3677173.300
   595:  3677194.300  3677321.300  3677401.300  3677492.300  3677512.300
   600:  3677534.300  3677575.300  3677614.300  3677695.300  3677819.300
   605:  3679340.300  3679431.300  3679456.300  3679477.300  3679498.300
   610:  3679518.300  3679543.300  3679561.300  3679586.300  3679609.300
   615:  3679635.300  3679653.300  3679698.300  3679720.300  3679738.300
   620:  3679760.300  3679771.300  3679781.300  3679801.300  3679822.300
   625:  3679843.300  3679862.300  3679887.300  3679904.300  3679927.300
   630:  3679965.300  3679984.300  3680005.300  3680022.300  3680044.300
   635:  3680059.300  3680079.300  3680097.300  3680113.300  3680128.300
   640:  3680146.300  3680179.300  3680240.300  3680309.300  3681652.300
   645:  3681674.300  3681736.300  3682072.300  3682133.300  3682145.300
   650:  3682225.300  3682247.300  3683151.300  3683172.300  3683176.300
   655:  3743099.300  3743174.300  3914689.300  3915273.300  3915328.300
   660:  3924552.300  3924758.300  3928812.300  4193284.300  4194125.100
   665:  4290126.200  4290126.200  4290126.200  4290126.200  4290126.200
   670:  4290126.200  4290126.200  4290126.200  4290126.200  4290126.200
   675:  4295441.300  4295853.300  4296167.300  4296177.300  4296675.300
   680:  4296719.300  4297588.300  4297680.300  4307347.300  4307673.300
   685:  4307697.300  4307798.300  4307937.300  4308172.300  4318360.300
   690:  4318389.300
D:
     0:        0.111      335.600     1862.200     5966.650     6339.250
     5:     6574.650     6576.250     9676.650    10064.250    11671.650
    10:    11729.650    11958.650    11983.650    14162.650    18077.650
    15:    18219.650    18229.650    18273.650    18606.650    18701.650
    20:    18716.650    18730.650    18795.650    18832.650    18958.650
    25:    30213.650    32204.650    32213.650    32263.650    32721.650
    30:    32740.650    32753.650    33505.650    33716.650    33815.650
    35:    35125.650    35178.650    35212.650    35223.650    35234.650
    40:    35308.650    35477.650    36357.650    37331.650    37411.650
    45:    37548.650    48857.650    49666.650    58521.650    58591.650
    50:    61056.650    61195.650    63183.650    63872.650    63917.650
    55:    65894.650    65951.650    66062.650    66065.650    68434.650
    60:    70130.650    70148.650    70241.650    72602.650    72621.650
    65:    82887.650    84565.650    87383.650    87490.650    87545.650
    70:    97863.400    97908.410    97926.610    97957.410    98002.410
    75:    98051.410    98096.410    98145.410    98190.410    98239.410
    80:    98284.410    98289.420   102487.600   103072.600   103267.600
    85:   107893.600   107906.600   108126.600   109745.600   109990.600
    90:   110052.600   110112.600   110148.600   110205.600   110209.600
    95:   110595.600   110619.600   110929.600   111222.600   111274.600
   100:   111339.600   111389.600   111429.600   114781.600   117393.600
   105:   120843.600   145176.600   157836.600   157864.600   158997.600
   110:   164707.600   189556.600   189878.600   189933.600   190014.600
   115:   193170.600   197219.600   199196.600   201915.600   202076.600
   120:   202105.600   202191.600   202421.600   202597.600   202778.600
   125:   202783.600   202803.600   202828.600   202843.600   202866.600
   130:   202946.600   202950.600   239417.600   239468.600   239502.600
   135:   239883.600   245262.600   245295.600   251190.600   271756.600
   140:   271837.600   277839.600   285179.600   285594.600   305154.600
   145:   307220.600   307289.600   307353.600   315264.600   315396.600
   150:   319562.600   319647.600   324379.600   338306.600   338903.600
   155:   339049.600   339111.600   339146.600   347581.600   398951.600
   160:   398964.600   413584.600   413602.600   413610.600   413795.600
   165:   413827.600   413843.600   413919.600   413964.600   413978.600
   170:   419044.600   423232.600   431577.600   431804.600   432062.600
   175:   432201.600   432204.600   432332.600   432379.600   432416.600
   180:   432422.600   432425.600   432433.600   432707.600   443849.600
   185:   447279.600   466769.600   466848.600   467831.600   478035.600
   190:   478137.600   478184.600   478523.600   486093.600   489878.600
   195:   490757.600   490772.600   490945.600   499258.600   549688.600
   200:   549713.600   550057.600   593230.600   594527.600   594559.600
   205:   594598.600   612121.600   612191.600   618968.600   619199.600
   210:   619208.600   625224.600   625321.600   625407.600   625423.600
   215:   625436.600   625463.600   625516.600   630022.600   630059.600
   220:   630162.600   630300.600   630321.600   630372.600   630432.600
   225:   630588.600   630656.600   630986.600   636063.600   636071.600
   230:   636483.600   636546.600   636584.600   636605.600   636650.600
   235:   636668.600   636684.600   636696.600   636719.600   636768.600
   240:   636844.600   637164.600   637385.600   637431.600   638108.600
   245:   643240.600   650318.600   650337.600   650397.600   664706.600
   250:   664790.600   674856.600   675408.600   675615.600   675730.600
   255:   675760.600   675971.600   676912.600   676995.600   677114.600
   260:   680323.600   685986.600   704241.600   707295.600   763480.600
   265:   763501.600   763526.600   763549.600   765936.600   765966.600
   270:   768838.600   831017.600   831208.600   864243.600   864306.600
   275:   868840.200   870957.650   870985.650   871276.650   871351.650
   280:   871582.650   871706.650   903098.650   903708.650   923567.650
   285:   930828.650   935634.650   935973.650   936959.650   937007.650
   290:   937050.650   937291.650   938870.250   942503.650   964841.400
   295:   964886.410   964913.610   964935.410   964980.410   965029.410
   300:   965074.410   965123.410   965168.410   965217.410   965262.410
   305:   965267.420   965636.600   965655.600   965679.600   965703.600
   310:   965724.600   965747.600   965798.600   965841.600   965868.600
   315:   965890.600   965914.600   965934.600   965958.600   966008.600
   320:   966033.600   966052.600   966073.600   966099.600   966115.600
   325:   966140.600   966164.600   966186.600   966203.600   966225.600
   330:   966245.600   966266.600   966306.600   966327.600   966349.600
   335:   966392.600   972073.600   988330.200   989340.650   991826.650
   340:   992237.650  1003220.650  1003621.650  1003980.650  1065785.650
   345:  1065828.650  1065913.650  1066706.650  1084331.400  1084376.410
   350:  1084425.410  1084468.610  1084470.410  1084519.410  1084564.410
   355:  1084613.410  1084658.410  1084707.410  1084752.410  1084757.420
   360:  1085027.600  1085043.600  1085069.600  1085076.600  1085093.600
   365:  1085119.600  1085125.600  1085139.600  1085150.600  1085155.600
   370:  1085160.600  1085184.600  1085208.600  1085230.600  1085256.600
   375:  1085277.600  1085293.600  1085315.600  1085334.600  1085362.600
   380:  1085379.600  1085400.600  1085419.600  1085446.600  1085458.600
   385:  1085468.600  1085489.600  1085495.600  1085511.600  1085531.600
   390:  1085556.600  1085576.600  1085666.600  1085757.600  1085768.600
   395:  1088742.600  1089064.600  1089076.600  1089087.600  1089353.600
   400:  1097609.600  1097681.600  1100881.600  1111055.600  1149779.600
   405:  1149822.600  1149902.600  1187083.600  1187784.600  1187931.600
   410:  1187955.600  1227837.600  1236800.600  1246507.600  1246983.600
   415:  1274993.600  1275478.600  1276280.600  1280224.600  1284185.600
   420:  1284639.600  1284865.600  1286688.600  1287760.600  1288919.600
   425:  1295845.600  1296315.600  1296323.600  1299572.600  1300600.600
   430:  1300898.600  1318174.600  1319350.600  1320541.600  1320624.600
   435:  1328591.600  1329174.600  1334514.600  1334687.600  1334898.600
   440:  1347366.600  1348259.600  1348270.600  1352311.600  1352405.600
   445:  1353643.600  1363254.600  1366969.600  1367309.600  1367937.600
   450:  1367971.600  1368327.600  1380753.600  1380806.600  1390651.600
   455:  1391058.600  1391199.600  1391586.600  1407476.600  1407597.600
   460:  1407639.600  1407768.600  1407857.600  1407930.600  1407962.600
   465:  1408029.600  1408166.600  1408220.600  1449348.600  1449404.600
   470:  1449485.600  1458595.600  1463714.600  1522890.600  1567921.600
   475:  1568954.600  1572717.600  1602075.600  1621326.600  1621443.600
   480:  1621493.600  1621531.600  1621568.600  1621592.600  1621642.600
   485:  1622130.600  1622296.600  1658673.600  1658929.600  1659085.600
   490:  1659128.600  1659152.600  1675658.200  1675938.650  1755571.650
   495:  1755593.650  1771659.400  1771704.410  1771753.410  1771798.410
   500:  1771820.610  1771847.410  1771892.410  1771941.410  1771986.410
   505:  1772035.410  1772080.410  1772085.420  1777411.600  1777415.600
   510:  1777420.600  1777499.600  1777553.600  1777564.600  1777622.600
   515:  1777648.600  1777671.600  1777720.600  1777824.600  1778022.600
   520:  1778076.600  1778999.600  1779012.600  1779394.600  1788585.600
   525:  1793091.600  1793119.600  1793433.600  1800926.600  1806016.600
   530:  1807233.600  1885272.600  1890290.600  1890296.600  1890427.600
   535:  1890533.600  1898517.600  1898975.600  1899080.600  1899233.600
   540:  1899676.600  1899721.600  1899733.600  1899773.600  1899804.600
   545:  1899818.600  1899963.600  1900115.600  1900400.600  1900455.600
   550:  1900497.600  1906210.600  1911979.600  2015193.600  2041006.600
   555:  2051899.600  2052666.600  2084073.600  2084298.600  2084518.600
   560:  2094317.600  2116193.600  2143527.600  2143792.600  2149622.600
   565:  2156764.600  2156853.600  2157210.600  2166440.600  2179962.600
   570:  2317078.600  2317962.200  2322999.650  2327544.650  2327553.650
   575:  2327741.650  2352106.650  2381581.650  2402143.650  2413963.400
   580:  2414008.410  2414057.410  2414102.410  2414146.610  2414151.410
   585:  2414196.410  2414245.410  2414290.410  2414339.410  2414384.410
   590:  2414389.420  2419325.600  2419391.600  2419983.600  2420080.600
   595:  2422296.600  2442036.600  2442277.600  2523688.600  2532590.600
   600:  2556206.600  2556221.600  2556449.600  2556665.600  2556910.600
   605:  2557110.600  2558187.600  2558644.600  2559520.600  2560249.600
   610:  3280385.600  3280408.600  3280451.600  3280456.600  3289359.600
   615:  3462233.600  3466497.200  3466591.250  3467425.650  3467790.650
   620:  3468291.650  3468397.650  3468637.650  3468807.650  3499558.650
   625:  3562498.400  3562543.410  3562573.610  3562592.410  3562637.410
   630:  3562686.410  3562731.410  3562780.410  3562825.410  3562874.410
   635:  3562919.410  3562924.420  3569220.600  3569247.600  3569286.600
   640:  3569295.600  3569314.600  3569381.600  3569409.600  3569558.600
   645:  3569703.600  3569720.600  3569752.600  3569779.600  3569833.600
   650:  3569887.600  3569990.600  3570030.600  3580983.600  3581045.600
   655:  3582139.200  3582174.250  3599549.650  3600510.650  3678140.400
   660:  3678185.410  3678233.610  3678234.410  3678239.610  3678279.410
   665:  3678328.410  3678373.410  3678422.410  3678467.410  3678516.410
   670:  3678561.410  3678566.420  3678848.600  3678872.600  3678896.600
   675:  3678917.600  3678942.600  3678969.600  3678987.600  3679027.600
   680:  3679033.600  3679048.600  3679139.600  3679186.600  3679205.600
   685:  3679210.600  3679239.600  3679282.600  3679309.600  3679330.600
   690:  3679354.600  3679374.600  3679403.600  3679420.600  3679446.600
   695:  3679468.600  3679491.600  3679514.600  3679536.600  3679557.600
   700:  3679564.600  3679584.600  3679600.600  3679623.600  3679644.600
   705:  3679667.600  3679692.600  3679712.600  3679739.600  3679759.600
   710:  3679783.600  3679806.600  3679829.600  3679850.600  3679873.600
   715:  3679892.600  3679917.600  3679940.600  3679964.600  3679983.600
   720:  3680006.600  3680028.600  3680053.600  3680071.600  3680093.600
   725:  3680137.600  3680155.600  3680176.600  3680303.600  3680383.600
   730:  3680474.600  3680494.600  3680516.600  3680557.600  3680596.600
   735:  3680677.600  3680801.600  3682322.600  3682413.600  3682438.600
   740:  3682459.600  3682480.600  3682500.600  3682525.600  3682543.600
   745:  3682568.600  3682591.600  3682617.600  3682635.600  3682680.600
   750:  3682702.600  3682720.600  3682742.600  3682753.600  3682763.600
   755:  3682783.600  3682804.600  3682825.600  3682844.600  3682869.600
   760:  3682886.600  3682909.600  3682947.600  3682966.600  3682987.600
   765:  3683004.600  3683026.600  3683041.600  3683061.600  3683079.600
   770:  3683095.600  3683110.600  3683128.600  3683161.600  3683222.600
   775:  3683291.600  3684634.600  3684656.600  3684718.600  3685054.600
   780:  3685115.600  3685127.600  3685207.600  3685229.600  3686133.600
   785:  3686154.600  3686158.600  3746081.600  3746156.600  3917671.600
   790:  3918255.600  3918310.600  3927534.600  3927740.600  3931794.600
   795:  4196266.600  4197107.200  4197446.250  4202055.650  4202223.650
   800:  4202364.650  4202883.650  4202914.650  4202969.650  4203322.650
   805:  4203422.650  4203693.650  4203899.650  4204066.650  4204720.650
   810:  4215620.650  4260525.650  4261175.650  4261223.650  4261383.650
   815:  4261425.650  4280911.650  4293108.400  4293153.410  4293157.610
   820:  4293202.410  4293247.410  4293296.410  4293341.410  4293390.410
   825:  4293435.410  4293484.410  4293529.410  4293534.420  4298849.600
   830:  4299261.600  4299575.600  4299585.600  4300083.600  4300127.600
   835:  4300996.600  4301088.600  4310755.600  4311081.600  4311105.600
   840:  4311206.600  4311345.600  4311580.600  4321768.600  4321797.600
   845:  4323408.999
E:
     0:        5.200       16.300       28.800       43.200       59.900
     5:       80.100      105.300      139.300      191.600      330.300
F:
     0:        0.000        0.000        0.000        0.000        0.000
     5:        0.000
L:
     0:       62.000       71.000      136.000      160.000      182.000
     5:       74.000       92.000       48.000
M:
     0:        0.000        0.000        0.000        0.000        0.000
     5:        0.000
