File: C:\MED-PC IV\DATA\!2023-03-05_18h44m.Subject DF27


Start Date: 03/05/23
End Date: 03/06/23
Subject: DF27
Experiment: delayed_acquisition
Group: 1
Box: 7
Start Time: 18:44:34
End Time:  6:57:50
MSN: Delayed_Acquisition2_w_magmacro
G:       0.000
H:       0.000
I:       0.000
J:       0.000
K:       0.000
N:       0.000
O:       0.000
P:       0.000
Q:       0.000
R:       0.000
S:       0.000
T:       0.000
U:       0.000
V:       0.000
W:       0.000
X:       0.000
Y:       0.000
Z:       0.000
A:
     0:        2.000       60.000  4320000.000        1.000        0.000
     5:        1.000    96000.000        0.000       10.000        0.000
    10:        0.000        0.000        0.000        0.000        0.000
    15:        0.000        0.000        0.000        0.000        0.000
    20:        0.000        0.000        0.000        0.000        0.000
    25:        0.000        0.000        0.000        0.000        0.000
    30:        0.000        0.000        0.000        0.000        0.000
    35:        0.000        0.000        0.000        0.000        0.000
    40:        0.000        0.000        0.000        0.000        0.000
    45:        0.000        0.000        0.000        0.000        0.000
    50:        0.000        0.000        0.000        0.000        0.000
    55:        0.000        0.000        0.000        0.000        0.000
    60:        0.000        0.000        0.000        0.000        0.000
    65:        0.000        0.000        0.000        0.000        0.000
    70:        0.000        0.000        0.000        0.000        0.000
    75:        0.000        0.000        0.000        0.000        0.000
    80:        0.000        0.000        0.000        0.000        0.000
    85:        0.000        0.000        0.000        0.000        0.000
    90:        0.000        0.000        0.000        0.000        0.000
    95:        0.000        0.000        0.000        0.000        0.000
   100:        0.000
B:
     0:  4320000.000  4323408.000        1.000        8.000        0.000
     5:        0.000        0.000        8.000      591.000      706.000
    10:        0.000      503.000        9.000       18.000       78.000
    15:        0.000        8.000        0.000        0.000        0.000
    20:        0.000        0.000        0.000        0.000        0.000
    25:        0.000        0.000        0.000        0.000        0.000
    30:        0.853        0.000        0.000       80.000        0.000
    35:        0.000        0.000        0.000        0.000        0.000
    40:        0.000        0.000        0.000        0.000        0.000
    45:        0.000        0.000        0.000        0.000        0.000
    50:        0.000        0.000        0.000        0.000        0.000
    55:        0.000        0.000        0.000        0.000        0.000
    60:        0.000        0.000        0.000        0.000        0.000
    65:        0.000        0.000        0.000        0.000        0.000
    70:        0.000        0.000        0.000        0.000        0.000
    75:        0.000        0.000        0.000        0.000        0.000
    80:        0.000        0.000        0.000        0.000        0.000
    85:        0.000        0.000        0.000        0.000        0.000
    90:        0.000        0.000        0.000        0.000        0.000
    95:        0.000        0.000        0.000        0.000        0.000
   100:        0.000
C:
     0:     3133.100    99134.200    99134.200    99134.200    99134.200
     5:    99134.200    99134.200    99134.200    99134.200    99134.200
    10:    99134.200    99401.300    99465.300    99475.300   100125.300
    15:   100401.300   100958.300   103163.300   107202.300   107215.300
    20:   107677.300   107831.300   108137.300   108152.300   108876.300
    25:   109948.300   110280.300   110291.300   110310.300   110321.300
    30:   110468.300   110493.300   110522.300   111323.300   111673.300
    35:   112446.300   123848.300   123980.300   124097.300   124264.300
    40:   124303.300   124321.300   124338.300   124345.300   124362.300
    45:   124473.300   124941.300   168657.300   168730.300   174156.300
    50:   174600.300   229903.300   230062.300   230283.300   300865.300
    55:   300887.300   300933.300   356981.300   357017.300   357173.300
    60:   357180.300   431446.300   431495.300   431584.300   431597.300
    65:   431630.300   486952.300   487248.300   487803.300   499120.300
    70:   502573.300   595939.300   596529.300   618178.300   621900.300
    75:   622057.300   625236.300   625251.300   626021.300   626095.300
    80:   633910.300   634175.300   707827.300   708436.300   708850.300
    85:   728583.300   797787.300   798115.300   798186.300   799377.300
    90:   821442.300   845910.300   846891.300   978123.300   978148.300
    95:   978161.300  1007135.300  1014895.300  1014923.300  1015120.300
   100:  1034753.300  1034815.300  1034915.300  1048651.300  1049253.300
   105:  1049422.300  1075345.300  1110523.300  1112843.300  1113103.300
   110:  1119634.300  1161154.300  1341441.300  1341564.300  1341843.300
   115:  1355208.300  1355229.300  1355381.300  1355472.300  1364281.300
   120:  1430745.300  1462050.300  1462646.300  1465866.300  1466070.300
   125:  1474062.300  1479030.100  1575031.200  1575031.200  1575031.200
   130:  1575031.200  1575031.200  1575031.200  1575031.200  1575031.200
   135:  1575031.200  1575031.200  1575486.300  1575490.300  1575876.300
   140:  1575899.300  1575918.300  1575935.300  1575963.300  1575983.300
   145:  1575986.300  1576005.300  1576028.300  1576049.300  1576069.300
   150:  1576087.300  1576109.300  1576128.300  1576151.300  1577422.300
   155:  1579148.300  1586678.300  1586909.300  1587154.300  1587192.300
   160:  1588089.300  1588197.300  1588327.300  1591234.300  1591237.300
   165:  1601838.300  1602013.300  1702808.300  1703335.300  1719530.300
   170:  1719603.300  1722124.300  1722481.300  1815795.300  1819005.300
   175:  1819436.300  1825881.300  1833777.300  1836669.300  1964469.300
   180:  1965202.300  1965302.300  1965405.300  1967068.100  2063069.200
   185:  2063069.200  2063069.200  2063069.200  2063069.200  2063069.200
   190:  2063069.200  2063069.200  2063069.200  2063069.200  2064617.300
   195:  2065039.300  2065051.300  2067414.300  2067419.300  2067757.300
   200:  2067928.300  2068075.300  2068078.300  2068286.300  2068302.300
   205:  2068333.300  2068348.300  2068368.300  2068428.300  2068484.300
   210:  2068523.300  2068547.300  2068561.300  2068567.300  2068578.300
   215:  2068602.300  2068618.300  2068661.300  2068676.300  2068843.300
   220:  2068959.300  2068995.300  2069021.300  2069312.300  2069417.300
   225:  2069469.300  2069483.300  2069488.300  2069549.300  2069780.300
   230:  2069867.300  2069932.300  2069947.300  2069981.300  2070067.300
   235:  2070144.300  2070152.300  2070286.300  2070396.300  2070401.300
   240:  2070600.300  2070948.300  2071064.300  2071080.300  2071233.300
   245:  2071975.300  2071997.300  2072177.300  2072191.300  2072236.300
   250:  2072349.300  2072576.300  2072612.300  2072630.300  2072831.300
   255:  2072904.300  2072978.300  2072992.300  2073643.300  2073745.300
   260:  2073763.300  2073943.300  2074424.300  2074614.300  2074736.300
   265:  2074797.300  2074885.300  2074901.300  2074930.300  2075070.300
   270:  2075121.300  2075492.300  2075601.300  2075646.300  2075660.300
   275:  2075689.300  2075760.300  2076032.300  2076069.300  2076072.300
   280:  2076084.300  2076152.300  2076181.300  2076431.300  2077093.300
   285:  2077189.300  2077329.300  2077502.300  2077538.300  2080804.300
   290:  2096423.100  2192424.200  2192424.200  2192424.200  2192424.200
   295:  2192424.200  2192424.200  2192424.200  2192424.200  2192424.200
   300:  2192424.200  2193071.300  2193091.300  2193105.300  2193118.300
   305:  2193133.300  2193140.300  2193153.300  2195132.300  2195586.300
   310:  2195640.300  2195659.300  2195679.300  2195683.300  2195707.300
   315:  2195729.300  2195745.300  2195751.300  2195763.300  2195784.300
   320:  2195791.300  2195806.300  2195828.300  2195877.300  2196540.300
   325:  2196834.300  2196851.300  2199601.300  2199621.300  2199746.300
   330:  2199779.300  2199805.300  2199823.300  2199836.300  2199868.300
   335:  2199971.300  2199975.300  2200596.300  2200779.300  2200847.300
   340:  2201289.300  2212125.300  2257200.300  2257373.300  2323197.300
   345:  2324262.300  2326810.300  2326958.300  2327768.300  2351620.300
   350:  2351686.300  2351753.300  2354083.300  2356744.300  2356790.300
   355:  2356832.300  2357545.300  2360255.300  2402421.300  2402495.300
   360:  2470641.300  2470713.300  2470806.300  2488198.300  2488507.300
   365:  2574823.300  2584032.300  2584069.300  2584234.300  2588417.300
   370:  2588423.300  2594101.300  2594588.100  2690589.200  2690589.200
   375:  2690589.200  2690589.200  2690589.200  2690589.200  2690589.200
   380:  2690589.200  2690589.200  2690589.200  2690974.300  2690979.300
   385:  2691117.300  2691170.300  2691186.300  2691209.300  2691216.300
   390:  2691219.300  2693222.300  2694902.300  2694975.300  2695902.300
   395:  2697732.300  2697889.300  2697902.300  2697915.300  2697942.300
   400:  2698891.300  2699108.300  2699114.300  2699196.300  3123681.300
   405:  3336535.300  3336573.300  3381216.300  3381329.300  3388836.300
   410:  3388881.300  3389009.300  3389032.300  3389102.300  3389116.300
   415:  3389130.300  3389227.300  3389254.300  3389290.300  3389368.300
   420:  3389385.300  3389484.300  3394891.100  3490892.200  3490892.200
   425:  3490892.200  3490892.200  3490892.200  3490892.200  3490892.200
   430:  3490892.200  3490892.200  3490892.200  3491945.300  3492064.300
   435:  3492073.300  3492099.300  3492470.300  3492478.300  3493385.300
   440:  3496757.300  3498982.300  3499137.300  3518378.300  3519563.300
   445:  3544658.300  3544999.300  3545162.300  3613412.300  3625199.300
   450:  3631830.300  3652470.300  3654315.100  3750316.200  3750316.200
   455:  3750316.200  3750316.200  3750316.200  3750316.200  3750316.200
   460:  3750316.200  3750316.200  3750316.200  3750699.300  3750824.300
   465:  3750867.300  3750895.300  3750900.300  3750923.300  3750948.300
   470:  3750972.300  3750996.300  3751015.300  3751020.300  3751030.300
   475:  3751046.300  3751052.300  3751075.300  3751079.300  3751098.300
   480:  3751117.300  3751136.300  3751163.300  3751185.300  3751226.300
   485:  3751242.300  3751249.300  3751271.300  3751306.300  3751336.300
   490:  3751359.300  3753326.300  3753630.300  3754213.300  3757193.300
   495:  3757632.300  3757658.300  3757691.300  3757759.300  3764253.300
   500:  3765054.300  3766480.300  3769044.300  3769124.300  3779152.300
   505:  3786502.300  3809370.300  3815637.300  3815970.300  3928137.300
   510:  3932198.300  3935023.300  3935178.300  3938447.300  3938615.300
   515:  3964457.300  3965229.300  3975873.300  3976646.100  4072647.200
   520:  4072647.200  4072647.200  4072647.200  4072647.200  4072647.200
   525:  4072647.200  4072647.200  4072647.200  4072647.200  4072930.300
   530:  4072958.300  4072980.300  4073007.300  4073028.300  4073033.300
   535:  4073054.300  4073076.300  4073097.300  4073123.300  4073140.300
   540:  4073163.300  4073171.300  4073181.300  4073207.300  4073231.300
   545:  4073254.300  4073305.300  4073329.300  4073352.300  4075551.300
   550:  4079053.300  4079296.300  4079306.300  4079348.300  4079356.300
   555:  4079374.300  4079475.300  4079514.300  4079539.300  4079551.300
   560:  4079822.300  4080176.300  4080187.300  4080452.300  4080873.300
   565:  4080896.300  4083032.300  4094594.300  4094865.300  4094884.300
   570:  4101281.300  4111815.300  4111905.300  4111955.300  4121605.300
   575:  4122325.300  4130921.300  4131008.300  4131162.300  4131351.300
   580:  4131548.300  4131958.300  4189638.300  4202889.300  4203127.300
   585:  4268594.300  4288314.300  4288348.300  4288397.300  4302885.300
   590:  4303147.300
D:
     0:        0.111     3133.200     3180.250    10015.650    15010.650
     5:    15027.650    15108.650    15123.650    15179.650    27545.650
    10:    27639.650    27674.650    27725.650    27738.650    31849.650
    15:    31884.650    32153.650    37482.650    37646.650    37710.650
    20:    37967.650    68292.650    68308.650    68458.650    68586.650
    25:    93177.650    99134.400    99179.410    99228.410    99260.610
    30:    99267.610    99273.410    99322.410    99367.410    99416.410
    35:    99461.410    99510.410    99555.410    99560.420    99827.600
    40:    99891.600    99901.600   100551.600   100827.600   101384.600
    45:   103589.600   107628.600   107641.600   108103.600   108257.600
    50:   108563.600   108578.600   109302.600   110374.600   110706.600
    55:   110717.600   110736.600   110747.600   110894.600   110919.600
    60:   110948.600   111749.600   112099.600   112872.600   124274.600
    65:   124406.600   124523.600   124690.600   124729.600   124747.600
    70:   124764.600   124771.600   124788.600   124899.600   125367.600
    75:   169083.600   169156.600   174582.600   175026.600   230329.600
    80:   230488.600   230709.600   301291.600   301313.600   301359.600
    85:   357407.600   357443.600   357599.600   357606.600   431872.600
    90:   431921.600   432010.600   432023.600   432056.600   487378.600
    95:   487674.600   488229.600   499546.600   502999.600   596365.600
   100:   596955.600   618604.600   622326.600   622483.600   625662.600
   105:   625677.600   626447.600   626521.600   634336.600   634601.600
   110:   708253.600   708862.600   709276.600   729009.600   798213.600
   115:   798541.600   798612.600   799803.600   821868.600   846336.600
   120:   847317.600   978549.600   978574.600   978587.600  1007561.600
   125:  1015321.600  1015349.600  1015546.600  1035179.600  1035241.600
   130:  1035341.600  1049077.600  1049679.600  1049848.600  1075771.600
   135:  1110949.600  1113269.600  1113529.600  1120060.600  1161580.600
   140:  1341867.600  1341990.600  1342269.600  1355634.600  1355655.600
   145:  1355807.600  1355898.600  1364707.600  1431171.600  1462476.600
   150:  1463072.600  1466292.600  1466496.600  1474488.600  1479456.200
   155:  1497224.650  1575457.400  1575502.410  1575519.610  1575551.410
   160:  1575596.410  1575645.410  1575690.410  1575739.410  1575784.410
   165:  1575833.410  1575878.410  1575883.420  1576338.600  1576342.600
   170:  1576728.600  1576751.600  1576770.600  1576787.600  1576815.600
   175:  1576835.600  1576838.600  1576857.600  1576880.600  1576901.600
   180:  1576921.600  1576939.600  1576961.600  1576980.600  1577003.600
   185:  1578274.600  1580000.600  1587530.600  1587761.600  1588006.600
   190:  1588044.600  1588941.600  1589049.600  1589179.600  1592086.600
   195:  1592089.600  1602690.600  1602865.600  1703660.600  1704187.600
   200:  1720382.600  1720455.600  1722976.600  1723333.600  1816647.600
   205:  1819857.600  1820288.600  1826733.600  1834629.600  1837521.600
   210:  1965321.600  1966054.600  1966154.600  1966257.600  1967920.200
   215:  1968091.650  1968272.650  1968338.650  1987732.650  1987776.650
   220:  1987819.650  1987930.650  1988009.650  1988086.650  1988828.650
   225:  2020751.650  2023741.650  2063921.400  2063966.410  2064015.410
   230:  2064020.610  2064060.410  2064109.410  2064154.410  2064203.410
   235:  2064248.410  2064297.410  2064342.410  2064347.420  2065895.600
   240:  2066317.600  2066329.600  2068692.600  2068697.600  2069035.600
   245:  2069206.600  2069353.600  2069356.600  2069564.600  2069580.600
   250:  2069611.600  2069626.600  2069646.600  2069706.600  2069762.600
   255:  2069801.600  2069825.600  2069839.600  2069845.600  2069856.600
   260:  2069880.600  2069896.600  2069939.600  2069954.600  2070121.600
   265:  2070237.600  2070273.600  2070299.600  2070590.600  2070695.600
   270:  2070747.600  2070761.600  2070766.600  2070827.600  2071058.600
   275:  2071145.600  2071210.600  2071225.600  2071259.600  2071345.600
   280:  2071422.600  2071430.600  2071564.600  2071674.600  2071679.600
   285:  2071878.600  2072226.600  2072342.600  2072358.600  2072511.600
   290:  2073253.600  2073275.600  2073455.600  2073469.600  2073514.600
   295:  2073627.600  2073854.600  2073890.600  2073908.600  2074109.600
   300:  2074182.600  2074256.600  2074270.600  2074921.600  2075023.600
   305:  2075041.600  2075221.600  2075702.600  2075892.600  2076014.600
   310:  2076075.600  2076163.600  2076179.600  2076208.600  2076348.600
   315:  2076399.600  2076770.600  2076879.600  2076924.600  2076938.600
   320:  2076967.600  2077038.600  2077310.600  2077347.600  2077350.600
   325:  2077362.600  2077430.600  2077459.600  2077709.600  2078371.600
   330:  2078467.600  2078607.600  2078780.600  2078816.600  2082082.600
   335:  2097701.200  2097714.250  2101279.650  2101290.650  2105795.650
   340:  2106151.650  2106183.650  2109880.650  2110107.650  2112884.650
   345:  2121537.650  2127347.650  2128072.650  2164748.650  2165273.650
   350:  2181911.650  2189270.650  2193702.400  2193747.410  2193772.610
   355:  2193796.410  2193841.410  2193890.410  2193935.410  2193984.410
   360:  2194029.410  2194078.410  2194123.410  2194128.420  2194775.600
   365:  2194795.600  2194809.600  2194822.600  2194837.600  2194844.600
   370:  2194857.600  2196836.600  2197290.600  2197344.600  2197363.600
   375:  2197383.600  2197387.600  2197411.600  2197433.600  2197449.600
   380:  2197455.600  2197467.600  2197488.600  2197495.600  2197510.600
   385:  2197532.600  2197581.600  2198244.600  2198538.600  2198555.600
   390:  2201305.600  2201325.600  2201450.600  2201483.600  2201509.600
   395:  2201527.600  2201540.600  2201572.600  2201675.600  2201679.600
   400:  2202300.600  2202483.600  2202551.600  2202993.600  2213829.600
   405:  2258904.600  2259077.600  2324901.600  2325966.600  2328514.600
   410:  2328662.600  2329472.600  2353324.600  2353390.600  2353457.600
   415:  2355787.600  2358448.600  2358494.600  2358536.600  2359249.600
   420:  2361959.600  2404125.600  2404199.600  2472345.600  2472417.600
   425:  2472510.600  2489902.600  2490211.600  2576527.600  2585736.600
   430:  2585773.600  2585938.600  2590121.600  2590127.600  2595805.600
   435:  2596292.200  2596484.650  2596582.650  2596592.650  2597046.650
   440:  2642793.650  2654380.650  2665898.650  2666051.650  2682656.650
   445:  2689813.650  2689851.650  2692293.400  2692338.410  2692369.610
   450:  2692387.410  2692432.410  2692481.410  2692526.410  2692575.410
   455:  2692620.410  2692669.410  2692714.410  2692719.420  2693104.600
   460:  2693109.600  2693247.600  2693300.600  2693316.600  2693339.600
   465:  2693346.600  2693349.600  2695352.600  2697032.600  2697105.600
   470:  2698032.600  2699862.600  2700019.600  2700032.600  2700045.600
   475:  2700072.600  2701021.600  2701238.600  2701244.600  2701326.600
   480:  3125811.600  3338665.600  3338703.600  3383346.600  3383459.600
   485:  3390966.600  3391011.600  3391139.600  3391162.600  3391232.600
   490:  3391246.600  3391260.600  3391357.600  3391384.600  3391420.600
   495:  3391498.600  3391515.600  3391614.600  3397021.200  3461427.650
   500:  3493022.400  3493067.410  3493105.610  3493116.410  3493161.410
   505:  3493210.410  3493255.410  3493304.410  3493349.410  3493398.410
   510:  3493443.410  3493448.420  3494501.600  3494620.600  3494629.600
   515:  3494655.600  3495026.600  3495034.600  3495941.600  3499313.600
   520:  3501538.600  3501693.600  3520934.600  3522119.600  3547214.600
   525:  3547555.600  3547718.600  3615968.600  3627755.600  3634386.600
   530:  3655026.600  3656871.200  3658116.250  3664246.650  3670204.650
   535:  3670714.650  3677545.650  3718994.650  3719068.650  3721946.650
   540:  3722468.650  3752872.400  3752917.410  3752966.410  3752971.610
   545:  3753011.410  3753060.410  3753105.410  3753154.410  3753199.410
   550:  3753248.410  3753293.410  3753298.420  3753681.600  3753806.600
   555:  3753849.600  3753877.600  3753882.600  3753905.600  3753930.600
   560:  3753954.600  3753978.600  3753997.600  3754002.600  3754012.600
   565:  3754028.600  3754034.600  3754057.600  3754061.600  3754080.600
   570:  3754099.600  3754118.600  3754145.600  3754167.600  3754208.600
   575:  3754224.600  3754231.600  3754253.600  3754288.600  3754318.600
   580:  3754341.600  3756308.600  3756612.600  3757195.600  3760175.600
   585:  3760614.600  3760640.600  3760673.600  3760741.600  3767235.600
   590:  3768036.600  3769462.600  3772026.600  3772106.600  3782134.600
   595:  3789484.600  3812352.600  3818619.600  3818952.600  3931119.600
   600:  3935180.600  3938005.600  3938160.600  3941429.600  3941597.600
   605:  3967439.600  3968211.600  3978855.600  3979628.200  3988306.650
   610:  4000196.250  4000222.250  4000465.250  4000499.250  4000546.250
   615:  4000580.250  4000622.250  4000889.250  4000904.250  4000970.250
   620:  4000988.250  4001096.250  4001171.250  4001217.250  4001247.250
   625:  4001347.650  4001431.650  4001589.650  4074934.650  4075113.650
   630:  4075249.650  4075629.400  4075674.410  4075704.610  4075723.410
   635:  4075768.410  4075817.410  4075862.410  4075911.410  4075956.410
   640:  4076005.410  4076050.410  4076055.420  4076338.600  4076366.600
   645:  4076388.600  4076415.600  4076436.600  4076441.600  4076462.600
   650:  4076484.600  4076505.600  4076531.600  4076548.600  4076571.600
   655:  4076579.600  4076589.600  4076615.600  4076639.600  4076662.600
   660:  4076713.600  4076737.600  4076760.600  4078959.600  4082461.600
   665:  4082704.600  4082714.600  4082756.600  4082764.600  4082782.600
   670:  4082883.600  4082922.600  4082947.600  4082959.600  4083230.600
   675:  4083584.600  4083595.600  4083860.600  4084281.600  4084304.600
   680:  4086440.600  4098002.600  4098273.600  4098292.600  4104689.600
   685:  4115223.600  4115313.600  4115363.600  4125013.600  4125733.600
   690:  4134329.600  4134416.600  4134570.600  4134759.600  4134956.600
   695:  4135366.600  4193046.600  4206297.600  4206535.600  4272002.600
   700:  4291722.600  4291756.600  4291805.600  4306293.600  4306555.600
   705:  4323408.999
E:
     0:        5.200       16.300       28.800       43.200       59.900
     5:       80.100      105.300      139.300      191.600      330.300
F:
     0:        0.000        0.000        0.000        0.000        0.000
     5:        0.000
L:
     0:      125.000       61.000       98.000       69.000       75.000
     5:       82.000       98.000       74.000
M:
     0:        0.000        0.000        0.000        0.000        0.000
     5:        0.000
