File: C:\MED-PC IV\DATA\!2023-02-25_18h39m.Subject DF25


Start Date: 02/25/23
End Date: 02/26/23
Subject: DF25
Experiment: delayed_acquisition
Group: 1
Box: 5
Start Time: 18:39:50
End Time:  6:58:50
MSN: Delayed_AcquisitionYoked2_w_magmacro
G:       0.000
H:       0.000
I:       0.000
J:       0.000
K:       0.000
N:       0.000
O:       0.000
P:       0.000
Q:       0.000
R:       0.000
S:       0.000
T:       0.000
U:       0.000
V:       0.000
W:       0.000
X:      -3.000
Y:       0.000
Z:       0.000
A:
     0:        2.000       60.000  4320000.000        2.000        0.000
     5:        1.000    96000.000        1.000       10.000        0.000
    10:        0.000        0.000        0.000        0.000        0.000
    15:        0.000        0.000        0.000        0.000        0.000
    20:        0.000        0.000        0.000        0.000        0.000
    25:        0.000        0.000        0.000        0.000        0.000
    30:        0.000        0.000        0.000        0.000        0.000
    35:        0.000        0.000        0.000        0.000        0.000
    40:        0.000        0.000        0.000        0.000        0.000
    45:        0.000        0.000        0.000        0.000        0.000
    50:        0.000        0.000        0.000        0.000        0.000
    55:        0.000        0.000        0.000        0.000        0.000
    60:        0.000        0.000        0.000        0.000        0.000
    65:        0.000        0.000        0.000        0.000        0.000
    70:        0.000        0.000        0.000        0.000        0.000
    75:        0.000        0.000        0.000        0.000        0.000
    80:        0.000        0.000        0.000        0.000        0.000
    85:        0.000        0.000        0.000        0.000        0.000
    90:        0.000        0.000        0.000        0.000        0.000
    95:        0.000        0.000        0.000        0.000        0.000
   100:        0.000
B:
     0:  4320000.000  4323408.000        1.000        5.000        0.000
     5:        0.000        0.000        8.000      564.000      660.000
    10:        0.000      479.000        9.000        1.000       76.000
    15:        0.000        8.000        0.000        0.000        0.000
    20:        0.000        0.000        0.000        0.000        0.000
    25:        0.000        0.000        0.000        0.000        0.000
    30:        1.539        0.000        0.000       80.000        0.000
    35:        0.000        0.000        0.000        0.000        0.000
    40:        0.000        0.000        0.000        0.000        0.000
    45:        0.000        0.000        0.000        0.000        0.000
    50:        0.000        0.000        0.000        0.000        0.000
    55:        0.000        0.000        0.000        0.000        0.000
    60:        0.000        0.000        0.000        0.000        0.000
    65:        0.000        0.000        0.000        0.000        0.000
    70:        0.000        0.000        0.000        0.000        0.000
    75:        0.000        0.000        0.000        0.000        0.000
    80:        0.000        0.000        0.000        0.000        0.000
    85:        0.000        0.000        0.000        0.000        0.000
    90:        0.000        0.000        0.000        0.000        0.000
    95:        0.000        0.000        0.000        0.000        0.000
   100:        0.000
C:
     0:    96045.200    96045.200    96045.200    96045.200    96045.200
     5:    96045.200    96045.200    96045.200    96045.200    96045.200
    10:    99131.300    99137.300    99172.300    99197.300    99215.300
    15:    99221.300    99253.300    99274.300    99282.300    99306.300
    20:    99324.300    99337.300    99362.300    99379.300    99399.300
    25:    99410.300    99416.300    99439.300   101424.300   101504.300
    30:   110327.300   110871.300   115246.300   150046.300   150057.300
    35:   150651.300   188020.300   188535.300   188539.300   188565.300
    40:   188933.300   223538.300   223840.300   224251.300   224341.300
    45:   258002.300   258147.300   258196.300   272867.300   390514.200
    50:   390514.200   390514.200   390514.200   390514.200   390514.200
    55:   390514.200   390514.200   390514.200   390514.200   395335.300
    60:   395378.300   395401.300   395486.300   395496.300   395509.300
    65:   395536.300   404129.300   412217.300   510180.200   510180.200
    70:   510180.200   510180.200   510180.200   510180.200   510180.200
    75:   510180.200   510180.200   510180.200   510709.300   510791.300
    80:   514015.300   514141.300   514171.300   514193.300   514220.300
    85:   515427.300   516234.300   661561.300   686167.300   716995.300
    90:   717089.300   717103.300   720524.300   756861.300   761219.300
    95:   815018.300   815639.300   876170.300   876268.300   897508.300
   100:   897523.300   897878.300   909425.300   913280.300   959114.300
   105:  1062906.200  1062906.200  1062906.200  1062906.200  1062906.200
   110:  1062906.200  1062906.200  1062906.200  1062906.200  1062906.200
   115:  1065691.300  1065839.300  1065849.300  1065871.300  1065892.300
   120:  1065904.300  1065912.300  1065916.300  1065932.300  1065952.300
   125:  1065971.300  1065996.300  1066098.300  1066136.300  1066160.300
   130:  1066178.300  1066197.300  1066217.300  1066252.300  1066276.300
   135:  1066292.300  1066366.300  1066383.300  1066400.300  1066421.300
   140:  1066430.300  1066535.300  1066681.300  1066740.300  1067136.300
   145:  1067873.300  1067890.300  1067911.300  1068102.300  1084089.300
   150:  1084100.300  1084209.300  1084251.300  1119408.300  1119717.300
   155:  1128215.300  1128239.300  1154051.300  1168605.300  1168618.300
   160:  1287035.200  1287035.200  1287035.200  1287035.200  1287035.200
   165:  1287035.200  1287035.200  1287035.200  1287035.200  1287035.200
   170:  1289474.300  1289481.300  1289493.300  1289526.300  1289537.300
   175:  1289586.300  1289608.300  1289634.300  1289656.300  1289677.300
   180:  1289774.300  1289814.300  1289831.300  1289855.300  1289905.300
   185:  1290786.300  1290925.300  1291315.300  1291344.300  1291356.300
   190:  1291718.300  1291732.300  1292061.300  1292211.300  1292219.300
   195:  1292224.300  1292783.300  1292799.300  1292810.300  1292930.300
   200:  1294041.300  1294674.300  1294752.300  1311039.300  1315309.300
   205:  1315543.300  1389092.300  1389116.300  1389256.300  1389287.300
   210:  1389296.300  1389911.300  1390819.300  1459394.300  1459402.300
   215:  1487201.300  1487904.300  1487914.300  1487947.300  1487962.300
   220:  1488203.300  1488367.300  1488598.300  1488604.300  1488937.300
   225:  1489203.300  1489673.300  1489912.300  1489941.300  1533911.300
   230:  1560562.300  1560640.300  1560649.300  1579969.300  1653811.300
   235:  1720948.300  1731299.300  1731423.300  1796096.300  1797365.300
   240:  1797492.300  1829410.300  1829537.300  1859507.300  1859770.300
   245:  1872042.300  1872237.300  1883455.300  1883512.300  1884012.300
   250:  1884107.300  1944875.300  1944921.300  1944928.300  1985691.300
   255:  2124049.200  2124049.200  2124049.200  2124049.200  2124049.200
   260:  2124049.200  2124049.200  2124049.200  2124049.200  2124049.200
   265:  2125489.300  2128226.300  2128347.300  2128368.300  2128385.300
   270:  2128404.300  2128420.300  2128432.300  2128447.300  2128482.300
   275:  2128500.300  2128517.300  2128539.300  2128569.300  2128585.300
   280:  2128661.300  2128689.300  2128739.300  2128762.300  2128788.300
   285:  2128849.300  2128889.300  2128965.300  2128978.300  2130503.300
   290:  2130514.300  2130539.300  2130550.300  2130984.300  2131528.300
   295:  2132099.300  2133189.300  2133202.300  2134501.300  2134968.300
   300:  2135111.300  2156156.300  2156180.300  2195980.300  2196018.300
   305:  2196512.300  2245149.300  2245295.300  2254747.300  2254842.300
   310:  2256030.300  2256290.300  2256507.300  2256588.300  2256610.300
   315:  2256706.300  2383633.300  2568652.300  2568830.300  2569090.300
   320:  2569379.300  2614795.300  2615099.300  2620631.300  2632075.300
   325:  2632549.300  2649759.300  2658178.300  2658204.300  2658239.300
   330:  2658527.300  2663958.300  2664635.100  2664712.100  2664957.300
   335:  2664996.300  2834266.300  2834395.300  2834430.300  2834438.300
   340:  2987250.200  2987250.200  2987250.200  2987250.200  2987250.200
   345:  2987250.200  2987250.200  2987250.200  2987250.200  2987250.200
   350:  2987945.300  2987973.300  2988000.300  2988002.300  2988025.300
   355:  2988056.300  2988078.300  2988102.300  2988126.300  2988150.300
   360:  2988171.300  2988195.300  2988219.300  2988239.300  2988259.300
   365:  2988280.300  2988299.300  2988301.300  2988320.300  2988338.300
   370:  2988359.300  2988377.300  2988400.300  2988419.300  2988437.300
   375:  2988459.300  2988477.300  2988497.300  2988516.300  2988536.300
   380:  2988555.300  2988574.300  2988593.300  2988617.300  2988638.300
   385:  2988651.300  2988671.300  2990731.300  2990771.300  2990808.300
   390:  2990828.300  2990871.300  2990930.300  2990949.300  2990953.300
   395:  2990978.300  2990997.300  2991015.300  2991044.300  2991063.300
   400:  2991087.300  2991106.300  2991116.300  2991132.300  2991154.300
   405:  2991160.300  2991182.300  2991219.300  2991237.300  2991252.300
   410:  2991373.300  2991383.300  2991468.300  2991511.300  2991527.300
   415:  2991545.300  2991561.300  2991580.300  2991593.300  2991598.300
   420:  2992051.300  2992079.300  2992102.300  2992107.300  2992141.300
   425:  2992219.300  2992772.300  2994753.300  2995456.300  3002360.300
   430:  3002367.300  3002907.300  3060454.300  3106624.300  3142852.300
   435:  3143052.300  3147011.100  3231130.300  3231142.300  3231191.300
   440:  3371383.300  3390168.100  3390343.300  3390361.300  3390885.300
   445:  3390999.300  3391055.300  3391682.300  3391691.300  3391859.300
   450:  3428499.300  3432968.300  3433024.300  3480372.300  3483862.300
   455:  3487172.300  3496635.300  3507655.300  3508417.300  3525034.300
   460:  3525123.300  3525150.300  3525490.300  3525651.300  3584936.300
   465:  3584992.300  3585111.300  3638361.300  3638711.300  3668110.300
   470:  3668279.300  3786293.200  3786293.200  3786293.200  3786293.200
   475:  3786293.200  3786293.200  3786293.200  3786293.200  3786293.200
   480:  3786293.200  3790010.300  3790138.300  3790149.300  3790152.300
   485:  3790377.300  3790394.300  3791238.300  3791620.300  3791947.300
   490:  3792340.300  3793367.300  3793640.300  3793725.300  3793784.300
   495:  3793859.300  3793864.300  3793891.300  3793961.300  3794107.300
   500:  3794173.300  3794331.300  3794425.300  3795065.300  3795071.300
   505:  3795129.300  3795140.300  3795160.300  3795573.300  3795584.300
   510:  3795669.300  3795679.300  3795913.300  3795994.300  3796208.300
   515:  3796343.300  3796351.300  3796849.300  3797936.300  3798748.300
   520:  3798770.300  3810894.300  3810907.300  3811074.300  3811408.300
   525:  3811470.300  3811488.300  3811555.300  3811567.300  3811579.300
   530:  3811615.300  3811690.300  3811702.300  3812034.300  3812082.300
   535:  3812476.300  3812621.300  3814796.300  3815663.100  3818011.300
   540:  3821841.300  3821963.300  3822052.300  3822339.300  3841126.300
   545:  3841294.300  3841422.300  3841686.300  3853001.300  3853061.300
   550:  3853068.300  3853570.300  3884555.300  3884629.300  3884646.300
   555:  3884668.300  3884681.300  3891427.300  3891439.300  3908256.300
   560:  3908277.300  4076414.300  4076426.300  4078681.300
D:
     0:        0.111      125.650      208.650     1818.650     1892.650
     5:     1902.650     1917.650     1929.650     1941.650     5015.650
    10:     5173.650     5273.650    20976.250    25172.650    25288.650
    15:    25665.650    42646.650    42772.650    42786.650    42801.650
    20:    42826.650    47998.650    48217.650    60044.650    60055.650
    25:    60095.650    89070.650    96045.400    96090.410    96139.410
    30:    96175.610    96184.410    96233.410    96278.410    96327.410
    35:    96372.410    96421.410    96466.410    96471.420    99557.600
    40:    99563.600    99598.600    99623.600    99641.600    99647.600
    45:    99679.600    99700.600    99708.600    99732.600    99750.600
    50:    99763.600    99788.600    99805.600    99825.600    99836.600
    55:    99842.600    99865.600   101850.600   101930.600   110753.600
    60:   111297.600   115672.600   150472.600   150483.600   151077.600
    65:   188446.600   188961.600   188965.600   188991.600   189359.600
    70:   223964.600   224266.600   224677.600   224767.600   258428.600
    75:   258573.600   258622.600   273293.600   310697.650   310836.650
    80:   311099.650   311312.650   316716.650   320660.650   320699.650
    85:   320727.650   320779.650   322307.650   322472.650   322722.650
    90:   390940.400   390985.410   391034.410   391076.610   391079.410
    95:   391128.410   391173.410   391222.410   391267.410   391316.410
   100:   391361.410   391366.420   396187.600   396230.600   396253.600
   105:   396338.600   396348.600   396361.600   396388.600   404981.600
   110:   413069.600   426597.650   426866.650   427271.650   427365.650
   115:   427465.650   511032.400   511077.410   511126.410   511171.410
   120:   511184.610   511220.410   511265.410   511314.410   511359.410
   125:   511408.410   511453.410   511458.420   511987.600   512069.600
   130:   515293.600   515419.600   515449.600   515471.600   515498.600
   135:   516705.600   517512.600   662839.600   687445.600   718273.600
   140:   718367.600   718381.600   721802.600   758139.600   762497.600
   145:   816296.600   816917.600   877448.600   877546.600   898786.600
   150:   898801.600   899156.600   910703.600   914558.600   960392.600
   155:  1004741.650  1016409.650  1016985.650  1017180.650  1017691.650
   160:  1017726.650  1064184.400  1064229.410  1064278.410  1064323.410
   165:  1064361.610  1064372.410  1064417.410  1064466.410  1064511.410
   170:  1064560.410  1064605.410  1064610.420  1067395.600  1067543.600
   175:  1067553.600  1067575.600  1067596.600  1067608.600  1067616.600
   180:  1067620.600  1067636.600  1067656.600  1067675.600  1067700.600
   185:  1067802.600  1067840.600  1067864.600  1067882.600  1067901.600
   190:  1067921.600  1067956.600  1067980.600  1067996.600  1068070.600
   195:  1068087.600  1068104.600  1068125.600  1068134.600  1068239.600
   200:  1068385.600  1068444.600  1068840.600  1069577.600  1069594.600
   205:  1069615.600  1069806.600  1085793.600  1085804.600  1085913.600
   210:  1085955.600  1121112.600  1121421.600  1129919.600  1129943.600
   215:  1155755.600  1170309.600  1170322.600  1193979.650  1194007.650
   220:  1209648.650  1224869.650  1225242.650  1225490.650  1287078.650
   225:  1288739.400  1288784.410  1288833.410  1288878.410  1288894.610
   230:  1288898.610  1288927.410  1288972.410  1289021.410  1289066.410
   235:  1289115.410  1289160.410  1289165.420  1291604.600  1291611.600
   240:  1291623.600  1291656.600  1291667.600  1291716.600  1291738.600
   245:  1291764.600  1291786.600  1291807.600  1291904.600  1291944.600
   250:  1291961.600  1291985.600  1292035.600  1292916.600  1293055.600
   255:  1293445.600  1293474.600  1293486.600  1293848.600  1293862.600
   260:  1294191.600  1294341.600  1294349.600  1294354.600  1294913.600
   265:  1294929.600  1294940.600  1295060.600  1296171.600  1296804.600
   270:  1296882.600  1313169.600  1317439.600  1317673.600  1391222.600
   275:  1391246.600  1391386.600  1391417.600  1391426.600  1392041.600
   280:  1392949.600  1461524.600  1461532.600  1489331.600  1490034.600
   285:  1490044.600  1490077.600  1490092.600  1490333.600  1490497.600
   290:  1490728.600  1490734.600  1491067.600  1491333.600  1491803.600
   295:  1492042.600  1492071.600  1536041.600  1562692.600  1562770.600
   300:  1562779.600  1582099.600  1655941.600  1723078.600  1733429.600
   305:  1733553.600  1798226.600  1799495.600  1799622.600  1831540.600
   310:  1831667.600  1861637.600  1861900.600  1874172.600  1874367.600
   315:  1885585.600  1885642.600  1886142.600  1886237.600  1947005.600
   320:  1947051.600  1947058.600  1987821.600  2050163.650  2067328.650
   325:  2067411.650  2067517.650  2067596.650  2067606.650  2067620.650
   330:  2067651.650  2067752.650  2067763.650  2067839.650  2069005.650
   335:  2114526.650  2114554.650  2119407.650  2126179.400  2126224.410
   340:  2126273.410  2126318.410  2126340.610  2126367.410  2126412.410
   345:  2126461.410  2126506.410  2126555.410  2126600.410  2126605.420
   350:  2128045.600  2130782.600  2130903.600  2130924.600  2130941.600
   355:  2130960.600  2130976.600  2130988.600  2131003.600  2131038.600
   360:  2131056.600  2131073.600  2131095.600  2131125.600  2131141.600
   365:  2131217.600  2131245.600  2131295.600  2131318.600  2131344.600
   370:  2131405.600  2131445.600  2131521.600  2131534.600  2133059.600
   375:  2133070.600  2133095.600  2133106.600  2133540.600  2134084.600
   380:  2134655.600  2135745.600  2135758.600  2137057.600  2137524.600
   385:  2137667.600  2158712.600  2158736.600  2198536.600  2198574.600
   390:  2199068.600  2247705.600  2247851.600  2257303.600  2257398.600
   395:  2258586.600  2258846.600  2259063.600  2259144.600  2259166.600
   400:  2259262.600  2386189.600  2571208.600  2571386.600  2571646.600
   405:  2571935.600  2617351.600  2617655.600  2623187.600  2634631.600
   410:  2635105.600  2652315.600  2660734.600  2660760.600  2660795.600
   415:  2661083.600  2666514.600  2667191.200  2667268.200  2667513.600
   420:  2667552.600  2836822.600  2836951.600  2836986.600  2836994.600
   425:  2924318.650  2924338.650  2934466.650  2934477.650  2940126.650
   430:  2946457.650  2989806.400  2989851.410  2989900.410  2989945.410
   435:  2989974.610  2989994.410  2990039.410  2990088.410  2990133.410
   440:  2990182.410  2990227.410  2990232.420  2990927.600  2990955.600
   445:  2990982.600  2990984.600  2991007.600  2991038.600  2991060.600
   450:  2991084.600  2991108.600  2991132.600  2991153.600  2991177.600
   455:  2991201.600  2991221.600  2991241.600  2991262.600  2991281.600
   460:  2991283.600  2991302.600  2991320.600  2991341.600  2991359.600
   465:  2991382.600  2991401.600  2991419.600  2991441.600  2991459.600
   470:  2991479.600  2991498.600  2991518.600  2991537.600  2991556.600
   475:  2991575.600  2991599.600  2991620.600  2991633.600  2991653.600
   480:  2993713.600  2993753.600  2993790.600  2993810.600  2993853.600
   485:  2993912.600  2993931.600  2993935.600  2993960.600  2993979.600
   490:  2993997.600  2994026.600  2994045.600  2994069.600  2994088.600
   495:  2994098.600  2994114.600  2994136.600  2994142.600  2994164.600
   500:  2994201.600  2994219.600  2994234.600  2994355.600  2994365.600
   505:  2994450.600  2994493.600  2994509.600  2994527.600  2994543.600
   510:  2994562.600  2994575.600  2994580.600  2995033.600  2995061.600
   515:  2995084.600  2995089.600  2995123.600  2995201.600  2995754.600
   520:  2997735.600  2998438.600  3005342.600  3005349.600  3005889.600
   525:  3063436.600  3109606.600  3145834.600  3146034.600  3149993.200
   530:  3234112.600  3234124.600  3234173.600  3374365.600  3393150.200
   535:  3393325.600  3393343.600  3393867.600  3393981.600  3394037.600
   540:  3394664.600  3394673.600  3394841.600  3431481.600  3435950.600
   545:  3436006.600  3483354.600  3486844.600  3490154.600  3499617.600
   550:  3510637.600  3511399.600  3528016.600  3528105.600  3528132.600
   555:  3528472.600  3528633.600  3587918.600  3587974.600  3588093.600
   560:  3641343.600  3641693.600  3671092.600  3671261.600  3789275.400
   565:  3789320.410  3789369.410  3789414.410  3789435.610  3789463.410
   570:  3789508.410  3789557.410  3789602.410  3789651.410  3789696.410
   575:  3789701.420  3793418.600  3793546.600  3793557.600  3793560.600
   580:  3793785.600  3793802.600  3794646.600  3795028.600  3795355.600
   585:  3795748.600  3796775.600  3797048.600  3797133.600  3797192.600
   590:  3797267.600  3797272.600  3797299.600  3797369.600  3797515.600
   595:  3797581.600  3797739.600  3797833.600  3798473.600  3798479.600
   600:  3798537.600  3798548.600  3798568.600  3798981.600  3798992.600
   605:  3799077.600  3799087.600  3799321.600  3799402.600  3799616.600
   610:  3799751.600  3799759.600  3800257.600  3801344.600  3802156.600
   615:  3802178.600  3814302.600  3814315.600  3814482.600  3814816.600
   620:  3814878.600  3814896.600  3814963.600  3814975.600  3814987.600
   625:  3815023.600  3815098.600  3815110.600  3815442.600  3815490.600
   630:  3815884.600  3816029.600  3818204.600  3819071.200  3821419.600
   635:  3825249.600  3825371.600  3825460.600  3825747.600  3844534.600
   640:  3844702.600  3844830.600  3845094.600  3856409.600  3856469.600
   645:  3856476.600  3856978.600  3887963.600  3888037.600  3888054.600
   650:  3888076.600  3888089.600  3894835.600  3894847.600  3911664.600
   655:  3911685.600  4079822.600  4079834.600  4082089.600  4323408.999
E:
     0:        5.200       16.300       28.800       43.200       59.900
     5:       80.100      105.300      139.300      191.600      330.300
F:
     0:        0.000        0.000        0.000        0.000        0.000
     5:        0.000
L:
     0:      129.000      135.000      151.000      176.000      154.000
     5:      160.000      167.000      159.000
M:
     0:        0.000        0.000        0.000        0.000        0.000
     5:        0.000
