File: C:\MED-PC IV\DATA\!2023-02-27_18h40m.Subject DF21


Start Date: 02/27/23
End Date: 02/28/23
Subject: DF21
Experiment: delayed_acquisition
Group: 1
Box: 1
Start Time: 18:40:37
End Time:  6:58:32
MSN: Delayed_Acquisition2_w_magmacro
G:       0.000
H:       0.000
I:       0.000
J:       0.000
K:       0.000
N:       0.000
O:       0.000
P:       0.000
Q:       0.000
R:       0.000
S:       0.000
T:       0.000
U:       0.000
V:       0.000
W:       0.000
X:       0.000
Y:       0.000
Z:       0.000
A:
     0:        2.000       60.000  4320000.000        1.000        0.000
     5:        1.000    96000.000        0.000       10.000        0.000
    10:        0.000        0.000        0.000        0.000        0.000
    15:        0.000        0.000        0.000        0.000        0.000
    20:        0.000        0.000        0.000        0.000        0.000
    25:        0.000        0.000        0.000        0.000        0.000
    30:        0.000        0.000        0.000        0.000        0.000
    35:        0.000        0.000        0.000        0.000        0.000
    40:        0.000        0.000        0.000        0.000        0.000
    45:        0.000        0.000        0.000        0.000        0.000
    50:        0.000        0.000        0.000        0.000        0.000
    55:        0.000        0.000        0.000        0.000        0.000
    60:        0.000        0.000        0.000        0.000        0.000
    65:        0.000        0.000        0.000        0.000        0.000
    70:        0.000        0.000        0.000        0.000        0.000
    75:        0.000        0.000        0.000        0.000        0.000
    80:        0.000        0.000        0.000        0.000        0.000
    85:        0.000        0.000        0.000        0.000        0.000
    90:        0.000        0.000        0.000        0.000        0.000
    95:        0.000        0.000        0.000        0.000        0.000
   100:        0.000
B:
     0:  4320000.000  4323834.000        1.000        9.000        0.000
     5:        0.000        0.000        9.000      371.000      464.000
    10:        0.000      272.000        9.000        0.000       73.000
    15:        0.000        9.000        0.000        0.000        0.000
    20:        0.000        0.000        0.000        0.000        0.000
    25:        0.000        0.000        0.000        0.000        0.000
    30:        1.496        0.000        0.000       90.000        0.000
    35:        0.000        0.000        0.000        0.000        0.000
    40:        0.000        0.000        0.000        0.000        0.000
    45:        0.000        0.000        0.000        0.000        0.000
    50:        0.000        0.000        0.000        0.000        0.000
    55:        0.000        0.000        0.000        0.000        0.000
    60:        0.000        0.000        0.000        0.000        0.000
    65:        0.000        0.000        0.000        0.000        0.000
    70:        0.000        0.000        0.000        0.000        0.000
    75:        0.000        0.000        0.000        0.000        0.000
    80:        0.000        0.000        0.000        0.000        0.000
    85:        0.000        0.000        0.000        0.000        0.000
    90:        0.000        0.000        0.000        0.000        0.000
    95:        0.000        0.000        0.000        0.000        0.000
   100:        0.000
C:
     0:     1915.100    97916.200    97916.200    97916.200    97916.200
     5:    97916.200    97916.200    97916.200    97916.200    97916.200
    10:    97916.200    98819.300    98824.300    99797.300   100815.300
    15:   103095.300   107029.300   107335.300   107613.300   113064.300
    20:   113126.300   121699.300   121708.300   133821.300   137865.300
    25:   216004.300   297624.300   300118.100   396119.200   396119.200
    30:   396119.200   396119.200   396119.200   396119.200   396119.200
    35:   396119.200   396119.200   396119.200   396573.300   396600.300
    40:   396629.300   396637.300   396659.300   396686.300   396716.300
    45:   396723.300   396736.300   396743.300   396753.300   396762.300
    50:   396777.300   396807.300   396813.300   396875.300   399184.300
    55:   399817.300   399860.300   399871.300   399879.300   399906.300
    60:   399911.300   399918.300   400045.300   400643.300   400666.300
    65:   403953.300   422738.300   422811.300   427244.300   524070.300
    70:   557793.300   557885.300   667323.300   668183.300   668260.300
    75:   680338.300   690321.100   786322.200   786322.200   786322.200
    80:   786322.200   786322.200   786322.200   786322.200   786322.200
    85:   786322.200   786322.200   786508.300   786516.300   786520.300
    90:   786526.300   786539.300   786540.300   786555.300   786565.300
    95:   786673.300   786700.300   786708.300   786740.300   786749.300
   100:   786764.300   786769.300   786819.300   786843.300   786863.300
   105:   786866.300   786877.300   786883.300   786887.300   786907.300
   110:   786918.300   786952.300   786971.300   787089.300   787954.300
   115:   787996.300   788007.300   788016.300   788026.300   788135.300
   120:   788539.300   789304.300   789627.300   789871.300   790569.300
   125:   790767.300   794250.300   829608.300   837487.300   889481.300
   130:   889648.300   924084.300   931949.300   942926.300   944857.100
   135:  1040858.200  1040858.200  1040858.200  1040858.200  1040858.200
   140:  1040858.200  1040858.200  1040858.200  1040858.200  1040858.200
   145:  1041346.300  1041371.300  1041400.300  1041428.300  1041453.300
   150:  1041457.300  1042695.300  1043659.300  1043676.300  1043696.300
   155:  1043719.300  1044644.300  1044668.300  1044676.300  1044721.300
   160:  1044736.300  1044757.300  1044791.300  1044810.300  1044846.300
   165:  1044851.300  1044854.300  1044875.300  1044895.300  1045450.300
   170:  1045481.300  1045504.300  1046229.300  1046234.300  1046290.300
   175:  1046691.300  1050190.300  1050271.300  1050318.300  1050410.300
   180:  1050429.300  1055964.300  1066869.300  1067015.300  1230013.300
   185:  1257836.300  1257957.300  1270966.300  1274230.300  1306601.300
   190:  1328057.300  1328135.300  1367389.300  1390286.300  1390416.300
   195:  1438349.300  1444515.300  1451524.300  1451669.300  1464817.100
   200:  1560818.200  1560818.200  1560818.200  1560818.200  1560818.200
   205:  1560818.200  1560818.200  1560818.200  1560818.200  1560818.200
   210:  1561071.300  1561852.300  1562423.300  1562654.300  1563308.300
   215:  1565182.300  1565522.300  1565956.300  1566293.300  1585202.300
   220:  1585263.300  1673366.300  1679309.300  1685253.300  1692533.300
   225:  1722603.300  1809511.300  1811748.300  1829395.300  1879337.300
   230:  1879597.300  1891235.300  1967756.300  1972250.300  2001450.300
   235:  2002962.300  2003214.300  2031765.300  2031798.300  2038001.300
   240:  2086207.100  2182208.200  2182208.200  2182208.200  2182208.200
   245:  2182208.200  2182208.200  2182208.200  2182208.200  2182208.200
   250:  2182208.200  2182529.300  2184665.300  2185135.300  2185344.300
   255:  2185746.300  2187095.300  2187486.300  2187498.300  2187523.300
   260:  2187542.300  2187553.300  2187581.300  2187598.300  2187605.300
   265:  2187781.300  2187788.300  2187869.300  2187951.300  2187970.300
   270:  2188122.300  2189068.300  2189184.300  2210505.300  2358340.300
   275:  2358356.300  2375219.300  2426414.300  2427482.300  2444941.300
   280:  2445777.300  2446812.100  2542813.200  2542813.200  2542813.200
   285:  2542813.200  2542813.200  2542813.200  2542813.200  2542813.200
   290:  2542813.200  2542813.200  2543101.300  2543131.300  2543157.300
   295:  2543163.300  2543479.300  2546733.300  2547407.300  2612784.300
   300:  2836311.100  2932312.200  2932312.200  2932312.200  2932312.200
   305:  2932312.200  2932312.200  2932312.200  2932312.200  2932312.200
   310:  2932312.200  2932605.300  2932611.300  2932616.300  2932638.300
   315:  2932666.300  2934789.300  2937901.300  2946851.300  3116967.300
   320:  3156731.300  3173485.300  3174054.300  3179192.300  3207500.300
   325:  3208847.300  3221461.300  3272520.300  3293327.300  3294317.300
   330:  3294381.300  3380631.300  3383811.100  3479812.200  3479812.200
   335:  3479812.200  3479812.200  3479812.200  3479812.200  3479812.200
   340:  3479812.200  3479812.200  3479812.200  3482319.300  3484932.300
   345:  3484944.300  3485663.300  3485755.300  3485914.300  3485985.300
   350:  3486323.300  3486376.300  3486545.300  3486552.300  3487664.300
   355:  3487668.300  3568084.300  3568122.300  3568212.300  3568219.300
   360:  3568303.300  3568423.300  3579481.300  3585856.300  3585918.300
   365:  3613165.300  3658053.300  3701041.300  4184063.300  4286425.300
   370:  4309199.300
D:
     0:        0.111     1915.200    14014.650    17775.650    40640.650
     5:    47087.650    61375.650    61400.650    67532.650    83906.650
    10:    84731.650    85131.650    87058.650    87531.650    88001.650
    15:    88044.650    88090.650    88308.650    88665.650    89290.650
    20:    89390.650    89580.650    97916.400    97961.410    98010.410
    25:    98041.610    98055.410    98104.410    98149.410    98198.410
    30:    98243.410    98292.410    98337.410    98342.420    99245.600
    35:    99250.600   100223.600   101241.600   103521.600   107455.600
    40:   107761.600   108039.600   113490.600   113552.600   122125.600
    45:   122134.600   134247.600   138291.600   216430.600   298050.600
    50:   300544.200   320630.650   321925.650   374252.650   384338.650
    55:   384519.650   396545.400   396590.410   396639.410   396684.410
    60:   396701.610   396733.410   396778.410   396827.410   396872.410
    65:   396921.410   396966.410   396971.420   397425.600   397452.600
    70:   397481.600   397489.600   397511.600   397538.600   397568.600
    75:   397575.600   397588.600   397595.600   397605.600   397614.600
    80:   397629.600   397659.600   397665.600   397727.600   400036.600
    85:   400669.600   400712.600   400723.600   400731.600   400758.600
    90:   400763.600   400770.600   400897.600   401495.600   401518.600
    95:   404805.600   423590.600   423663.600   428096.600   524922.600
   100:   558645.600   558737.600   668175.600   669035.600   669112.600
   105:   681190.600   691173.200   691447.650   697027.650   697053.650
   110:   697071.650   697184.650   697549.650   787174.400   787219.410
   115:   787268.410   787290.610   787313.410   787362.410   787407.410
   120:   787456.410   787501.410   787550.410   787595.410   787600.420
   125:   787786.600   787794.600   787798.600   787804.600   787817.600
   130:   787818.600   787833.600   787843.600   787951.600   787978.600
   135:   787986.600   788018.600   788027.600   788042.600   788047.600
   140:   788097.600   788121.600   788141.600   788144.600   788155.600
   145:   788161.600   788165.600   788185.600   788196.600   788230.600
   150:   788249.600   788367.600   789232.600   789274.600   789285.600
   155:   789294.600   789304.600   789413.600   789817.600   790582.600
   160:   790905.600   791149.600   791847.600   792045.600   795528.600
   165:   830886.600   838765.600   890759.600   890926.600   925362.600
   170:   933227.600   944204.600   946135.200   951410.650   964214.650
   175:   987317.650   987795.650   987852.650   987873.650   987928.650
   180:  1040252.650  1042136.400  1042181.410  1042230.410  1042249.610
   185:  1042275.410  1042324.410  1042369.410  1042418.410  1042463.410
   190:  1042512.410  1042557.410  1042562.420  1043050.600  1043075.600
   195:  1043104.600  1043132.600  1043157.600  1043161.600  1044399.600
   200:  1045363.600  1045380.600  1045400.600  1045423.600  1046348.600
   205:  1046372.600  1046380.600  1046425.600  1046440.600  1046461.600
   210:  1046495.600  1046514.600  1046550.600  1046555.600  1046558.600
   215:  1046579.600  1046599.600  1047154.600  1047185.600  1047208.600
   220:  1047933.600  1047938.600  1047994.600  1048395.600  1051894.600
   225:  1051975.600  1052022.600  1052114.600  1052133.600  1057668.600
   230:  1068573.600  1068719.600  1231717.600  1259540.600  1259661.600
   235:  1272670.600  1275934.600  1308305.600  1329761.600  1329839.600
   240:  1369093.600  1391990.600  1392120.600  1440053.600  1446219.600
   245:  1453228.600  1453373.600  1466521.200  1471627.650  1497690.650
   250:  1497705.650  1497801.650  1512971.650  1513182.650  1562522.400
   255:  1562567.410  1562616.410  1562636.610  1562661.410  1562710.410
   260:  1562755.410  1562804.410  1562849.410  1562898.410  1562943.410
   265:  1562948.420  1563201.600  1563982.600  1564553.600  1564784.600
   270:  1565438.600  1567312.600  1567652.600  1568086.600  1568423.600
   275:  1587332.600  1587393.600  1675496.600  1681439.600  1687383.600
   280:  1694663.600  1724733.600  1811641.600  1813878.600  1831525.600
   285:  1881467.600  1881727.600  1893365.600  1969886.600  1974380.600
   290:  2003580.600  2005092.600  2005344.600  2033895.600  2033928.600
   295:  2040131.600  2088337.200  2092864.650  2092990.650  2093029.650
   300:  2093109.650  2093527.650  2110258.650  2110289.650  2110482.650
   305:  2110543.650  2184338.400  2184383.410  2184432.410  2184477.410
   310:  2184496.610  2184526.410  2184571.410  2184620.410  2184665.410
   315:  2184714.410  2184759.410  2184764.420  2185085.600  2187221.600
   320:  2187691.600  2187900.600  2188302.600  2189651.600  2190042.600
   325:  2190054.600  2190079.600  2190098.600  2190109.600  2190137.600
   330:  2190154.600  2190161.600  2190337.600  2190344.600  2190425.600
   335:  2190507.600  2190526.600  2190678.600  2191624.600  2191740.600
   340:  2213061.600  2360896.600  2360912.600  2377775.600  2428970.600
   345:  2430038.600  2447497.600  2448333.600  2449368.200  2449638.650
   350:  2449647.650  2449659.650  2449707.650  2449731.650  2449875.650
   355:  2449959.650  2450038.650  2451125.650  2458350.650  2458359.650
   360:  2545369.400  2545414.410  2545463.410  2545508.410  2545510.610
   365:  2545557.410  2545602.410  2545651.410  2545696.410  2545745.410
   370:  2545790.410  2545795.420  2546083.600  2546113.600  2546139.600
   375:  2546145.600  2546461.600  2549715.600  2550389.600  2615766.600
   380:  2839293.200  2843300.650  2849686.650  2860624.650  2860841.650
   385:  2861000.650  2935294.400  2935339.410  2935388.410  2935433.410
   390:  2935475.610  2935482.410  2935527.410  2935576.410  2935621.410
   395:  2935670.410  2935715.410  2935720.420  2936013.600  2936019.600
   400:  2936024.600  2936046.600  2936074.600  2938197.600  2941309.600
   405:  2950259.600  3120375.600  3160139.600  3176893.600  3177462.600
   410:  3182600.600  3210908.600  3212255.600  3224869.600  3275928.600
   415:  3296735.600  3297725.600  3297789.600  3384039.600  3387219.200
   420:  3392738.650  3392835.650  3422088.650  3483220.400  3483265.410
   425:  3483314.410  3483359.410  3483408.410  3483453.410  3483471.610
   430:  3483502.410  3483547.410  3483596.410  3483641.410  3483646.420
   435:  3486153.600  3488766.600  3488778.600  3489497.600  3489589.600
   440:  3489748.600  3489819.600  3490157.600  3490210.600  3490379.600
   445:  3490386.600  3491498.600  3491502.600  3571918.600  3571956.600
   450:  3572046.600  3572053.600  3572137.600  3572257.600  3583315.600
   455:  3589690.600  3589752.600  3616999.600  3661887.600  3704875.600
   460:  4187897.600  4290259.600  4313033.600  4323834.999
E:
     0:        5.200       16.300       28.800       43.200       59.900
     5:       80.100      105.300      139.300      191.600      330.300
F:
     0:        0.000        0.000        0.000        0.000        0.000
     5:        0.000
L:
     0:      124.000      155.000      115.000      112.000      113.000
     5:      157.000      140.000      180.000      250.000
M:
     0:        0.000        0.000        0.000        0.000        0.000
     5:        0.000
