File: C:\MED-PC IV\DATA\!2023-02-25_18h39m.Subject DF29


Start Date: 02/25/23
End Date: 02/26/23
Subject: DF29
Experiment: delayed_acquisition
Group: 1
Box: 9
Start Time: 18:39:52
End Time:  6:58:29
MSN: Delayed_AcquisitionYoked2_w_magmacro
G:       0.000
H:       0.000
I:       0.000
J:       0.000
K:       0.000
N:       0.000
O:       0.000
P:       0.000
Q:       0.000
R:       0.000
S:       0.000
T:       0.000
U:       0.000
V:       0.000
W:       0.000
X:       7.000
Y:       0.000
Z:       0.000
A:
     0:        2.000       60.000  4320000.000        2.000        0.000
     5:        1.000    96000.000        1.000       10.000        0.000
    10:        0.000        0.000        0.000        0.000        0.000
    15:        0.000        0.000        0.000        0.000        0.000
    20:        0.000        0.000        0.000        0.000        0.000
    25:        0.000        0.000        0.000        0.000        0.000
    30:        0.000        0.000        0.000        0.000        0.000
    35:        0.000        0.000        0.000        0.000        0.000
    40:        0.000        0.000        0.000        0.000        0.000
    45:        0.000        0.000        0.000        0.000        0.000
    50:        0.000        0.000        0.000        0.000        0.000
    55:        0.000        0.000        0.000        0.000        0.000
    60:        0.000        0.000        0.000        0.000        0.000
    65:        0.000        0.000        0.000        0.000        0.000
    70:        0.000        0.000        0.000        0.000        0.000
    75:        0.000        0.000        0.000        0.000        0.000
    80:        0.000        0.000        0.000        0.000        0.000
    85:        0.000        0.000        0.000        0.000        0.000
    90:        0.000        0.000        0.000        0.000        0.000
    95:        0.000        0.000        0.000        0.000        0.000
   100:        0.000
B:
     0:  4320000.000  4321278.000        1.000       29.000        0.000
     5:        0.000        0.000        3.000      852.000      957.000
    10:        0.000      793.000        3.000        2.000       95.000
    15:        0.000        3.000        0.000        0.000        0.000
    20:        0.000        0.000        0.000        0.000        0.000
    25:        0.000        0.000        0.000        0.000        0.000
    30:        1.553        0.000        0.000       30.000        0.000
    35:        0.000        0.000        0.000        0.000        0.000
    40:        0.000        0.000        0.000        0.000        0.000
    45:        0.000        0.000        0.000        0.000        0.000
    50:        0.000        0.000        0.000        0.000        0.000
    55:        0.000        0.000        0.000        0.000        0.000
    60:        0.000        0.000        0.000        0.000        0.000
    65:        0.000        0.000        0.000        0.000        0.000
    70:        0.000        0.000        0.000        0.000        0.000
    75:        0.000        0.000        0.000        0.000        0.000
    80:        0.000        0.000        0.000        0.000        0.000
    85:        0.000        0.000        0.000        0.000        0.000
    90:        0.000        0.000        0.000        0.000        0.000
    95:        0.000        0.000        0.000        0.000        0.000
   100:        0.000
C:
     0:      197.300      392.300     1215.300     1493.300     3689.300
     5:     3723.300     3789.300     3885.300    11783.300    11817.300
    10:    12012.300    12041.300    12171.300    16285.300    16409.300
    15:    16671.300    16711.300    16843.300   119136.200   119136.200
    20:   119136.200   119136.200   119136.200   119136.200   119136.200
    25:   119136.200   119136.200   119136.200   119490.300   119516.300
    30:   119543.300   119594.300   120300.300   120674.300   120680.300
    35:   120720.300   121086.300   123808.300   123875.300   123923.300
    40:   124431.300   124834.300   124861.300   124877.300   124889.300
    45:   124903.300   124936.300   124953.300   124973.300   125223.300
    50:   125531.300   126277.300   126662.300   126680.300   126909.300
    55:   127191.300   127340.300   127399.300   127429.300   127498.300
    60:   127782.300   128207.300   128389.300   128612.300   128929.300
    65:   130151.300   131935.300   132399.300   132687.300   134249.300
    70:   137194.300   137213.300   137307.300   138353.300   139455.300
    75:   139471.300   139531.300   139604.300   139644.300   139707.300
    80:   139751.300   140397.300   140988.300   141033.300   141089.300
    85:   144579.300   144876.300   145026.100   148896.300   149795.300
    90:   151873.300   152010.300   153403.300   153605.300   153728.300
    95:   153972.300   154085.300   154828.300   154834.300   155072.300
   100:   155290.300   155317.300   155432.300   156543.300   156558.300
   105:   161321.300   163333.300   163812.300   164015.300   164065.300
   110:   164098.300   164184.300   164352.300   164369.300   168339.300
   115:   168697.300   169926.300   170523.300   170960.300   170998.300
   120:   172324.300   176005.300   176171.300   176200.300   187246.300
   125:   192873.300   196222.300   196409.300   196456.300   196515.300
   130:   197460.300   197639.300   198045.300   199038.300   199123.300
   135:   199390.300   204657.300   204749.300   204924.300   215827.300
   140:   215981.300   216020.300   216045.300   216074.300   216146.300
   145:   216153.300   216161.300   216179.300   216199.300   218141.300
   150:   218894.300   219234.300   219432.300   221610.300   222193.300
   155:   225576.300   229102.300   229498.300   230744.300   252034.300
   160:   252050.300   252833.300   252917.300   256185.100   257777.300
   165:   257812.300   262685.300   263140.300   263313.300   263364.300
   170:   263724.300   263813.300   265572.300   265788.300   265945.300
   175:   266051.300   273183.300   273244.300   273291.300   274492.300
   180:   274567.300   274582.300   274597.300   274617.300   274624.300
   185:   275183.300   275420.300   280877.300   281092.300   282853.300
   190:   283125.300   283425.300   283939.300   288688.300   300231.300
   195:   300637.300   302081.300   302344.300   302429.300   302549.300
   200:   303429.300   327010.300   327680.300   329248.300   330629.300
   205:   330659.300   330986.300   332718.300   333640.300   334087.300
   210:   336023.300   338515.300   338576.300   338935.300   340407.300
   215:   368501.300   370239.300   370897.300   371730.300   372723.300
   220:   373204.300   373342.300   373547.300   374013.300   374258.300
   225:   380474.300   380529.300   381797.300   382991.300   384126.300
   230:   385438.300   385816.300   386097.300   390168.300   408377.300
   235:   412678.300   414298.300   415903.300   415957.300   416012.300
   240:   417441.300   418283.300   421972.300   423089.300   426492.300
   245:   429479.300   431814.100   433953.300   435193.300   436735.300
   250:   436925.300   441085.300   441092.300   441133.300   441204.300
   255:   442039.300   443902.300   443952.300   443998.300   444033.300
   260:   444092.300   445922.300   446072.300   452765.100   462183.300
   265:   467074.300   471682.300   474885.100   476436.300   476733.300
   270:   476743.300   476750.300   476770.300   476989.300   476999.300
   275:   477029.300   477164.300   477177.300   481377.100   483398.300
   280:   484074.300   484414.300   485932.300   489162.300   495483.300
   285:   495546.300   495957.300   496022.300   508036.300   510334.300
   290:   511426.300   511549.300   512127.300   513452.300   513995.300
   295:   518167.300   518212.300   518227.300   518430.300   519212.300
   300:   519393.300   519773.300   521266.300   521297.300   521310.300
   305:   521419.300   521439.300   521589.300   521660.300   521690.300
   310:   521781.300   521845.300   521893.300   521960.300   522632.300
   315:   522819.300   542159.300   546696.300   561609.300   561644.300
   320:   562104.300   562885.300   564179.300   564301.300   564451.300
   325:   566105.300   566112.300   573835.300   576012.300   576128.300
   330:   576344.300   577628.300   580357.300   593438.300   593808.300
   335:   603704.300   605785.300   614004.300   616892.300   632655.300
   340:   634936.300   635825.300   635850.300   635999.300   638000.300
   345:   639715.300   639851.300   639908.300   640095.300   640571.300
   350:   641252.300   650467.300   650503.300   650557.300   650619.300
   355:   651586.300   670323.300   673252.300   677660.300   679225.300
   360:   681112.300   691291.300   692522.300   692858.300   692993.300
   365:   693044.300   694810.300   695379.300   695551.300   695584.300
   370:   695814.300   695827.300   696470.300   696526.300   696690.300
   375:   696925.300   698167.300   699444.300   700321.300   700862.300
   380:   702889.300   706424.300   706550.300   706876.300   708042.300
   385:   708231.300   708234.300   715226.300   715829.300   720134.300
   390:   721103.300   730876.300   734478.300   795983.300   797102.300
   395:   797398.300   798304.300   798902.300   803002.300   813526.300
   400:   814568.300   814873.300   837328.300   837354.300   837375.300
   405:   837431.300   837437.300   837475.300   845971.300   846037.300
   410:   846174.300   846278.300   846588.300   846681.300   846765.300
   415:   846901.300   847846.300   854552.300   855015.300   857779.300
   420:   859854.300   872385.300   873186.300   874121.300   875214.300
   425:   875576.300   877980.300   893646.300   905869.300   906331.300
   430:   912914.300   913499.300   914608.300   916372.300   916421.300
   435:   916440.300   916602.300   916875.300   916910.300   916946.300
   440:   916983.300   917024.300   919050.300   921400.300   922091.300
   445:   929649.300   933719.300   934962.300   935016.300   935071.300
   450:   935126.300   935141.300   935325.300   936236.300   936407.300
   455:   936545.300   938924.300   939496.300   939725.300   939762.300
   460:   939813.300   939868.300   939964.300   940013.300   940161.300
   465:   940227.300   940306.300   940394.300   940440.300   940563.300
   470:   950297.300   950625.300   950761.300   950798.300   950826.300
   475:   950867.300   950878.300   950894.300   950915.300   952069.300
   480:   953194.300   989207.300   989480.300   989552.300   989586.300
   485:   990069.300   990156.300   990555.300   990693.300   990728.300
   490:   990784.300   990807.300   990945.300   990997.300   991315.300
   495:   992448.300  1002417.300  1003062.300  1003172.300  1008711.100
   500:  1009752.300  1010182.300  1028720.300  1028790.300  1030403.300
   505:  1030463.300  1032056.300  1033187.300  1035215.300  1035244.300
   510:  1040766.300  1040816.300  1040964.300  1041003.300  1041010.300
   515:  1043366.300  1095372.300  1095411.300  1095534.300  1099124.300
   520:  1100028.300  1100059.300  1100109.300  1100201.300  1100212.300
   525:  1100259.300  1100328.300  1100394.300  1100454.300  1100491.300
   530:  1100510.300  1100726.300  1100831.300  1101150.300  1104505.300
   535:  1176119.300  1177440.300  1414807.300  1423013.300  1428256.300
   540:  1428403.300  1428696.300  1428833.300  1428943.300  1430209.300
   545:  1430248.300  1430411.300  1431932.300  1432201.300  1432896.300
   550:  1433098.300  1433119.300  1433162.300  1433184.300  1433277.300
   555:  1441524.300  1441553.300  1441762.300  1442119.300  1442228.300
   560:  1524053.300  1527778.300  1527911.300  1529526.300  1531046.300
   565:  1531498.300  1532142.300  1533379.300  1533423.300  1533542.300
   570:  1535007.300  1541340.300  1541536.300  1741181.200  1741181.200
   575:  1741181.200  1741181.200  1741181.200  1741181.200  1741181.200
   580:  1741181.200  1741181.200  1741181.200  1741713.300  1741755.300
   585:  1741782.300  1741824.300  1741859.300  1742537.300  1742553.300
   590:  1742578.300  1742792.300  1743299.300  1744263.300  1746312.300
   595:  1746434.300  1747635.300  1747644.300  1747659.300  1747832.300
   600:  1747852.300  1747935.300  1748258.300  1748290.300  1748664.300
   605:  1749996.300  1750239.300  1752202.300  1752218.300  1752245.300
   610:  1753476.300  1754051.300  1754060.300  1754152.300  1755460.300
   615:  1755552.300  1755569.300  1757257.300  1757393.300  1757746.300
   620:  1757791.300  1761621.300  1780557.300  1781227.300  1799637.300
   625:  1800894.300  1800989.300  1801731.300  1801945.300  1802074.300
   630:  1802206.300  1802314.300  1802331.300  1802384.300  1802391.300
   635:  1802399.300  1802420.300  1802445.300  1802495.300  1802515.300
   640:  1803380.300  1804532.300  1804749.300  1805619.300  1806708.300
   645:  1806940.300  1808958.300  1905366.100  1916783.300  1917796.300
   650:  1943770.300  1943812.300  1943915.300  1944147.300  1945109.300
   655:  1945526.300  1962031.300  1963209.300  1963281.300  1963775.300
   660:  1963880.300  1964027.300  1998640.300  1999371.300  1999584.300
   665:  1999617.300  1999779.300  1999828.300  1999841.300  2048289.300
   670:  2052577.300  2054124.300  2054184.300  2055132.300  2057600.300
   675:  2059751.300  2060759.300  2115554.100  2121427.300  2121574.300
   680:  2121628.300  2121712.300  2129220.300  2129450.300  2130911.300
   685:  2132501.300  2132543.300  2151778.300  2153166.300  2153271.300
   690:  2153289.300  2153354.300  2155888.300  2747612.300  2747817.300
   695:  2751623.100  2752307.300  2752351.300  2752383.300  2756822.300
   700:  2756865.300  2776722.300  2778889.300  2778939.300  2778979.300
   705:  2778995.300  2779116.300  2779150.300  2779953.300  2779993.300
   710:  2780429.300  2780597.300  2781410.300  2781539.300  2781569.300
   715:  2784570.300  2784593.300  2787220.300  2787236.300  2787298.300
   720:  2787658.300  2787721.300  2787751.300  2909053.100  2909251.100
   725:  2909315.100  2909433.100  2935131.300  2970259.300  2970369.300
   730:  2970459.300  3017622.300  3024618.100  3024668.100  3026349.100
   735:  3026439.100  3026536.100  3026550.100  3026676.100  3028186.100
   740:  3029346.100  3035144.100  3035171.100  3035200.100  3483101.200
   745:  3483101.200  3483101.200  3483101.200  3483101.200  3483101.200
   750:  3483101.200  3483101.200  3483101.200  3483101.200  3483496.300
   755:  3483519.300  3483535.300  3483545.300  3485356.300  3485444.300
   760:  3485483.300  3485511.300  3485520.300  3485560.300  3485568.300
   765:  3485574.300  3485590.300  3485598.300  3485602.300  3485611.300
   770:  3485623.300  3485985.300  3485996.300  3486445.300  3486462.300
   775:  3486487.300  3486508.300  3486529.300  3486548.300  3486573.300
   780:  3486733.300  3486744.300  3486956.300  3486976.300  3486988.300
   785:  3487004.300  3487017.300  3487038.300  3487047.300  3487061.300
   790:  3487092.300  3487170.300  3487181.300  3487207.300  3487213.300
   795:  3487374.300  3487878.300  3488410.300  3488415.300  3489391.300
   800:  3489427.300  3499011.300  3499067.300  3499211.300  3499225.300
   805:  3499250.300  3499270.300  3499294.300  3499316.300  3499337.300
   810:  3499375.300  3499411.300  3499419.300  3499850.300  3530873.100
   815:  3531063.300  3657694.300  3658212.300  3658289.300  3658433.300
   820:  3658496.300  3659719.300  3870624.100  3888761.300  3888893.300
   825:  3893044.300  3907821.100  3908456.300  4150039.300  4150404.300
   830:  4150454.300  4150792.300  4160287.300  4160452.300  4160582.300
   835:  4160592.300  4160612.300  4160656.300  4160675.300  4160705.300
   840:  4160715.300  4160740.300  4160761.300  4160791.300  4160808.300
   845:  4160851.300  4160896.300  4160941.300  4160963.300  4160984.300
   850:  4161016.300  4173967.300
D:
     0:        0.111      197.600      392.600     1215.600     1493.600
     5:     3689.600     3723.600     3789.600     3885.600    11783.600
    10:    11817.600    12012.600    12041.600    12171.600    16285.600
    15:    16409.600    16671.600    16711.600    16843.600    28235.650
    20:    28424.650    29060.650    29103.650    29868.650    30426.650
    25:    31845.650    32993.650    33262.650    33444.650    33801.650
    30:    35792.650    35812.650    35857.650    37677.650    37719.650
    35:    37733.650    37751.650    38129.650    38290.650    38600.650
    40:    38863.650    39037.650    39588.650    43579.650    44195.250
    45:    49180.650    49374.650    49503.650    53035.250    56426.650
    50:    56472.650    56641.650    56912.650    57188.650    62001.650
    55:    62207.650    62339.650    62448.650    62857.650    63893.650
    60:    64030.650    64510.650    64658.650    69780.650    70614.650
    65:    70880.650    71981.650    72121.650    72201.650    72642.650
    70:    72911.650    74463.650    74628.650    75623.650    76311.650
    75:    76337.650    76596.650    77219.650    77459.650    77498.650
    80:    77570.650    81995.650    82022.650    82042.650    82119.650
    85:    82595.650    82621.650    82912.650    83281.650    88099.650
    90:    89206.650    89842.650    90044.650    90060.650    90448.650
    95:    90735.650    95966.650    96305.650    97955.650   100671.650
   100:   102127.650   103778.650   105182.650   107032.650   108954.650
   105:   108975.650   108985.650   108989.650   109026.650   109040.650
   110:   109094.650   109522.650   109618.650   109735.650   110986.650
   115:   111626.650   119136.400   119181.410   119212.610   119230.410
   120:   119275.410   119324.410   119369.410   119418.410   119463.410
   125:   119512.410   119557.410   119562.420   119916.600   119942.600
   130:   119969.600   120020.600   120726.600   121100.600   121106.600
   135:   121146.600   121512.600   124234.600   124301.600   124349.600
   140:   124857.600   125260.600   125287.600   125303.600   125315.600
   145:   125329.600   125362.600   125379.600   125399.600   125649.600
   150:   125957.600   126703.600   127088.600   127106.600   127335.600
   155:   127617.600   127766.600   127825.600   127855.600   127924.600
   160:   128208.600   128633.600   128815.600   129038.600   129355.600
   165:   130577.600   132361.600   132825.600   133113.600   134675.600
   170:   137620.600   137639.600   137733.600   138779.600   139881.600
   175:   139897.600   139957.600   140030.600   140070.600   140133.600
   180:   140177.600   140823.600   141414.600   141459.600   141515.600
   185:   145005.600   145302.600   145452.200   149322.600   150221.600
   190:   152299.600   152436.600   153829.600   154031.600   154154.600
   195:   154398.600   154511.600   155254.600   155260.600   155498.600
   200:   155716.600   155743.600   155858.600   156969.600   156984.600
   205:   161747.600   163759.600   164238.600   164441.600   164491.600
   210:   164524.600   164610.600   164778.600   164795.600   168765.600
   215:   169123.600   170352.600   170949.600   171386.600   171424.600
   220:   172750.600   176431.600   176597.600   176626.600   187672.600
   225:   193299.600   196648.600   196835.600   196882.600   196941.600
   230:   197886.600   198065.600   198471.600   199464.600   199549.600
   235:   199816.600   205083.600   205175.600   205350.600   216253.600
   240:   216407.600   216446.600   216471.600   216500.600   216572.600
   245:   216579.600   216587.600   216605.600   216625.600   218567.600
   250:   219320.600   219660.600   219858.600   222036.600   222619.600
   255:   226002.600   229528.600   229924.600   231170.600   252460.600
   260:   252476.600   253259.600   253343.600   256611.200   258203.600
   265:   258238.600   263111.600   263566.600   263739.600   263790.600
   270:   264150.600   264239.600   265998.600   266214.600   266371.600
   275:   266477.600   273609.600   273670.600   273717.600   274918.600
   280:   274993.600   275008.600   275023.600   275043.600   275050.600
   285:   275609.600   275846.600   281303.600   281518.600   283279.600
   290:   283551.600   283851.600   284365.600   289114.600   300657.600
   295:   301063.600   302507.600   302770.600   302855.600   302975.600
   300:   303855.600   327436.600   328106.600   329674.600   331055.600
   305:   331085.600   331412.600   333144.600   334066.600   334513.600
   310:   336449.600   338941.600   339002.600   339361.600   340833.600
   315:   368927.600   370665.600   371323.600   372156.600   373149.600
   320:   373630.600   373768.600   373973.600   374439.600   374684.600
   325:   380900.600   380955.600   382223.600   383417.600   384552.600
   330:   385864.600   386242.600   386523.600   390594.600   408803.600
   335:   413104.600   414724.600   416329.600   416383.600   416438.600
   340:   417867.600   418709.600   422398.600   423515.600   426918.600
   345:   429905.600   432240.200   434379.600   435619.600   437161.600
   350:   437351.600   441511.600   441518.600   441559.600   441630.600
   355:   442465.600   444328.600   444378.600   444424.600   444459.600
   360:   444518.600   446348.600   446498.600   453191.200   462609.600
   365:   467500.600   472108.600   475311.200   476862.600   477159.600
   370:   477169.600   477176.600   477196.600   477415.600   477425.600
   375:   477455.600   477590.600   477603.600   481803.200   483824.600
   380:   484500.600   484840.600   486358.600   489588.600   495909.600
   385:   495972.600   496383.600   496448.600   508462.600   510760.600
   390:   511852.600   511975.600   512553.600   513878.600   514421.600
   395:   518593.600   518638.600   518653.600   518856.600   519638.600
   400:   519819.600   520199.600   521692.600   521723.600   521736.600
   405:   521845.600   521865.600   522015.600   522086.600   522116.600
   410:   522207.600   522271.600   522319.600   522386.600   523058.600
   415:   523245.600   542585.600   547122.600   562035.600   562070.600
   420:   562530.600   563311.600   564605.600   564727.600   564877.600
   425:   566531.600   566538.600   574261.600   576438.600   576554.600
   430:   576770.600   578054.600   580783.600   593864.600   594234.600
   435:   604130.600   606211.600   614430.600   617318.600   633081.600
   440:   635362.600   636251.600   636276.600   636425.600   638426.600
   445:   640141.600   640277.600   640334.600   640521.600   640997.600
   450:   641678.600   650893.600   650929.600   650983.600   651045.600
   455:   652012.600   670749.600   673678.600   678086.600   679651.600
   460:   681538.600   691717.600   692948.600   693284.600   693419.600
   465:   693470.600   695236.600   695805.600   695977.600   696010.600
   470:   696240.600   696253.600   696896.600   696952.600   697116.600
   475:   697351.600   698593.600   699870.600   700747.600   701288.600
   480:   703315.600   706850.600   706976.600   707302.600   708468.600
   485:   708657.600   708660.600   715652.600   716255.600   720560.600
   490:   721529.600   731302.600   734904.600   796409.600   797528.600
   495:   797824.600   798730.600   799328.600   803428.600   813952.600
   500:   814994.600   815299.600   837754.600   837780.600   837801.600
   505:   837857.600   837863.600   837901.600   846397.600   846463.600
   510:   846600.600   846704.600   847014.600   847107.600   847191.600
   515:   847327.600   848272.600   854978.600   855441.600   858205.600
   520:   860280.600   872811.600   873612.600   874547.600   875640.600
   525:   876002.600   878406.600   894072.600   906295.600   906757.600
   530:   913340.600   913925.600   915034.600   916798.600   916847.600
   535:   916866.600   917028.600   917301.600   917336.600   917372.600
   540:   917409.600   917450.600   919476.600   921826.600   922517.600
   545:   930075.600   934145.600   935388.600   935442.600   935497.600
   550:   935552.600   935567.600   935751.600   936662.600   936833.600
   555:   936971.600   939350.600   939922.600   940151.600   940188.600
   560:   940239.600   940294.600   940390.600   940439.600   940587.600
   565:   940653.600   940732.600   940820.600   940866.600   940989.600
   570:   950723.600   951051.600   951187.600   951224.600   951252.600
   575:   951293.600   951304.600   951320.600   951341.600   952495.600
   580:   953620.600   989633.600   989906.600   989978.600   990012.600
   585:   990495.600   990582.600   990981.600   991119.600   991154.600
   590:   991210.600   991233.600   991371.600   991423.600   991741.600
   595:   992874.600  1002843.600  1003488.600  1003598.600  1009137.200
   600:  1010178.600  1010608.600  1029146.600  1029216.600  1030829.600
   605:  1030889.600  1032482.600  1033613.600  1035641.600  1035670.600
   610:  1041192.600  1041242.600  1041390.600  1041429.600  1041436.600
   615:  1043792.600  1095798.600  1095837.600  1095960.600  1099550.600
   620:  1100454.600  1100485.600  1100535.600  1100627.600  1100638.600
   625:  1100685.600  1100754.600  1100820.600  1100880.600  1100917.600
   630:  1100936.600  1101152.600  1101257.600  1101576.600  1104931.600
   635:  1176545.600  1177866.600  1415233.600  1423439.600  1428682.600
   640:  1428829.600  1429122.600  1429259.600  1429369.600  1430635.600
   645:  1430674.600  1430837.600  1432358.600  1432627.600  1433322.600
   650:  1433524.600  1433545.600  1433588.600  1433610.600  1433703.600
   655:  1441950.600  1441979.600  1442188.600  1442545.600  1442654.600
   660:  1524479.600  1528204.600  1528337.600  1529952.600  1531472.600
   665:  1531924.600  1532568.600  1533805.600  1533849.600  1533968.600
   670:  1535433.600  1541766.600  1541962.600  1741607.400  1741652.410
   675:  1741701.410  1741746.410  1741774.610  1741795.410  1741840.410
   680:  1741889.410  1741934.410  1741983.410  1742028.410  1742033.420
   685:  1742565.600  1742607.600  1742634.600  1742676.600  1742711.600
   690:  1743389.600  1743405.600  1743430.600  1743644.600  1744151.600
   695:  1745115.600  1747164.600  1747286.600  1748487.600  1748496.600
   700:  1748511.600  1748684.600  1748704.600  1748787.600  1749110.600
   705:  1749142.600  1749516.600  1750848.600  1751091.600  1753054.600
   710:  1753070.600  1753097.600  1754328.600  1754903.600  1754912.600
   715:  1755004.600  1756312.600  1756404.600  1756421.600  1758109.600
   720:  1758245.600  1758598.600  1758643.600  1762473.600  1781409.600
   725:  1782079.600  1800489.600  1801746.600  1801841.600  1802583.600
   730:  1802797.600  1802926.600  1803058.600  1803166.600  1803183.600
   735:  1803236.600  1803243.600  1803251.600  1803272.600  1803297.600
   740:  1803347.600  1803367.600  1804232.600  1805384.600  1805601.600
   745:  1806471.600  1807560.600  1807792.600  1809810.600  1906218.200
   750:  1917635.600  1918648.600  1944622.600  1944664.600  1944767.600
   755:  1944999.600  1945961.600  1946378.600  1962883.600  1964061.600
   760:  1964133.600  1964627.600  1964732.600  1964879.600  1999492.600
   765:  2000223.600  2000436.600  2000469.600  2000631.600  2000680.600
   770:  2000693.600  2049141.600  2053429.600  2054976.600  2055036.600
   775:  2055984.600  2058452.600  2060603.600  2061611.600  2116406.200
   780:  2122279.600  2122426.600  2122480.600  2122564.600  2130072.600
   785:  2130302.600  2131763.600  2133353.600  2133395.600  2152630.600
   790:  2154018.600  2154123.600  2154141.600  2154206.600  2156740.600
   795:  2748464.600  2748669.600  2752475.200  2753159.600  2753203.600
   800:  2753235.600  2757674.600  2757717.600  2777574.600  2779741.600
   805:  2779791.600  2779831.600  2779847.600  2779968.600  2780002.600
   810:  2780805.600  2780845.600  2781281.600  2781449.600  2782262.600
   815:  2782391.600  2782421.600  2785422.600  2785445.600  2788072.600
   820:  2788088.600  2788150.600  2788510.600  2788573.600  2788603.600
   825:  2909905.200  2910103.200  2910167.200  2910285.200  2935983.600
   830:  2971111.600  2971221.600  2971311.600  3018474.600  3025470.200
   835:  3025520.200  3027201.200  3027291.200  3027388.200  3027402.200
   840:  3027528.200  3029038.200  3030198.200  3035996.200  3036023.200
   845:  3036052.200  3483953.400  3483998.410  3484047.410  3484092.410
   850:  3484141.410  3484179.610  3484186.410  3484235.410  3484280.410
   855:  3484329.410  3484374.410  3484379.420  3484774.600  3484797.600
   860:  3484813.600  3484823.600  3486634.600  3486722.600  3486761.600
   865:  3486789.600  3486798.600  3486838.600  3486846.600  3486852.600
   870:  3486868.600  3486876.600  3486880.600  3486889.600  3486901.600
   875:  3487263.600  3487274.600  3487723.600  3487740.600  3487765.600
   880:  3487786.600  3487807.600  3487826.600  3487851.600  3488011.600
   885:  3488022.600  3488234.600  3488254.600  3488266.600  3488282.600
   890:  3488295.600  3488316.600  3488325.600  3488339.600  3488370.600
   895:  3488448.600  3488459.600  3488485.600  3488491.600  3488652.600
   900:  3489156.600  3489688.600  3489693.600  3490669.600  3490705.600
   905:  3500289.600  3500345.600  3500489.600  3500503.600  3500528.600
   910:  3500548.600  3500572.600  3500594.600  3500615.600  3500653.600
   915:  3500689.600  3500697.600  3501128.600  3532151.200  3532341.600
   920:  3658972.600  3659490.600  3659567.600  3659711.600  3659774.600
   925:  3660997.600  3871902.200  3890039.600  3890171.600  3894322.600
   930:  3909099.200  3909734.600  4151317.600  4151682.600  4151732.600
   935:  4152070.600  4161565.600  4161730.600  4161860.600  4161870.600
   940:  4161890.600  4161934.600  4161953.600  4161983.600  4161993.600
   945:  4162018.600  4162039.600  4162069.600  4162086.600  4162129.600
   950:  4162174.600  4162219.600  4162241.600  4162262.600  4162294.600
   955:  4175245.600  4321278.999
E:
     0:        5.200       16.300       28.800       43.200       59.900
     5:       80.100      105.300      139.300      191.600      330.300
F:
     0:        0.000        0.000        0.000        0.000        0.000
     5:        0.000
L:
     0:       75.000      166.000      225.000
M:
     0:        0.000        0.000        0.000        0.000        0.000
     5:        0.000
