File: C:\MED-PC IV\DATA\!2023-03-05_18h44m.Subject DF21


Start Date: 03/05/23
End Date: 03/06/23
Subject: DF21
Experiment: delayed_acquisition
Group: 1
Box: 1
Start Time: 18:44:31
End Time:  6:57:37
MSN: Delayed_Acquisition2_w_magmacro
G:       0.000
H:       0.000
I:       0.000
J:       0.000
K:       0.000
N:       0.000
O:       0.000
P:       0.000
Q:       0.000
R:       0.000
S:       0.000
T:       0.000
U:       0.000
V:       0.000
W:       0.000
X:       0.000
Y:       0.000
Z:       0.000
A:
     0:        2.000       60.000  4320000.000        1.000        0.000
     5:        1.000    96000.000        0.000       10.000        0.000
    10:        0.000        0.000        0.000        0.000        0.000
    15:        0.000        0.000        0.000        0.000        0.000
    20:        0.000        0.000        0.000        0.000        0.000
    25:        0.000        0.000        0.000        0.000        0.000
    30:        0.000        0.000        0.000        0.000        0.000
    35:        0.000        0.000        0.000        0.000        0.000
    40:        0.000        0.000        0.000        0.000        0.000
    45:        0.000        0.000        0.000        0.000        0.000
    50:        0.000        0.000        0.000        0.000        0.000
    55:        0.000        0.000        0.000        0.000        0.000
    60:        0.000        0.000        0.000        0.000        0.000
    65:        0.000        0.000        0.000        0.000        0.000
    70:        0.000        0.000        0.000        0.000        0.000
    75:        0.000        0.000        0.000        0.000        0.000
    80:        0.000        0.000        0.000        0.000        0.000
    85:        0.000        0.000        0.000        0.000        0.000
    90:        0.000        0.000        0.000        0.000        0.000
    95:        0.000        0.000        0.000        0.000        0.000
   100:        0.000
B:
     0:  4320000.000  4322130.000        1.000        5.000        0.000
     5:        0.000        0.000        5.000      387.000      423.000
    10:        0.000      332.000        5.000        0.000       24.000
    15:        0.000        5.000        0.000        0.000        0.000
    20:        0.000        0.000        0.000        0.000        0.000
    25:        0.000        0.000        0.000        0.000        0.000
    30:        1.652        0.000        0.000       50.000        0.000
    35:        0.000        0.000        0.000        0.000        0.000
    40:        0.000        0.000        0.000        0.000        0.000
    45:        0.000        0.000        0.000        0.000        0.000
    50:        0.000        0.000        0.000        0.000        0.000
    55:        0.000        0.000        0.000        0.000        0.000
    60:        0.000        0.000        0.000        0.000        0.000
    65:        0.000        0.000        0.000        0.000        0.000
    70:        0.000        0.000        0.000        0.000        0.000
    75:        0.000        0.000        0.000        0.000        0.000
    80:        0.000        0.000        0.000        0.000        0.000
    85:        0.000        0.000        0.000        0.000        0.000
    90:        0.000        0.000        0.000        0.000        0.000
    95:        0.000        0.000        0.000        0.000        0.000
   100:        0.000
C:
     0:      224.300     2114.300     7446.300    10548.300    10829.100
     5:   106830.200   106830.200   106830.200   106830.200   106830.200
    10:   106830.200   106830.200   106830.200   106830.200   106830.200
    15:   107535.300   107543.300   107549.300   108709.300   108721.300
    20:   108727.300   108737.300   108752.300   108761.300   108782.300
    25:   108803.300   108811.300   108822.300   108831.300   108845.300
    30:   108854.300   108864.300   108871.300   108883.300   108892.300
    35:   108904.300   108937.300   108948.300   108960.300   108982.300
    40:   108992.300   110393.300   110430.300   110453.300   121034.300
    45:   128169.300   132054.300   132078.300   199548.300   204167.300
    50:   212172.100   308173.200   308173.200   308173.200   308173.200
    55:   308173.200   308173.200   308173.200   308173.200   308173.200
    60:   308173.200   308587.300   308617.300   308658.300   309636.300
    65:   310126.300   310148.300   310706.300   314194.300   326488.300
    70:   326511.300   326691.300   326813.300   348976.300   354275.300
    75:   401102.300   431227.300   433373.300   437191.300   437635.300
    80:   593536.300   600957.300   600965.300   622242.300   622327.300
    85:   622545.300   625069.300   625284.300   625506.300   625544.300
    90:   625595.300   625614.300   626236.300   626505.300   626525.300
    95:   626550.300   626604.300   626639.300   626649.300   626660.300
   100:   626710.300   626725.300   626763.300   626786.300   660667.300
   105:   723768.300   723812.300   829741.300   829756.300   847077.300
   110:   847411.300   848842.300   861080.300   999528.300  1006514.300
   115:  1071823.300  1102805.300  1124749.300  1125073.300  1125113.300
   120:  1125140.300  1125172.300  1125225.300  1125275.300  1125308.300
   125:  1125434.300  1125503.300  1125709.300  1125711.300  1125739.300
   130:  1125760.300  1125907.300  1126500.300  1126505.300  1126514.300
   135:  1126670.300  1126690.300  1126704.300  1126737.300  1127153.300
   140:  1127194.300  1127220.300  1127232.300  1127596.300  1127603.300
   145:  1127842.300  1128396.300  1128399.300  1128416.300  1128559.300
   150:  1128581.300  1128828.300  1128845.300  1128889.300  1128972.300
   155:  1129092.300  1129111.300  1129341.300  1129362.300  1129429.300
   160:  1129439.300  1129471.300  1130157.300  1130297.300  1130300.300
   165:  1130386.300  1130443.300  1130468.300  1130482.300  1130501.300
   170:  1130782.300  1130850.300  1131066.300  1131073.300  1131084.300
   175:  1131121.300  1131143.300  1131157.300  1131299.300  1131501.300
   180:  1131517.300  1131558.300  1131585.300  1131627.300  1131651.300
   185:  1131666.300  1131671.300  1131903.300  1131981.300  1132385.300
   190:  1132536.300  1132565.300  1132732.300  1132762.300  1132837.300
   195:  1137651.300  1138194.300  1138276.300  1138481.300  1138524.300
   200:  1138620.300  1138633.300  1138653.300  1146684.100  1242685.200
   205:  1242685.200  1242685.200  1242685.200  1242685.200  1242685.200
   210:  1242685.200  1242685.200  1242685.200  1242685.200  1245458.300
   215:  1245855.300  1245877.300  1245884.300  1245891.300  1245947.300
   220:  1245970.300  1246044.300  1246059.300  1246525.300  1246533.300
   225:  1246558.300  1246570.300  1246576.300  1246591.300  1246600.300
   230:  1246614.300  1246620.300  1246636.300  1246642.300  1246656.300
   235:  1246771.300  1251899.300  1251907.300  1251938.300  1294238.300
   240:  1311937.300  1391214.300  1419050.300  1426662.300  1451956.300
   245:  1743720.300  1830621.300  1831004.300  1831465.300  1831479.300
   250:  2251534.300  2251538.300  2265503.300  2268501.300  2269156.300
   255:  2269159.300  2269178.300  2269192.300  2269207.300  2269212.300
   260:  2269288.300  2269322.300  2269337.300  2274175.300  2274290.300
   265:  2274428.300  2393472.300  2393831.300  2414155.300  2415512.300
   270:  2415639.300  2415722.300  2415736.300  2415784.300  2415979.300
   275:  2416028.300  2416031.300  2416040.300  2416061.300  2416100.300
   280:  2416129.300  2416309.300  2416318.300  2416328.300  2416337.300
   285:  2416371.300  2416377.300  2416410.300  2416435.300  2416459.300
   290:  2416666.300  2416680.300  2416712.300  2416744.300  2416761.300
   295:  2416806.300  2416847.300  2417043.300  2417070.300  2417347.300
   300:  2474423.300  2509313.300  2509853.300  2653300.300  2653596.300
   305:  3030636.300  3044876.300  3133255.300  3135347.300  3376530.300
   310:  3376730.300  3376756.300  3376961.300  3377001.300  3377024.300
   315:  3378331.300  3384771.100  3480772.200  3480772.200  3480772.200
   320:  3480772.200  3480772.200  3480772.200  3480772.200  3480772.200
   325:  3480772.200  3480772.200  3481042.300  3481069.300  3481108.300
   330:  3481137.300  3483973.300  3484657.300  3484671.300  3486470.300
   335:  3486713.300  3486742.300  3486932.300  3487372.300  3496015.300
   340:  3496157.300  3504906.300  3504927.300  3505220.300  3526591.300
   345:  3526614.300  3619534.300  3636588.300  3637285.300  3637420.300
   350:  3637560.300  3637655.300  3637833.300  3669128.300  3794756.100
   355:  3890757.200  3890757.200  3890757.200  3890757.200  3890757.200
   360:  3890757.200  3890757.200  3890757.200  3890757.200  3890757.200
   365:  3891294.300  3891324.300  3891349.300  3891359.300  3893149.300
   370:  3893590.300  3894243.300  3894658.300  3894692.300  3896346.300
   375:  3896353.300  3896364.300  3896483.300  3899784.300  3900121.300
   380:  3963678.300  3964344.300  4161711.300  4161842.300  4172390.300
   385:  4185637.300  4205413.300
D:
     0:        0.111      224.600     2114.600     7446.600    10548.600
     5:    10829.200    22396.650    22846.650    23238.650    24829.650
    10:    25005.650    25072.650    32880.650    34821.650    37452.650
    15:    37544.650    40247.650    45890.650    47129.650    89937.650
    20:   106830.400   106875.410   106924.410   106969.410   107018.410
    25:   107054.610   107063.410   107112.410   107157.410   107206.410
    30:   107251.410   107256.420   107961.600   107969.600   107975.600
    35:   109135.600   109147.600   109153.600   109163.600   109178.600
    40:   109187.600   109208.600   109229.600   109237.600   109248.600
    45:   109257.600   109271.600   109280.600   109290.600   109297.600
    50:   109309.600   109318.600   109330.600   109363.600   109374.600
    55:   109386.600   109408.600   109418.600   110819.600   110856.600
    60:   110879.600   121460.600   128595.600   132480.600   132504.600
    65:   199974.600   204593.600   212598.200   212714.650   308599.400
    70:   308644.410   308693.410   308738.410   308782.610   308787.410
    75:   308832.410   308881.410   308926.410   308975.410   309020.410
    80:   309025.420   309439.600   309469.600   309510.600   310488.600
    85:   310978.600   311000.600   311558.600   315046.600   327340.600
    90:   327363.600   327543.600   327665.600   349828.600   355127.600
    95:   401954.600   432079.600   434225.600   438043.600   438487.600
   100:   594388.600   601809.600   601817.600   623094.600   623179.600
   105:   623397.600   625921.600   626136.600   626358.600   626396.600
   110:   626447.600   626466.600   627088.600   627357.600   627377.600
   115:   627402.600   627456.600   627491.600   627501.600   627512.600
   120:   627562.600   627577.600   627615.600   627638.600   661519.600
   125:   724620.600   724664.600   830593.600   830608.600   847929.600
   130:   848263.600   849694.600   861932.600  1000380.600  1007366.600
   135:  1072675.600  1103657.600  1125601.600  1125925.600  1125965.600
   140:  1125992.600  1126024.600  1126077.600  1126127.600  1126160.600
   145:  1126286.600  1126355.600  1126561.600  1126563.600  1126591.600
   150:  1126612.600  1126759.600  1127352.600  1127357.600  1127366.600
   155:  1127522.600  1127542.600  1127556.600  1127589.600  1128005.600
   160:  1128046.600  1128072.600  1128084.600  1128448.600  1128455.600
   165:  1128694.600  1129248.600  1129251.600  1129268.600  1129411.600
   170:  1129433.600  1129680.600  1129697.600  1129741.600  1129824.600
   175:  1129944.600  1129963.600  1130193.600  1130214.600  1130281.600
   180:  1130291.600  1130323.600  1131009.600  1131149.600  1131152.600
   185:  1131238.600  1131295.600  1131320.600  1131334.600  1131353.600
   190:  1131634.600  1131702.600  1131918.600  1131925.600  1131936.600
   195:  1131973.600  1131995.600  1132009.600  1132151.600  1132353.600
   200:  1132369.600  1132410.600  1132437.600  1132479.600  1132503.600
   205:  1132518.600  1132523.600  1132755.600  1132833.600  1133237.600
   210:  1133388.600  1133417.600  1133584.600  1133614.600  1133689.600
   215:  1138503.600  1139046.600  1139128.600  1139333.600  1139376.600
   220:  1139472.600  1139485.600  1139505.600  1147536.200  1153699.650
   225:  1157463.650  1177815.650  1177931.650  1177962.650  1178043.650
   230:  1195903.650  1195955.650  1243537.400  1243582.410  1243631.410
   235:  1243676.410  1243700.610  1243725.410  1243770.410  1243819.410
   240:  1243864.410  1243913.410  1243958.410  1243963.420  1246736.600
   245:  1247133.600  1247155.600  1247162.600  1247169.600  1247225.600
   250:  1247248.600  1247322.600  1247337.600  1247803.600  1247811.600
   255:  1247836.600  1247848.600  1247854.600  1247869.600  1247878.600
   260:  1247892.600  1247898.600  1247914.600  1247920.600  1247934.600
   265:  1248049.600  1253177.600  1253185.600  1253216.600  1295516.600
   270:  1313215.600  1392492.600  1420328.600  1427940.600  1453234.600
   275:  1744998.600  1831899.600  1832282.600  1832743.600  1832757.600
   280:  2252812.600  2252816.600  2266781.600  2269779.600  2270434.600
   285:  2270437.600  2270456.600  2270470.600  2270485.600  2270490.600
   290:  2270566.600  2270600.600  2270615.600  2275453.600  2275568.600
   295:  2275706.600  2394750.600  2395109.600  2415433.600  2416790.600
   300:  2416917.600  2417000.600  2417014.600  2417062.600  2417257.600
   305:  2417306.600  2417309.600  2417318.600  2417339.600  2417378.600
   310:  2417407.600  2417587.600  2417596.600  2417606.600  2417615.600
   315:  2417649.600  2417655.600  2417688.600  2417713.600  2417737.600
   320:  2417944.600  2417958.600  2417990.600  2418022.600  2418039.600
   325:  2418084.600  2418125.600  2418321.600  2418348.600  2418625.600
   330:  2475701.600  2510591.600  2511131.600  2654578.600  2654874.600
   335:  3031914.600  3046154.600  3134533.600  3136625.600  3377808.600
   340:  3378008.600  3378034.600  3378239.600  3378279.600  3378302.600
   345:  3379609.600  3386049.200  3482050.400  3482095.410  3482144.410
   350:  3482189.410  3482195.610  3482238.410  3482283.410  3482332.410
   355:  3482377.410  3482426.410  3482471.410  3482476.420  3482746.600
   360:  3482773.600  3482812.600  3482841.600  3485677.600  3486361.600
   365:  3486375.600  3488174.600  3488417.600  3488446.600  3488636.600
   370:  3489076.600  3497719.600  3497861.600  3506610.600  3506631.600
   375:  3506924.600  3528295.600  3528318.600  3621238.600  3638292.600
   380:  3638989.600  3639124.600  3639264.600  3639359.600  3639537.600
   385:  3670832.600  3796460.200  3816763.650  3892461.400  3892506.410
   390:  3892555.410  3892577.610  3892600.410  3892649.410  3892694.410
   395:  3892743.410  3892788.410  3892837.410  3892882.410  3892887.420
   400:  3893424.600  3893454.600  3893479.600  3893489.600  3895279.600
   405:  3895720.600  3896373.600  3896788.600  3896822.600  3898476.600
   410:  3898483.600  3898494.600  3898613.600  3901914.600  3902251.600
   415:  3965808.600  3966474.600  4163841.600  4163972.600  4174520.600
   420:  4187767.600  4207543.600  4322130.999
E:
     0:        5.200       16.300       28.800       43.200       59.900
     5:       80.100      105.300      139.300      191.600      330.300
F:
     0:        0.000        0.000        0.000        0.000        0.000
     5:        0.000
L:
     0:      223.000      182.000      162.000      144.000      115.000
M:
     0:        0.000        0.000        0.000        0.000        0.000
     5:        0.000
