File: C:\MED-PC IV\DATA\!2023-03-07_18h55m.Subject DF21


Start Date: 03/07/23
End Date: 03/08/23
Subject: DF21
Experiment: delayed_acquisition
Group: 1
Box: 1
Start Time: 18:55:46
End Time:  7:12:02
MSN: Delayed_Acquisition2_w_magmacro
G:       0.000
H:       0.000
I:       0.000
J:       0.000
K:       0.000
N:       0.000
O:       0.000
P:       0.000
Q:       0.000
R:       0.000
S:       0.000
T:       0.000
U:       0.000
V:       0.000
W:       0.000
X:       0.000
Y:       0.000
Z:       0.000
A:
     0:        2.000       60.000  4320000.000        1.000        0.000
     5:        1.000    96000.000        0.000       10.000        0.000
    10:        0.000        0.000        0.000        0.000        0.000
    15:        0.000        0.000        0.000        0.000        0.000
    20:        0.000        0.000        0.000        0.000        0.000
    25:        0.000        0.000        0.000        0.000        0.000
    30:        0.000        0.000        0.000        0.000        0.000
    35:        0.000        0.000        0.000        0.000        0.000
    40:        0.000        0.000        0.000        0.000        0.000
    45:        0.000        0.000        0.000        0.000        0.000
    50:        0.000        0.000        0.000        0.000        0.000
    55:        0.000        0.000        0.000        0.000        0.000
    60:        0.000        0.000        0.000        0.000        0.000
    65:        0.000        0.000        0.000        0.000        0.000
    70:        0.000        0.000        0.000        0.000        0.000
    75:        0.000        0.000        0.000        0.000        0.000
    80:        0.000        0.000        0.000        0.000        0.000
    85:        0.000        0.000        0.000        0.000        0.000
    90:        0.000        0.000        0.000        0.000        0.000
    95:        0.000        0.000        0.000        0.000        0.000
   100:        0.000
B:
     0:  4320000.000  4322130.000        1.000        5.000        0.000
     5:        0.000        0.000        5.000      235.000      294.000
    10:        0.000      180.000        5.000        2.000       45.000
    15:        0.000        5.000        0.000        0.000        0.000
    20:        0.000        0.000        0.000        0.000        0.000
    25:        0.000        0.000        0.000        0.000        0.000
    30:        1.092        0.000        0.000       50.000        0.000
    35:        0.000        0.000        0.000        0.000        0.000
    40:        0.000        0.000        0.000        0.000        0.000
    45:        0.000        0.000        0.000        0.000        0.000
    50:        0.000        0.000        0.000        0.000        0.000
    55:        0.000        0.000        0.000        0.000        0.000
    60:        0.000        0.000        0.000        0.000        0.000
    65:        0.000        0.000        0.000        0.000        0.000
    70:        0.000        0.000        0.000        0.000        0.000
    75:        0.000        0.000        0.000        0.000        0.000
    80:        0.000        0.000        0.000        0.000        0.000
    85:        0.000        0.000        0.000        0.000        0.000
    90:        0.000        0.000        0.000        0.000        0.000
    95:        0.000        0.000        0.000        0.000        0.000
   100:        0.000
C:
     0:      166.300      434.100    96435.200    96435.200    96435.200
     5:    96435.200    96435.200    96435.200    96435.200    96435.200
    10:    96435.200    96435.200    96638.300    97236.300    97632.300
    15:    97659.300    97668.300    97671.300    98096.300    99107.300
    20:    99310.300    99816.300    99832.300    99844.300    99868.300
    25:   100002.300   103883.300   118501.300   124125.300   126560.300
    30:   134019.300   135451.100   231452.200   231452.200   231452.200
    35:   231452.200   231452.200   231452.200   231452.200   231452.200
    40:   231452.200   231452.200   231673.300   231687.300   231698.300
    45:   231711.300   231722.300   231739.300   231764.300   232298.300
    50:   232925.300   232981.300   232998.300   233019.300   233023.300
    55:   233619.300   233646.300   233669.300   233688.300   235285.300
    60:   235312.300   235348.300   235370.300   236796.300   242648.300
    65:   250450.300   250842.300   286955.300   354530.300   354599.300
    70:   363640.300   455904.300   520011.300   531478.300   539120.300
    75:   539192.300   548583.300   605049.300   614214.300   644216.300
    80:   644355.300   671959.300  1360845.100  1456846.200  1456846.200
    85:  1456846.200  1456846.200  1456846.200  1456846.200  1456846.200
    90:  1456846.200  1456846.200  1456846.200  1457656.300  1457681.300
    95:  1457707.300  1457718.300  1457744.300  1457768.300  1458258.300
   100:  1458796.300  1458816.300  1458861.300  1458871.300  1458883.300
   105:  1458889.300  1458930.300  1459306.300  1459381.300  1460752.300
   110:  1460775.300  1460826.300  1460835.300  1461264.300  1461281.300
   115:  1461292.300  1461303.300  1461940.300  1462180.300  1466700.300
   120:  1466725.300  1466822.300  1963339.300  2020826.300  2024887.100
   125:  2120888.200  2120888.200  2120888.200  2120888.200  2120888.200
   130:  2120888.200  2120888.200  2120888.200  2120888.200  2120888.200
   135:  2121095.300  2121148.300  2122436.300  2122715.300  2122726.300
   140:  2123233.300  2123520.300  2123630.300  2123921.300  2123943.300
   145:  2123964.300  2123983.300  2124245.300  2124525.300  2124801.300
   150:  2125049.300  2128118.300  2167441.300  2183258.300  2183797.300
   155:  2618206.300  2618379.300  2639920.100  2735921.200  2735921.200
   160:  2735921.200  2735921.200  2735921.200  2735921.200  2735921.200
   165:  2735921.200  2735921.200  2735921.200  2736017.300  2738349.300
   170:  2739070.300  2739485.300  2739494.300  2740044.300  2740376.300
   175:  2742693.300  2743370.300  2743430.300  2743449.300  2746540.300
   180:  2756832.300  2757335.300  2871842.300  2881279.300  2881361.300
   185:  2881414.300  2881750.300  2881763.300  2881775.300  2881863.300
   190:  2881908.300  2882041.300  2882057.300  2882133.300  2882162.300
   195:  2882210.300  2882425.300  2882428.300  2882477.300  2884941.300
   200:  2912401.300  3012129.300  3012529.300  3097522.300  3098344.300
   205:  3104670.300  3104678.300  3104741.300  3104752.300  3104774.300
   210:  3105436.300  3105567.300  3105588.300  3131375.300  3180465.300
   215:  3183361.300  3221508.300  3270958.300  3366138.300  3486462.300
   220:  3486800.300  3557808.300  3563277.300  3581919.300  3591426.300
   225:  3646222.300  3666281.300  3899194.300  3899197.300  3949812.300
   230:  3950170.300  4020690.300  4022265.300  4022371.300  4308257.300
D:
     0:        0.111      166.600      434.200     9471.650     9632.650
     5:    23511.650    27456.650    27693.650    28195.650    28204.650
    10:    28209.650    28250.650    28266.650    28304.650    28307.650
    15:    28320.650    28339.650    28345.650    28358.650    28364.650
    20:    28375.650    28381.650    28392.650    31328.650    31505.650
    25:    39725.650    39810.650    96435.400    96480.410    96523.610
    30:    96529.410    96574.410    96623.410    96668.410    96717.410
    35:    96762.410    96811.410    96856.410    96861.420    97064.600
    40:    97662.600    98058.600    98085.600    98094.600    98097.600
    45:    98522.600    99533.600    99736.600   100242.600   100258.600
    50:   100270.600   100294.600   100428.600   104309.600   118927.600
    55:   124551.600   126986.600   134445.600   135877.200   191227.650
    60:   201360.650   231546.650   231878.400   231923.410   231953.610
    65:   231972.410   232017.410   232066.410   232111.410   232160.410
    70:   232205.410   232254.410   232299.410   232304.420   232525.600
    75:   232539.600   232550.600   232563.600   232574.600   232591.600
    80:   232616.600   233150.600   233777.600   233833.600   233850.600
    85:   233871.600   233875.600   234471.600   234498.600   234521.600
    90:   234540.600   236137.600   236164.600   236200.600   236222.600
    95:   237648.600   243500.600   251302.600   251694.600   287807.600
   100:   355382.600   355451.600   364492.600   456756.600   520863.600
   105:   532330.600   539972.600   540044.600   549435.600   605901.600
   110:   615066.600   645068.600   645207.600   672811.600  1361697.200
   115:  1365792.650  1366532.650  1367864.650  1368276.650  1371613.650
   120:  1371650.650  1371715.650  1377205.250  1386641.650  1388858.650
   125:  1390840.650  1390879.650  1391086.650  1391431.650  1391445.650
   130:  1391512.650  1391646.650  1457698.400  1457743.410  1457792.410
   135:  1457837.410  1457851.610  1457886.410  1457931.410  1457980.410
   140:  1458025.410  1458074.410  1458119.410  1458124.420  1458934.600
   145:  1458959.600  1458985.600  1458996.600  1459022.600  1459046.600
   150:  1459536.600  1460074.600  1460094.600  1460139.600  1460149.600
   155:  1460161.600  1460167.600  1460208.600  1460584.600  1460659.600
   160:  1462030.600  1462053.600  1462104.600  1462113.600  1462542.600
   165:  1462559.600  1462570.600  1462581.600  1463218.600  1463458.600
   170:  1467978.600  1468003.600  1468100.600  1964617.600  2022104.600
   175:  2026165.200  2026577.650  2026674.650  2122166.400  2122211.410
   180:  2122260.410  2122289.610  2122305.410  2122354.410  2122399.410
   185:  2122448.410  2122493.410  2122542.410  2122587.410  2122592.420
   190:  2122799.600  2122852.600  2124140.600  2124419.600  2124430.600
   195:  2124937.600  2125224.600  2125334.600  2125625.600  2125647.600
   200:  2125668.600  2125687.600  2125949.600  2126229.600  2126505.600
   205:  2126753.600  2129822.600  2169145.600  2184962.600  2185501.600
   210:  2619910.600  2620083.600  2641624.200  2641824.250  2737625.400
   215:  2737670.410  2737719.410  2737737.610  2737764.410  2737813.410
   220:  2737858.410  2737907.410  2737952.410  2738001.410  2738046.410
   225:  2738051.420  2738147.600  2740479.600  2741200.600  2741615.600
   230:  2741624.600  2742174.600  2742506.600  2744823.600  2745500.600
   235:  2745560.600  2745579.600  2748670.600  2758962.600  2759465.600
   240:  2873972.600  2883409.600  2883491.600  2883544.600  2883880.600
   245:  2883893.600  2883905.600  2883993.600  2884038.600  2884171.600
   250:  2884187.600  2884263.600  2884292.600  2884340.600  2884555.600
   255:  2884558.600  2884607.600  2887071.600  2914531.600  3014259.600
   260:  3014659.600  3099652.600  3100474.600  3106800.600  3106808.600
   265:  3106871.600  3106882.600  3106904.600  3107566.600  3107697.600
   270:  3107718.600  3133505.600  3182595.600  3185491.600  3223638.600
   275:  3273088.600  3368268.600  3488592.600  3488930.600  3559938.600
   280:  3565407.600  3584049.600  3593556.600  3648352.600  3668411.600
   285:  3901324.600  3901327.600  3951942.600  3952300.600  4022820.600
   290:  4024395.600  4024501.600  4310387.600  4322130.999
E:
     0:        5.200       16.300       28.800       43.200       59.900
     5:       80.100      105.300      139.300      191.600      330.300
F:
     0:        0.000        0.000        0.000        0.000        0.000
     5:        0.000
L:
     0:       87.000       74.000      152.000      122.000      111.000
M:
     0:        0.000        0.000        0.000        0.000        0.000
     5:        0.000
