File: C:\MED-PC IV\DATA\!2023-03-07_18h55m.Subject DF22


Start Date: 03/07/23
End Date: 03/08/23
Subject: DF22
Experiment: delayed_acquisition
Group: 1
Box: 2
Start Time: 18:55:46
End Time:  7:16:38
MSN: Delayed_Acquisition2_w_magmacro
G:       0.000
H:       0.000
I:       0.000
J:       0.000
K:       0.000
N:       0.000
O:       0.000
P:       0.000
Q:       0.000
R:       0.000
S:       0.000
T:       0.000
U:       0.000
V:       0.000
W:       0.000
X:       0.000
Y:       0.000
Z:       0.000
A:
     0:        2.000       60.000  4320000.000        2.000        0.000
     5:        1.000    96000.000        0.000       10.000        0.000
    10:        0.000        0.000        0.000        0.000        0.000
    15:        0.000        0.000        0.000        0.000        0.000
    20:        0.000        0.000        0.000        0.000        0.000
    25:        0.000        0.000        0.000        0.000        0.000
    30:        0.000        0.000        0.000        0.000        0.000
    35:        0.000        0.000        0.000        0.000        0.000
    40:        0.000        0.000        0.000        0.000        0.000
    45:        0.000        0.000        0.000        0.000        0.000
    50:        0.000        0.000        0.000        0.000        0.000
    55:        0.000        0.000        0.000        0.000        0.000
    60:        0.000        0.000        0.000        0.000        0.000
    65:        0.000        0.000        0.000        0.000        0.000
    70:        0.000        0.000        0.000        0.000        0.000
    75:        0.000        0.000        0.000        0.000        0.000
    80:        0.000        0.000        0.000        0.000        0.000
    85:        0.000        0.000        0.000        0.000        0.000
    90:        0.000        0.000        0.000        0.000        0.000
    95:        0.000        0.000        0.000        0.000        0.000
   100:        0.000
B:
     0:  4320000.000  4321278.000        1.000        4.000        0.000
     5:        0.000        0.000        4.000     1564.000     1785.000
    10:        0.000     1529.000        3.000        2.000      211.000
    15:        0.000        3.000        0.000        0.000        0.000
    20:        0.000        0.000        0.000        0.000        0.000
    25:        0.000        0.000        0.000        0.000        0.000
    30:        0.947        1.000        0.000       31.000        0.000
    35:        0.000        0.000        0.000        0.000        0.000
    40:        0.000        0.000        0.000        0.000        0.000
    45:        0.000        0.000        0.000        0.000        0.000
    50:        0.000        0.000        0.000        0.000        0.000
    55:        0.000        0.000        0.000        0.000        0.000
    60:        0.000        0.000        0.000        0.000        0.000
    65:        0.000        0.000        0.000        0.000        0.000
    70:        0.000        0.000        0.000        0.000        0.000
    75:        0.000        0.000        0.000        0.000        0.000
    80:        0.000        0.000        0.000        0.000        0.000
    85:        0.000        0.000        0.000        0.000        0.000
    90:        0.000        0.000        0.000        0.000        0.000
    95:        0.000        0.000        0.000        0.000        0.000
   100:        0.000
C:
     0:      249.300     1820.300     3543.300     5178.300     8106.300
     5:    26885.300    28005.300    28773.300    29529.300    30024.300
    10:    37300.300    37350.300    39647.300    40130.300    49266.300
    15:    49288.300    50388.100   146389.200   146389.200   146389.200
    20:   146389.200   146389.200   146389.200   146389.200   146389.200
    25:   146389.200   146389.200   150466.300   150490.300   150508.300
    30:   150605.300   152109.300   152491.300   156319.300   160248.300
    35:   161090.300   161641.300   161709.300   166438.300   167845.300
    40:   168995.300   172339.300   172382.300   173490.300   175964.300
    45:   177474.300   178682.300   180589.300   182506.300   182528.300
    50:   182917.300   187897.300   188925.300   191619.300   194195.300
    55:   198840.300   198872.300   202307.300   205031.300   210433.300
    60:   210475.300   211885.300   212754.300   217153.300   217311.300
    65:   217843.300   218326.300   253676.300   254861.300   254889.300
    70:   268402.300   269260.300   270147.300   271053.300   271620.300
    75:   271908.300   274359.300   277231.300   277897.300   278342.300
    80:   278636.300   279589.300   279753.300   279826.300   280351.300
    85:   280393.300   286270.300   287623.300   288255.300   288870.300
    90:   289363.300   290679.300   292515.300   293168.300   293638.300
    95:   293842.300   294830.300   294967.300   298114.300   300206.300
   100:   300274.300   300961.300   302148.300   304053.300   307840.300
   105:   307896.300   307972.300   309383.300   309565.300   309713.300
   110:   309811.300   309862.300   310926.300   311080.300   311477.300
   115:   311824.300   318888.300   319835.300   322595.300   325158.300
   120:   326165.300   326206.300   326635.300   326792.300   327574.300
   125:   334590.300   334650.300   335885.300   336032.300   348705.300
   130:   356872.300   361869.300   363260.300   363532.300   366157.300
   135:   369608.300   370323.300   371203.300   371246.300   371323.300
   140:   376330.300   376377.300   376519.300   380342.300   384047.300
   145:   384080.300   384847.300   385395.300   390982.300   391705.300
   150:   391840.300   396850.300   397898.300   399751.300   401355.300
   155:   401467.300   409596.300   410806.300   411332.300   411429.300
   160:   411656.300   415490.300   417340.300   417414.300   418347.300
   165:   418474.300   419230.300   419270.300   419328.300   419356.300
   170:   419551.300   419559.300   419610.300   419651.300   441967.300
   175:   442147.300   442199.300   442452.300   442498.300   442644.300
   180:   443586.300   444641.300   444823.300   445527.300   449761.300
   185:   449805.300   451270.300   451286.300   452491.300   452871.300
   190:   452929.300   462203.300   462893.300   487535.300   488051.300
   195:   488576.300   489359.300   489407.300   490991.300   491044.300
   200:   491988.300   492200.300   496624.300   496914.300   497035.300
   205:   498842.300   500646.300   501065.300   501904.300   504649.300
   210:   504704.300   506736.300   529836.300   551604.300   561678.300
   215:   565939.300   565990.300   567801.300   568563.300   568698.300
   220:   568805.300   569314.300   598441.300   598574.300   598755.300
   225:   599516.300   599564.300   599570.300   599623.300   599671.300
   230:   600209.300   601505.300   601604.300   606668.300   606981.300
   235:   607029.300   609000.300   610069.300   611367.300   643923.300
   240:   646999.300   647680.300   650328.300   651545.300   651639.300
   245:   654402.300   654464.300   654685.300   680412.300   681502.300
   250:   682686.300   682738.300   682793.300   683491.300   683920.300
   255:   684234.300   692006.300   692030.300   705244.300   705484.300
   260:   705600.300   705654.300   706196.300   707020.300   707064.300
   265:   707886.300   707937.300   708153.300   708173.300   735913.300
   270:   736814.300   736861.300   737535.300   738277.300   739070.300
   275:   740020.300   740685.300   740719.300   741302.300   741463.300
   280:   748184.300   758163.300   763813.300   765480.300   768119.300
   285:   774327.300   775110.300   775117.300   775239.300   775383.300
   290:   794834.300   796174.300   796643.300   797505.300   797770.300
   295:   798807.300   798890.300   799621.300   800125.300   801057.300
   300:   812179.300   812196.300   812219.300   813155.300   813178.300
   305:   814077.300   814582.300   815082.300   815126.300   815634.300
   310:   816351.300   817173.300   817223.300   817679.300   820835.300
   315:   821931.300   822075.300   822103.300   854646.300   854688.300
   320:   862825.300   863046.300   863677.300   900347.300   900775.300
   325:   901630.300   903533.300   905025.300   905963.300   907757.300
   330:   909945.300   910130.300   910936.300   911005.300   911479.300
   335:   913280.300   913417.300   914429.300   914506.300   914879.300
   340:   915056.300   919500.300   919957.300   925614.300   925731.300
   345:   926086.300   926503.300   928293.300   929165.300   929883.300
   350:   929962.300   931130.300   933095.300   934389.300   935571.300
   355:   936499.300   936562.300   966179.300   966236.300   967287.300
   360:   967315.300   982270.300   983235.300   985077.300   986773.300
   365:   987547.300   987608.300   990192.300   999896.300  1000425.300
   370:  1001030.300  1002059.300  1003193.300  1003234.300  1013843.300
   375:  1014326.300  1015108.300  1015999.300  1018105.300  1026651.300
   380:  1027866.300  1028181.300  1096575.300  1097292.300  1098549.300
   385:  1098598.300  1098700.300  1098713.300  1099515.300  1101257.300
   390:  1102062.300  1102718.300  1103133.300  1103227.300  1103806.300
   395:  1103906.300  1104428.300  1108728.300  1109725.300  1142895.300
   400:  1143611.300  1143931.300  1144020.300  1189986.300  1190833.300
   405:  1191630.300  1191653.300  1191738.300  1192369.300  1243053.300
   410:  1244202.300  1244346.300  1244631.300  1261964.300  1262539.300
   415:  1263014.300  1263326.300  1264158.300  1266497.300  1266841.300
   420:  1267941.300  1283414.300  1298279.300  1299082.300  1299141.300
   425:  1299169.300  1299790.300  1314960.300  1315516.300  1315686.300
   430:  1349277.300  1349824.300  1351111.300  1351755.300  1352911.300
   435:  1373026.300  1373811.300  1373912.300  1374371.300  1375414.300
   440:  1375935.300  1386183.300  1387210.300  1387242.300  1387344.300
   445:  1397970.300  1398196.300  1400982.300  1403113.300  1417458.300
   450:  1418587.300  1437959.300  1439077.300  1440223.300  1444364.300
   455:  1444839.300  1444929.300  1448696.300  1449419.300  1458778.300
   460:  1494982.300  1560223.300  1560487.300  1575392.300  1576612.300
   465:  1577143.300  1577795.300  1583508.300  1583583.300  1846541.300
   470:  1861572.300  1861625.300  1862875.300  1863295.300  1863580.300
   475:  1866832.300  1867220.300  1867453.300  1867630.300  1869033.300
   480:  1869787.300  1871334.300  1872171.300  1872971.300  1873367.300
   485:  1873818.300  1875188.300  1876164.300  1876755.300  1876823.300
   490:  1878066.300  1879101.300  1879772.300  1881059.300  1882884.300
   495:  1884178.300  1885643.300  1886468.300  1886669.300  1888259.300
   500:  1889550.300  1891335.300  1892673.300  1894748.300  1896243.300
   505:  1897459.300  1898932.300  1900826.300  1902781.300  1904406.300
   510:  1904526.300  1904705.300  1907027.300  1907091.300  1909876.300
   515:  1911451.300  1916045.300  1929865.300  1930718.300  1931270.300
   520:  1942720.300  1945573.300  1956646.300  1982349.300  1983065.300
   525:  1985571.300  1985809.300  1986871.300  1996110.300  1996229.300
   530:  2004915.300  2005185.300  2005251.300  2005289.300  2005504.300
   535:  2005567.300  2005580.300  2018174.300  2048681.300  2049561.300
   540:  2050763.300  2050819.300  2051868.300  2053174.300  2055836.300
   545:  2057333.300  2058901.300  2060928.300  2061375.300  2069541.300
   550:  2070606.300  2071929.300  2072806.300  2072841.300  2076013.300
   555:  2079741.300  2080452.300  2080473.300  2087579.300  2092443.300
   560:  2093469.300  2093858.300  2100177.300  2100231.300  2102358.300
   565:  2102991.300  2108240.300  2108281.300  2108332.300  2113864.300
   570:  2114373.300  2115301.300  2115639.300  2115699.300  2115859.300
   575:  2115913.300  2116793.300  2117016.300  2124340.300  2124492.300
   580:  2131092.300  2132779.300  2133226.300  2133470.300  2133877.300
   585:  2133891.300  2134378.300  2135269.300  2135333.300  2135401.300
   590:  2164274.300  2169125.300  2173700.300  2176854.300  2176908.300
   595:  2176968.300  2177279.300  2177610.300  2177974.300  2178236.300
   600:  2178420.300  2187563.300  2189001.300  2198545.300  2199950.300
   605:  2222355.300  2223714.300  2225797.300  2225830.300  2227142.300
   610:  2227889.300  2237564.300  2237607.300  2237643.300  2238440.300
   615:  2239112.300  2243849.300  2243984.300  2245421.300  2245496.300
   620:  2245524.300  2267789.300  2269155.300  2269885.300  2270268.300
   625:  2270391.300  2270893.300  2271220.300  2276229.300  2278615.300
   630:  2282481.300  2283512.300  2284632.300  2285010.300  2285462.300
   635:  2288628.300  2289579.300  2290926.300  2291025.300  2291477.300
   640:  2293959.300  2297410.300  2300480.300  2301522.300  2301565.300
   645:  2304976.300  2305509.300  2308778.300  2314687.300  2319567.300
   650:  2320597.300  2320663.300  2320830.300  2325232.300  2325283.300
   655:  2327049.300  2328487.300  2329438.300  2329505.300  2329533.300
   660:  2334032.300  2335727.300  2335736.300  2342521.300  2350375.300
   665:  2361628.300  2362836.300  2362879.300  2363367.300  2363808.300
   670:  2365809.300  2365891.300  2367997.300  2368031.300  2368153.300
   675:  2368264.300  2369391.300  2369429.300  2369535.300  2369561.300
   680:  2369607.300  2370436.300  2370481.300  2370572.300  2370740.300
   685:  2376639.300  2377152.300  2377804.300  2391592.300  2394919.300
   690:  2395056.300  2401568.300  2406336.300  2406507.300  2421540.300
   695:  2421952.300  2422658.300  2435676.300  2436348.300  2436733.300
   700:  2437705.300  2437757.300  2439163.300  2439213.300  2439235.300
   705:  2439974.300  2440072.300  2440111.300  2441193.300  2442112.300
   710:  2443877.300  2444046.300  2445134.300  2473501.300  2476541.300
   715:  2477294.300  2478414.300  2486933.300  2487000.300  2487626.300
   720:  2488366.300  2528992.300  2529205.300  2529311.300  2529324.300
   725:  2529640.300  2530164.300  2530698.300  2531567.300  2531977.300
   730:  2537373.300  2537602.300  2537809.300  2538813.300  2545337.300
   735:  2546528.300  2546724.300  2546923.300  2547519.300  2547586.300
   740:  2547643.300  2548131.300  2548261.300  2548613.300  2548637.300
   745:  2559599.300  2581543.300  2581591.300  2581695.300  2582295.300
   750:  2582474.300  2582607.300  2585432.300  2586383.300  2592999.300
   755:  2593742.300  2593873.300  2594145.300  2594244.300  2597868.300
   760:  2601924.300  2606333.300  2611730.300  2612547.300  2612559.300
   765:  2617741.300  2618802.300  2618903.300  2619129.300  2619573.300
   770:  2619894.300  2623241.300  2624146.300  2624305.300  2624335.300
   775:  2624522.300  2624573.300  2628326.300  2629180.300  2635292.300
   780:  2636111.300  2638482.300  2639350.300  2642034.300  2643522.300
   785:  2648841.300  2649666.300  2655761.300  2655876.300  2656702.300
   790:  2658373.300  2662850.300  2663673.300  2666199.300  2672761.300
   795:  2674991.300  2677676.300  2678817.300  2678929.300  2679050.300
   800:  2679056.300  2679120.300  2679814.300  2679858.300  2679901.300
   805:  2679986.300  2681067.300  2681600.300  2682329.300  2688342.300
   810:  2689451.300  2689519.300  2689559.300  2699053.300  2699857.300
   815:  2700474.300  2701679.300  2702913.300  2720536.300  2720834.300
   820:  2720874.300  2721016.300  2721710.300  2722918.300  2722933.300
   825:  2731127.300  2734294.300  2734390.300  2734439.300  2736722.300
   830:  2737139.300  2737523.300  2738151.300  2738158.300  2738188.300
   835:  2738261.300  2738267.300  2738807.300  2739410.300  2740540.300
   840:  2745899.300  2749762.300  2751237.300  2752835.300  2754140.300
   845:  2755797.300  2755867.300  2757423.300  2761069.300  2761835.300
   850:  2762352.300  2762651.300  2763981.300  2765207.300  2768644.300
   855:  2772140.300  2774623.300  2777561.300  2777800.300  2778738.300
   860:  2780207.300  2780255.300  2780935.300  2781191.300  2781530.300
   865:  2782178.300  2787999.300  2788049.300  2792227.300  2799286.300
   870:  2802092.300  2804770.300  2805817.300  2805855.300  2807454.300
   875:  2814186.300  2819764.300  2820497.300  2820741.300  2825251.300
   880:  2826914.300  2826970.300  2827030.300  2827961.300  2830607.300
   885:  2830715.300  2832178.300  2832256.300  2833998.300  2837498.300
   890:  2843289.300  2844498.300  2844523.300  2844605.300  2857221.300
   895:  2875318.300  2875921.300  2884745.300  2886155.300  2908109.300
   900:  2908999.300  2909841.300  2909965.300  2914248.300  2917028.300
   905:  2921018.300  2922893.300  2923897.300  2924092.300  2931287.300
   910:  2936616.300  2937683.300  2945281.300  2957194.300  2974762.300
   915:  2977624.300  2978296.300  2978369.300  2979027.300  2983185.300
   920:  2983701.300  2988874.300  2989656.300  2997167.300  3001824.300
   925:  3002761.300  3006987.300  3008197.300  3025574.300  3026148.300
   930:  3026260.300  3026737.300  3037123.100  3133124.200  3133124.200
   935:  3133124.200  3133124.200  3133124.200  3133124.200  3133124.200
   940:  3133124.200  3133124.200  3133124.200  3137611.300  3137642.300
   945:  3138756.300  3139433.300  3140028.300  3141452.300  3141930.300
   950:  3141986.300  3142095.300  3142237.300  3142702.300  3143278.300
   955:  3148592.300  3151049.300  3153671.300  3153707.300  3153886.300
   960:  3154599.300  3154665.300  3155369.300  3159198.300  3159338.300
   965:  3169084.300  3169336.300  3170246.300  3170478.300  3170630.300
   970:  3170649.300  3170681.300  3170688.300  3170728.300  3170783.300
   975:  3170830.300  3174132.300  3174182.300  3180042.300  3186026.300
   980:  3186067.300  3186278.300  3186759.300  3205348.300  3259112.300
   985:  3259868.300  3260847.300  3263487.300  3263545.300  3264628.300
   990:  3265642.300  3265704.300  3265821.300  3269980.300  3272142.300
   995:  3272175.300  3272918.300  3273550.300  3274807.300  3276417.300
  1000:  3277652.300  3278541.300  3283188.300  3284538.300  3284604.300
  1005:  3288597.300  3289301.300  3291078.300  3291317.300  3292311.300
  1010:  3292319.300  3292466.300  3314624.300  3314665.300  3352046.300
  1015:  3353314.300  3354490.300  3355967.300  3356139.300  3357919.300
  1020:  3359170.300  3359329.300  3360296.300  3360426.300  3361852.300
  1025:  3377956.300  3379955.300  3380149.300  3383024.300  3383038.300
  1030:  3383115.300  3383149.300  3384100.300  3384152.300  3384209.300
  1035:  3384899.300  3385806.300  3386697.300  3391485.300  3391908.300
  1040:  3392305.300  3404854.300  3410456.300  3411481.300  3411724.300
  1045:  3411818.300  3411836.300  3411856.300  3414305.300  3417722.300
  1050:  3418159.300  3418216.300  3418556.300  3418590.300  3418711.300
  1055:  3420777.300  3424671.300  3427617.300  3427639.300  3428454.300
  1060:  3429499.300  3430208.300  3433106.300  3433981.300  3434484.300
  1065:  3434580.300  3434640.300  3435665.300  3437001.300  3437083.300
  1070:  3437234.300  3437349.300  3437401.300  3437453.300  3437456.300
  1075:  3437490.300  3438225.300  3438765.300  3441910.300  3445095.300
  1080:  3448156.300  3449015.300  3449643.300  3452973.300  3453927.300
  1085:  3454197.300  3454567.300  3459584.300  3459740.300  3464819.300
  1090:  3474188.300  3474999.300  3475976.300  3476238.300  3476911.300
  1095:  3478168.300  3478338.300  3483996.300  3487354.300  3487367.300
  1100:  3487790.300  3488409.300  3488593.300  3489844.300  3491570.300
  1105:  3492533.300  3498364.300  3508034.300  3510435.300  3510555.300
  1110:  3510928.300  3511357.300  3511414.300  3511621.300  3511886.300
  1115:  3511994.300  3512059.300  3536197.300  3536283.300  3536745.300
  1120:  3544173.300  3547553.300  3547628.300  3561184.300  3561211.300
  1125:  3562238.300  3563605.300  3564678.300  3564816.300  3605966.300
  1130:  3606303.300  3606741.300  3611778.300  3632224.300  3649230.300
  1135:  3649554.300  3650761.300  3651504.300  3651741.300  3674401.300
  1140:  3675078.300  3675705.300  3685495.300  3686967.300  3690836.300
  1145:  3695679.300  3695757.300  3719199.300  3719707.300  3720748.300
  1150:  3721182.300  3721212.300  3721303.300  3721472.300  3721951.300
  1155:  3722004.300  3725628.300  3729114.300  3729779.300  3730083.300
  1160:  3730675.300  3730801.300  3731924.300  3735265.300  3736251.300
  1165:  3736354.300  3736420.300  3737349.300  3737464.300  3737508.300
  1170:  3738045.300  3741016.300  3744088.300  3744729.300  3746076.300
  1175:  3746181.300  3746510.300  3749029.300  3750022.300  3753160.300
  1180:  3753932.300  3757505.300  3758333.300  3758681.300  3758794.300
  1185:  3761330.300  3762087.300  3764844.300  3764927.300  3767536.300
  1190:  3767668.300  3770490.300  3771054.300  3776847.300  3793218.300
  1195:  3793519.300  3794384.300  3794497.300  3794625.300  3794746.300
  1200:  3821491.300  3821658.300  3826175.300  3826330.300  3826991.300
  1205:  3830407.300  3833851.300  3834026.300  3837748.300  3838448.300
  1210:  3838582.300  3839163.300  3839427.300  3839464.300  3840762.300
  1215:  3840833.300  3840901.300  3841796.300  3841881.300  3844058.300
  1220:  3844506.300  3845103.300  3847959.300  3848059.300  3849426.300
  1225:  3854055.300  3856168.300  3856811.300  3856897.300  3857678.300
  1230:  3857803.300  3857835.300  3859163.100  3955164.200  3955164.200
  1235:  3955164.200  3955164.200  3955164.200  3955164.200  3955164.200
  1240:  3955164.200  3955164.200  3955164.200  3959327.300  3960075.300
  1245:  3960456.300  3960828.300  3961011.300  3961028.300  3961038.300
  1250:  3961047.300  3961188.300  3961432.300  3961439.300  3961453.300
  1255:  3961457.300  3961521.300  3961690.300  3961951.300  3962275.300
  1260:  3962294.300  3962308.300  3962336.300  3962338.300  3962343.300
  1265:  3962449.300  3962450.300  3962627.300  3962709.300  3962862.300
  1270:  3963315.300  3963382.300  3963403.300  3963561.300  3963666.300
  1275:  3964009.300  3964011.300  3964083.300  3964426.300  3965231.300
  1280:  3965386.300  3965462.300  3965554.300  3965784.300  3966122.300
  1285:  3966149.300  3966173.300  3966249.300  3966284.300  3966320.300
  1290:  3967272.300  3967395.300  3967444.300  3967589.300  3967642.300
  1295:  3967758.300  3967824.300  3967825.300  3967856.300  3967867.300
  1300:  3967869.300  3967998.300  3968075.300  3968237.300  3968268.300
  1305:  3968341.300  3968367.300  3968425.300  3968435.300  3968502.300
  1310:  3968622.300  3968677.300  3968801.300  3968846.300  3968857.300
  1315:  3968903.300  3968946.300  3969072.300  3969076.300  3969524.300
  1320:  3969753.300  3969939.300  3969945.300  3969947.300  3970028.300
  1325:  3970043.300  3970046.300  3970055.300  3970059.300  3970066.300
  1330:  3970097.300  3970141.300  3970378.300  3970381.300  3970726.300
  1335:  3972003.300  3973192.300  3974147.300  3975290.300  3975305.300
  1340:  3975446.300  3975652.300  3975675.300  3976188.300  3976203.300
  1345:  3976207.300  3976221.300  3976225.300  3977874.300  3979092.300
  1350:  3981415.300  3982449.300  3983373.300  3983432.300  3984095.300
  1355:  3985872.300  3988877.300  3990105.300  3990908.300  3993274.300
  1360:  3995455.300  3995485.300  3995550.300  3996622.300  3998807.300
  1365:  3999248.300  3999520.300  4002834.300  4003423.300  4003559.300
  1370:  4006250.300  4007322.300  4007414.300  4007423.300  4007688.300
  1375:  4007849.300  4010122.300  4011003.300  4011424.300  4011502.300
  1380:  4011557.300  4011566.300  4011581.300  4011731.300  4011867.300
  1385:  4012514.300  4012774.300  4012864.300  4015151.300  4015650.300
  1390:  4015679.300  4015705.300  4016076.300  4016592.300  4019266.300
  1395:  4019590.300  4020546.300  4022165.300  4024345.300  4024544.300
  1400:  4024683.300  4024918.300  4025175.300  4028416.300  4028952.300
  1405:  4029681.300  4029994.300  4030013.300  4030028.300  4030196.300
  1410:  4030821.300  4031170.300  4033698.300  4034106.300  4036050.300
  1415:  4036265.300  4036372.300  4036841.300  4037389.300  4039082.300
  1420:  4039206.300  4039655.300  4039888.300  4039976.300  4042867.300
  1425:  4043639.300  4043732.300  4043774.300  4044483.300  4047957.300
  1430:  4050258.300  4050563.300  4050610.300  4050688.300  4050847.300
  1435:  4051185.300  4051225.300  4051856.300  4051911.300  4053163.300
  1440:  4054091.300  4054305.300  4054608.300  4054812.300  4055190.300
  1445:  4057557.300  4058021.300  4058081.300  4058123.300  4061069.300
  1450:  4061898.300  4061991.300  4063073.300  4063124.300  4063298.300
  1455:  4065345.300  4065693.300  4065763.300  4067880.300  4071360.300
  1460:  4071379.300  4071388.300  4073685.300  4076576.300  4076610.300
  1465:  4090029.300  4091137.300  4093891.300  4093912.300  4102315.300
  1470:  4102365.300  4119930.300  4120371.300  4120749.300  4120802.300
  1475:  4120924.300  4124316.300  4124397.300  4128154.300  4129039.300
  1480:  4131867.300  4133477.300  4134104.300  4134231.300  4142288.300
  1485:  4143310.300  4143525.300  4143636.300  4144063.300  4144679.300
  1490:  4147446.300  4147595.300  4150733.300  4150903.300  4151518.300
  1495:  4151599.300  4156703.300  4156774.300  4156825.300  4158955.300
  1500:  4165713.300  4166270.300  4168623.300  4171865.300  4172064.300
  1505:  4176434.300  4176548.300  4177235.300  4179168.300  4179550.300
  1510:  4179797.300  4179852.300  4179875.300  4182843.300  4185674.300
  1515:  4189171.300  4189946.300  4190010.300  4190391.300  4192340.300
  1520:  4192461.300  4192993.300  4197323.300  4197924.300  4200140.300
  1525:  4201976.300  4202021.300  4205529.300  4212959.300  4213525.300
  1530:  4213821.300  4213971.300  4214115.300  4214154.300  4214188.300
  1535:  4214432.300  4214617.300  4215086.300  4216384.300  4216776.300
  1540:  4217062.300  4217528.300  4217629.300  4219704.300  4219783.300
  1545:  4221523.300  4230868.300  4231100.300  4231126.300  4231153.300
  1550:  4231191.300  4231854.300  4233964.300  4234148.300  4242418.300
  1555:  4243916.300  4247167.300  4247189.300  4249422.300  4251148.300
  1560:  4251596.300  4251805.300  4252505.100  4320000.200
D:
     0:        0.111      249.600     1820.600     3543.600     5178.600
     5:     8106.600    26885.600    28005.600    28773.600    29529.600
    10:    30024.600    37300.600    37350.600    39647.600    40130.600
    15:    49266.600    49288.600    50388.200    55186.650    56732.650
    20:    57165.650    57851.650    57893.650    58940.650    58957.650
    25:    59172.650    59942.650    62761.650    62822.650    64664.650
    30:    64820.650    64888.650    64970.650    64977.650    64999.650
    35:    65052.650    65239.650    65278.650    65319.650    65323.650
    40:    66175.650    66236.650    66868.650    66902.650    67274.650
    45:    74035.650    89426.650    89981.650    91197.650    91247.650
    50:    92288.650    99996.650   101371.650   101525.650   101555.650
    55:   102505.650   103137.650   103312.650   107819.650   108050.650
    60:   119799.650   120839.650   123854.650   125227.650   125278.650
    65:   125546.650   132398.650   136906.650   146389.400   146434.410
    70:   146483.410   146521.610   146528.410   146577.410   146622.410
    75:   146671.410   146716.410   146765.410   146810.410   146815.420
    80:   150892.600   150916.600   150934.600   151031.600   152535.600
    85:   152917.600   156745.600   160674.600   161516.600   162067.600
    90:   162135.600   166864.600   168271.600   169421.600   172765.600
    95:   172808.600   173916.600   176390.600   177900.600   179108.600
   100:   181015.600   182932.600   182954.600   183343.600   188323.600
   105:   189351.600   192045.600   194621.600   199266.600   199298.600
   110:   202733.600   205457.600   210859.600   210901.600   212311.600
   115:   213180.600   217579.600   217737.600   218269.600   218752.600
   120:   254102.600   255287.600   255315.600   268828.600   269686.600
   125:   270573.600   271479.600   272046.600   272334.600   274785.600
   130:   277657.600   278323.600   278768.600   279062.600   280015.600
   135:   280179.600   280252.600   280777.600   280819.600   286696.600
   140:   288049.600   288681.600   289296.600   289789.600   291105.600
   145:   292941.600   293594.600   294064.600   294268.600   295256.600
   150:   295393.600   298540.600   300632.600   300700.600   301387.600
   155:   302574.600   304479.600   308266.600   308322.600   308398.600
   160:   309809.600   309991.600   310139.600   310237.600   310288.600
   165:   311352.600   311506.600   311903.600   312250.600   319314.600
   170:   320261.600   323021.600   325584.600   326591.600   326632.600
   175:   327061.600   327218.600   328000.600   335016.600   335076.600
   180:   336311.600   336458.600   349131.600   357298.600   362295.600
   185:   363686.600   363958.600   366583.600   370034.600   370749.600
   190:   371629.600   371672.600   371749.600   376756.600   376803.600
   195:   376945.600   380768.600   384473.600   384506.600   385273.600
   200:   385821.600   391408.600   392131.600   392266.600   397276.600
   205:   398324.600   400177.600   401781.600   401893.600   410022.600
   210:   411232.600   411758.600   411855.600   412082.600   415916.600
   215:   417766.600   417840.600   418773.600   418900.600   419656.600
   220:   419696.600   419754.600   419782.600   419977.600   419985.600
   225:   420036.600   420077.600   442393.600   442573.600   442625.600
   230:   442878.600   442924.600   443070.600   444012.600   445067.600
   235:   445249.600   445953.600   450187.600   450231.600   451696.600
   240:   451712.600   452917.600   453297.600   453355.600   462629.600
   245:   463319.600   487961.600   488477.600   489002.600   489785.600
   250:   489833.600   491417.600   491470.600   492414.600   492626.600
   255:   497050.600   497340.600   497461.600   499268.600   501072.600
   260:   501491.600   502330.600   505075.600   505130.600   507162.600
   265:   530262.600   552030.600   562104.600   566365.600   566416.600
   270:   568227.600   568989.600   569124.600   569231.600   569740.600
   275:   598867.600   599000.600   599181.600   599942.600   599990.600
   280:   599996.600   600049.600   600097.600   600635.600   601931.600
   285:   602030.600   607094.600   607407.600   607455.600   609426.600
   290:   610495.600   611793.600   644349.600   647425.600   648106.600
   295:   650754.600   651971.600   652065.600   654828.600   654890.600
   300:   655111.600   680838.600   681928.600   683112.600   683164.600
   305:   683219.600   683917.600   684346.600   684660.600   692432.600
   310:   692456.600   705670.600   705910.600   706026.600   706080.600
   315:   706622.600   707446.600   707490.600   708312.600   708363.600
   320:   708579.600   708599.600   736339.600   737240.600   737287.600
   325:   737961.600   738703.600   739496.600   740446.600   741111.600
   330:   741145.600   741728.600   741889.600   748610.600   758589.600
   335:   764239.600   765906.600   768545.600   774753.600   775536.600
   340:   775543.600   775665.600   775809.600   795260.600   796600.600
   345:   797069.600   797931.600   798196.600   799233.600   799316.600
   350:   800047.600   800551.600   801483.600   812605.600   812622.600
   355:   812645.600   813581.600   813604.600   814503.600   815008.600
   360:   815508.600   815552.600   816060.600   816777.600   817599.600
   365:   817649.600   818105.600   821261.600   822357.600   822501.600
   370:   822529.600   855072.600   855114.600   863251.600   863472.600
   375:   864103.600   900773.600   901201.600   902056.600   903959.600
   380:   905451.600   906389.600   908183.600   910371.600   910556.600
   385:   911362.600   911431.600   911905.600   913706.600   913843.600
   390:   914855.600   914932.600   915305.600   915482.600   919926.600
   395:   920383.600   926040.600   926157.600   926512.600   926929.600
   400:   928719.600   929591.600   930309.600   930388.600   931556.600
   405:   933521.600   934815.600   935997.600   936925.600   936988.600
   410:   966605.600   966662.600   967713.600   967741.600   982696.600
   415:   983661.600   985503.600   987199.600   987973.600   988034.600
   420:   990618.600  1000322.600  1000851.600  1001456.600  1002485.600
   425:  1003619.600  1003660.600  1014269.600  1014752.600  1015534.600
   430:  1016425.600  1018531.600  1027077.600  1028292.600  1028607.600
   435:  1097001.600  1097718.600  1098975.600  1099024.600  1099126.600
   440:  1099139.600  1099941.600  1101683.600  1102488.600  1103144.600
   445:  1103559.600  1103653.600  1104232.600  1104332.600  1104854.600
   450:  1109154.600  1110151.600  1143321.600  1144037.600  1144357.600
   455:  1144446.600  1190412.600  1191259.600  1192056.600  1192079.600
   460:  1192164.600  1192795.600  1243479.600  1244628.600  1244772.600
   465:  1245057.600  1262390.600  1262965.600  1263440.600  1263752.600
   470:  1264584.600  1266923.600  1267267.600  1268367.600  1283840.600
   475:  1298705.600  1299508.600  1299567.600  1299595.600  1300216.600
   480:  1315386.600  1315942.600  1316112.600  1349703.600  1350250.600
   485:  1351537.600  1352181.600  1353337.600  1373452.600  1374237.600
   490:  1374338.600  1374797.600  1375840.600  1376361.600  1386609.600
   495:  1387636.600  1387668.600  1387770.600  1398396.600  1398622.600
   500:  1401408.600  1403539.600  1417884.600  1419013.600  1438385.600
   505:  1439503.600  1440649.600  1444790.600  1445265.600  1445355.600
   510:  1449122.600  1449845.600  1459204.600  1495408.600  1560649.600
   515:  1560913.600  1575818.600  1577038.600  1577569.600  1578221.600
   520:  1583934.600  1584009.600  1846967.600  1861998.600  1862051.600
   525:  1863301.600  1863721.600  1864006.600  1867258.600  1867646.600
   530:  1867879.600  1868056.600  1869459.600  1870213.600  1871760.600
   535:  1872597.600  1873397.600  1873793.600  1874244.600  1875614.600
   540:  1876590.600  1877181.600  1877249.600  1878492.600  1879527.600
   545:  1880198.600  1881485.600  1883310.600  1884604.600  1886069.600
   550:  1886894.600  1887095.600  1888685.600  1889976.600  1891761.600
   555:  1893099.600  1895174.600  1896669.600  1897885.600  1899358.600
   560:  1901252.600  1903207.600  1904832.600  1904952.600  1905131.600
   565:  1907453.600  1907517.600  1910302.600  1911877.600  1916471.600
   570:  1930291.600  1931144.600  1931696.600  1943146.600  1945999.600
   575:  1957072.600  1982775.600  1983491.600  1985997.600  1986235.600
   580:  1987297.600  1996536.600  1996655.600  2005341.600  2005611.600
   585:  2005677.600  2005715.600  2005930.600  2005993.600  2006006.600
   590:  2018600.600  2049107.600  2049987.600  2051189.600  2051245.600
   595:  2052294.600  2053600.600  2056262.600  2057759.600  2059327.600
   600:  2061354.600  2061801.600  2069967.600  2071032.600  2072355.600
   605:  2073232.600  2073267.600  2076439.600  2080167.600  2080878.600
   610:  2080899.600  2088005.600  2092869.600  2093895.600  2094284.600
   615:  2100603.600  2100657.600  2102784.600  2103417.600  2108666.600
   620:  2108707.600  2108758.600  2114290.600  2114799.600  2115727.600
   625:  2116065.600  2116125.600  2116285.600  2116339.600  2117219.600
   630:  2117442.600  2124766.600  2124918.600  2131518.600  2133205.600
   635:  2133652.600  2133896.600  2134303.600  2134317.600  2134804.600
   640:  2135695.600  2135759.600  2135827.600  2164700.600  2169551.600
   645:  2174126.600  2177280.600  2177334.600  2177394.600  2177705.600
   650:  2178036.600  2178400.600  2178662.600  2178846.600  2187989.600
   655:  2189427.600  2198971.600  2200376.600  2222781.600  2224140.600
   660:  2226223.600  2226256.600  2227568.600  2228315.600  2237990.600
   665:  2238033.600  2238069.600  2238866.600  2239538.600  2244275.600
   670:  2244410.600  2245847.600  2245922.600  2245950.600  2268215.600
   675:  2269581.600  2270311.600  2270694.600  2270817.600  2271319.600
   680:  2271646.600  2276655.600  2279041.600  2282907.600  2283938.600
   685:  2285058.600  2285436.600  2285888.600  2289054.600  2290005.600
   690:  2291352.600  2291451.600  2291903.600  2294385.600  2297836.600
   695:  2300906.600  2301948.600  2301991.600  2305402.600  2305935.600
   700:  2309204.600  2315113.600  2319993.600  2321023.600  2321089.600
   705:  2321256.600  2325658.600  2325709.600  2327475.600  2328913.600
   710:  2329864.600  2329931.600  2329959.600  2334458.600  2336153.600
   715:  2336162.600  2342947.600  2350801.600  2362054.600  2363262.600
   720:  2363305.600  2363793.600  2364234.600  2366235.600  2366317.600
   725:  2368423.600  2368457.600  2368579.600  2368690.600  2369817.600
   730:  2369855.600  2369961.600  2369987.600  2370033.600  2370862.600
   735:  2370907.600  2370998.600  2371166.600  2377065.600  2377578.600
   740:  2378230.600  2392018.600  2395345.600  2395482.600  2401994.600
   745:  2406762.600  2406933.600  2421966.600  2422378.600  2423084.600
   750:  2436102.600  2436774.600  2437159.600  2438131.600  2438183.600
   755:  2439589.600  2439639.600  2439661.600  2440400.600  2440498.600
   760:  2440537.600  2441619.600  2442538.600  2444303.600  2444472.600
   765:  2445560.600  2473927.600  2476967.600  2477720.600  2478840.600
   770:  2487359.600  2487426.600  2488052.600  2488792.600  2529418.600
   775:  2529631.600  2529737.600  2529750.600  2530066.600  2530590.600
   780:  2531124.600  2531993.600  2532403.600  2537799.600  2538028.600
   785:  2538235.600  2539239.600  2545763.600  2546954.600  2547150.600
   790:  2547349.600  2547945.600  2548012.600  2548069.600  2548557.600
   795:  2548687.600  2549039.600  2549063.600  2560025.600  2581969.600
   800:  2582017.600  2582121.600  2582721.600  2582900.600  2583033.600
   805:  2585858.600  2586809.600  2593425.600  2594168.600  2594299.600
   810:  2594571.600  2594670.600  2598294.600  2602350.600  2606759.600
   815:  2612156.600  2612973.600  2612985.600  2618167.600  2619228.600
   820:  2619329.600  2619555.600  2619999.600  2620320.600  2623667.600
   825:  2624572.600  2624731.600  2624761.600  2624948.600  2624999.600
   830:  2628752.600  2629606.600  2635718.600  2636537.600  2638908.600
   835:  2639776.600  2642460.600  2643948.600  2649267.600  2650092.600
   840:  2656187.600  2656302.600  2657128.600  2658799.600  2663276.600
   845:  2664099.600  2666625.600  2673187.600  2675417.600  2678102.600
   850:  2679243.600  2679355.600  2679476.600  2679482.600  2679546.600
   855:  2680240.600  2680284.600  2680327.600  2680412.600  2681493.600
   860:  2682026.600  2682755.600  2688768.600  2689877.600  2689945.600
   865:  2689985.600  2699479.600  2700283.600  2700900.600  2702105.600
   870:  2703339.600  2720962.600  2721260.600  2721300.600  2721442.600
   875:  2722136.600  2723344.600  2723359.600  2731553.600  2734720.600
   880:  2734816.600  2734865.600  2737148.600  2737565.600  2737949.600
   885:  2738577.600  2738584.600  2738614.600  2738687.600  2738693.600
   890:  2739233.600  2739836.600  2740966.600  2746325.600  2750188.600
   895:  2751663.600  2753261.600  2754566.600  2756223.600  2756293.600
   900:  2757849.600  2761495.600  2762261.600  2762778.600  2763077.600
   905:  2764407.600  2765633.600  2769070.600  2772566.600  2775049.600
   910:  2777987.600  2778226.600  2779164.600  2780633.600  2780681.600
   915:  2781361.600  2781617.600  2781956.600  2782604.600  2788425.600
   920:  2788475.600  2792653.600  2799712.600  2802518.600  2805196.600
   925:  2806243.600  2806281.600  2807880.600  2814612.600  2820190.600
   930:  2820923.600  2821167.600  2825677.600  2827340.600  2827396.600
   935:  2827456.600  2828387.600  2831033.600  2831141.600  2832604.600
   940:  2832682.600  2834424.600  2837924.600  2843715.600  2844924.600
   945:  2844949.600  2845031.600  2857647.600  2875744.600  2876347.600
   950:  2885171.600  2886581.600  2908535.600  2909425.600  2910267.600
   955:  2910391.600  2914674.600  2917454.600  2921444.600  2923319.600
   960:  2924323.600  2924518.600  2931713.600  2937042.600  2938109.600
   965:  2945707.600  2957620.600  2975188.600  2978050.600  2978722.600
   970:  2978795.600  2979453.600  2983611.600  2984127.600  2989300.600
   975:  2990082.600  2997593.600  3002250.600  3003187.600  3007413.600
   980:  3008623.600  3026000.600  3026574.600  3026686.600  3027163.600
   985:  3037549.200  3039844.650  3039912.650  3044387.650  3047668.650
   990:  3052399.650  3052885.650  3055982.650  3056027.650  3056980.650
   995:  3057289.650  3062757.650  3062927.650  3063736.650  3063903.650
  1000:  3063946.650  3067969.650  3074638.650  3075518.650  3075563.650
  1005:  3075601.650  3076035.650  3087563.650  3087687.650  3126024.650
  1010:  3127304.650  3133262.650  3133550.400  3133595.410  3133633.610
  1015:  3133644.410  3133689.410  3133738.410  3133783.410  3133832.410
  1020:  3133877.410  3133926.410  3133971.410  3133976.420  3138463.600
  1025:  3138494.600  3139608.600  3140285.600  3140880.600  3142304.600
  1030:  3142782.600  3142838.600  3142947.600  3143089.600  3143554.600
  1035:  3144130.600  3149444.600  3151901.600  3154523.600  3154559.600
  1040:  3154738.600  3155451.600  3155517.600  3156221.600  3160050.600
  1045:  3160190.600  3169936.600  3170188.600  3171098.600  3171330.600
  1050:  3171482.600  3171501.600  3171533.600  3171540.600  3171580.600
  1055:  3171635.600  3171682.600  3174984.600  3175034.600  3180894.600
  1060:  3186878.600  3186919.600  3187130.600  3187611.600  3206200.600
  1065:  3259964.600  3260720.600  3261699.600  3264339.600  3264397.600
  1070:  3265480.600  3266494.600  3266556.600  3266673.600  3270832.600
  1075:  3272994.600  3273027.600  3273770.600  3274402.600  3275659.600
  1080:  3277269.600  3278504.600  3279393.600  3284040.600  3285390.600
  1085:  3285456.600  3289449.600  3290153.600  3291930.600  3292169.600
  1090:  3293163.600  3293171.600  3293318.600  3315476.600  3315517.600
  1095:  3352898.600  3354166.600  3355342.600  3356819.600  3356991.600
  1100:  3358771.600  3360022.600  3360181.600  3361148.600  3361278.600
  1105:  3362704.600  3378808.600  3380807.600  3381001.600  3383876.600
  1110:  3383890.600  3383967.600  3384001.600  3384952.600  3385004.600
  1115:  3385061.600  3385751.600  3386658.600  3387549.600  3392337.600
  1120:  3392760.600  3393157.600  3405706.600  3411308.600  3412333.600
  1125:  3412576.600  3412670.600  3412688.600  3412708.600  3415157.600
  1130:  3418574.600  3419011.600  3419068.600  3419408.600  3419442.600
  1135:  3419563.600  3421629.600  3425523.600  3428469.600  3428491.600
  1140:  3429306.600  3430351.600  3431060.600  3433958.600  3434833.600
  1145:  3435336.600  3435432.600  3435492.600  3436517.600  3437853.600
  1150:  3437935.600  3438086.600  3438201.600  3438253.600  3438305.600
  1155:  3438308.600  3438342.600  3439077.600  3439617.600  3442762.600
  1160:  3445947.600  3449008.600  3449867.600  3450495.600  3453825.600
  1165:  3454779.600  3455049.600  3455419.600  3460436.600  3460592.600
  1170:  3465671.600  3475040.600  3475851.600  3476828.600  3477090.600
  1175:  3477763.600  3479020.600  3479190.600  3484848.600  3488206.600
  1180:  3488219.600  3488642.600  3489261.600  3489445.600  3490696.600
  1185:  3492422.600  3493385.600  3499216.600  3508886.600  3511287.600
  1190:  3511407.600  3511780.600  3512209.600  3512266.600  3512473.600
  1195:  3512738.600  3512846.600  3512911.600  3537049.600  3537135.600
  1200:  3537597.600  3545025.600  3548405.600  3548480.600  3562036.600
  1205:  3562063.600  3563090.600  3564457.600  3565530.600  3565668.600
  1210:  3606818.600  3607155.600  3607593.600  3612630.600  3633076.600
  1215:  3650082.600  3650406.600  3651613.600  3652356.600  3652593.600
  1220:  3675253.600  3675930.600  3676557.600  3686347.600  3687819.600
  1225:  3691688.600  3696531.600  3696609.600  3720051.600  3720559.600
  1230:  3721600.600  3722034.600  3722064.600  3722155.600  3722324.600
  1235:  3722803.600  3722856.600  3726480.600  3729966.600  3730631.600
  1240:  3730935.600  3731527.600  3731653.600  3732776.600  3736117.600
  1245:  3737103.600  3737206.600  3737272.600  3738201.600  3738316.600
  1250:  3738360.600  3738897.600  3741868.600  3744940.600  3745581.600
  1255:  3746928.600  3747033.600  3747362.600  3749881.600  3750874.600
  1260:  3754012.600  3754784.600  3758357.600  3759185.600  3759533.600
  1265:  3759646.600  3762182.600  3762939.600  3765696.600  3765779.600
  1270:  3768388.600  3768520.600  3771342.600  3771906.600  3777699.600
  1275:  3794070.600  3794371.600  3795236.600  3795349.600  3795477.600
  1280:  3795598.600  3822343.600  3822510.600  3827027.600  3827182.600
  1285:  3827843.600  3831259.600  3834703.600  3834878.600  3838600.600
  1290:  3839300.600  3839434.600  3840015.600  3840279.600  3840316.600
  1295:  3841614.600  3841685.600  3841753.600  3842648.600  3842733.600
  1300:  3844910.600  3845358.600  3845955.600  3848811.600  3848911.600
  1305:  3850278.600  3854907.600  3857020.600  3857663.600  3857749.600
  1310:  3858530.600  3858655.600  3858687.600  3860015.200  3860109.250
  1315:  3860152.250  3862309.650  3863200.650  3864158.650  3864201.650
  1320:  3864572.650  3866917.650  3867138.650  3867668.650  3867909.650
  1325:  3868299.650  3868362.650  3870521.650  3870833.650  3871527.650
  1330:  3871566.650  3871657.650  3873819.650  3880391.650  3881050.650
  1335:  3881072.650  3882881.650  3883513.650  3883928.650  3884159.650
  1340:  3884329.650  3884650.650  3884698.650  3887222.650  3887404.650
  1345:  3887772.650  3895069.650  3899251.650  3900761.650  3902424.650
  1350:  3903721.650  3903860.650  3911841.650  3913681.650  3914521.650
  1355:  3915230.650  3915348.650  3915536.650  3916698.650  3928963.650
  1360:  3929166.650  3929285.650  3929362.650  3929426.650  3930258.650
  1365:  3935035.650  3935489.650  3935577.650  3935691.650  3935781.650
  1370:  3936181.650  3945853.650  3950284.650  3951092.650  3955654.650
  1375:  3955974.650  3956016.400  3956061.410  3956088.610  3956110.410
  1380:  3956155.410  3956204.410  3956249.410  3956298.410  3956343.410
  1385:  3956392.410  3956437.410  3956442.420  3960605.600  3961353.600
  1390:  3961734.600  3962106.600  3962289.600  3962306.600  3962316.600
  1395:  3962325.600  3962466.600  3962710.600  3962717.600  3962731.600
  1400:  3962735.600  3962799.600  3962968.600  3963229.600  3963553.600
  1405:  3963572.600  3963586.600  3963614.600  3963616.600  3963621.600
  1410:  3963727.600  3963728.600  3963905.600  3963987.600  3964140.600
  1415:  3964593.600  3964660.600  3964681.600  3964839.600  3964944.600
  1420:  3965287.600  3965289.600  3965361.600  3965704.600  3966509.600
  1425:  3966664.600  3966740.600  3966832.600  3967062.600  3967400.600
  1430:  3967427.600  3967451.600  3967527.600  3967562.600  3967598.600
  1435:  3968550.600  3968673.600  3968722.600  3968867.600  3968920.600
  1440:  3969036.600  3969102.600  3969103.600  3969134.600  3969145.600
  1445:  3969147.600  3969276.600  3969353.600  3969515.600  3969546.600
  1450:  3969619.600  3969645.600  3969703.600  3969713.600  3969780.600
  1455:  3969900.600  3969955.600  3970079.600  3970124.600  3970135.600
  1460:  3970181.600  3970224.600  3970350.600  3970354.600  3970802.600
  1465:  3971031.600  3971217.600  3971223.600  3971225.600  3971306.600
  1470:  3971321.600  3971324.600  3971333.600  3971337.600  3971344.600
  1475:  3971375.600  3971419.600  3971656.600  3971659.600  3972004.600
  1480:  3973281.600  3974470.600  3975425.600  3976568.600  3976583.600
  1485:  3976724.600  3976930.600  3976953.600  3977466.600  3977481.600
  1490:  3977485.600  3977499.600  3977503.600  3979152.600  3980370.600
  1495:  3982693.600  3983727.600  3984651.600  3984710.600  3985373.600
  1500:  3987150.600  3990155.600  3991383.600  3992186.600  3994552.600
  1505:  3996733.600  3996763.600  3996828.600  3997900.600  4000085.600
  1510:  4000526.600  4000798.600  4004112.600  4004701.600  4004837.600
  1515:  4007528.600  4008600.600  4008692.600  4008701.600  4008966.600
  1520:  4009127.600  4011400.600  4012281.600  4012702.600  4012780.600
  1525:  4012835.600  4012844.600  4012859.600  4013009.600  4013145.600
  1530:  4013792.600  4014052.600  4014142.600  4016429.600  4016928.600
  1535:  4016957.600  4016983.600  4017354.600  4017870.600  4020544.600
  1540:  4020868.600  4021824.600  4023443.600  4025623.600  4025822.600
  1545:  4025961.600  4026196.600  4026453.600  4029694.600  4030230.600
  1550:  4030959.600  4031272.600  4031291.600  4031306.600  4031474.600
  1555:  4032099.600  4032448.600  4034976.600  4035384.600  4037328.600
  1560:  4037543.600  4037650.600  4038119.600  4038667.600  4040360.600
  1565:  4040484.600  4040933.600  4041166.600  4041254.600  4044145.600
  1570:  4044917.600  4045010.600  4045052.600  4045761.600  4049235.600
  1575:  4051536.600  4051841.600  4051888.600  4051966.600  4052125.600
  1580:  4052463.600  4052503.600  4053134.600  4053189.600  4054441.600
  1585:  4055369.600  4055583.600  4055886.600  4056090.600  4056468.600
  1590:  4058835.600  4059299.600  4059359.600  4059401.600  4062347.600
  1595:  4063176.600  4063269.600  4064351.600  4064402.600  4064576.600
  1600:  4066623.600  4066971.600  4067041.600  4069158.600  4072638.600
  1605:  4072657.600  4072666.600  4074963.600  4077854.600  4077888.600
  1610:  4091307.600  4092415.600  4095169.600  4095190.600  4103593.600
  1615:  4103643.600  4121208.600  4121649.600  4122027.600  4122080.600
  1620:  4122202.600  4125594.600  4125675.600  4129432.600  4130317.600
  1625:  4133145.600  4134755.600  4135382.600  4135509.600  4143566.600
  1630:  4144588.600  4144803.600  4144914.600  4145341.600  4145957.600
  1635:  4148724.600  4148873.600  4152011.600  4152181.600  4152796.600
  1640:  4152877.600  4157981.600  4158052.600  4158103.600  4160233.600
  1645:  4166991.600  4167548.600  4169901.600  4173143.600  4173342.600
  1650:  4177712.600  4177826.600  4178513.600  4180446.600  4180828.600
  1655:  4181075.600  4181130.600  4181153.600  4184121.600  4186952.600
  1660:  4190449.600  4191224.600  4191288.600  4191669.600  4193618.600
  1665:  4193739.600  4194271.600  4198601.600  4199202.600  4201418.600
  1670:  4203254.600  4203299.600  4206807.600  4214237.600  4214803.600
  1675:  4215099.600  4215249.600  4215393.600  4215432.600  4215466.600
  1680:  4215710.600  4215895.600  4216364.600  4217662.600  4218054.600
  1685:  4218340.600  4218806.600  4218907.600  4220982.600  4221061.600
  1690:  4222801.600  4232146.600  4232378.600  4232404.600  4232431.600
  1695:  4232469.600  4233132.600  4235242.600  4235426.600  4243696.600
  1700:  4245194.600  4248445.600  4248467.600  4250700.600  4252426.600
  1705:  4252874.600  4253083.600  4253783.200  4257454.650  4259250.650
  1710:  4261813.650  4261974.650  4262443.650  4266071.650  4266402.650
  1715:  4266469.650  4266539.650  4266753.650  4268573.650  4270597.650
  1720:  4270676.650  4273507.650  4273626.650  4273950.650  4274212.650
  1725:  4274254.650  4274414.650  4274445.650  4274485.650  4274625.650
  1730:  4278247.650  4280681.650  4280696.650  4287690.650  4290008.650
  1735:  4290147.650  4292528.650  4292573.650  4295281.650  4295677.650
  1740:  4301810.650  4302058.650  4302447.650  4303467.650  4304226.650
  1745:  4304751.650  4304826.650  4304866.650  4307232.650  4308289.650
  1750:  4311134.650  4312001.650  4312418.650  4315058.650  4316878.650
  1755:  4318021.650  4318780.650  4319270.650  4320026.650  4320078.650
  1760:  4321278.650  4321278.650  4321278.650  4321278.650  4321278.650
  1765:  4321278.650  4321278.650  4321278.650  4321278.650  4321278.650
  1770:  4321278.650  4321278.650  4321278.650  4321278.650  4321278.650
  1775:  4321278.650  4321278.650  4321278.650  4321278.650  4321278.650
  1780:  4321278.650  4321278.650  4321278.650  4321278.400  4321278.999
E:
     0:        5.200       16.300       28.800       43.200       59.900
     5:       80.100      105.300      139.300      191.600      330.300
F:
     0:        1.000        0.000        1.000        0.000        0.000
     5:        0.000
L:
     0:      131.000       82.000       71.000
M:
     0:        0.000        0.000        0.000        0.000        0.000
     5:        0.000
