File: C:\MED-PC IV\DATA\!2023-02-25_18h39m.Subject DF28


Start Date: 02/25/23
End Date: 02/26/23
Subject: DF28
Experiment: delayed_acquisition
Group: 1
Box: 8
Start Time: 18:39:51
End Time:  6:58:50
MSN: Delayed_Acquisition2_w_magmacro
G:       0.000
H:       0.000
I:       0.000
J:       0.000
K:       0.000
N:       0.000
O:       0.000
P:       0.000
Q:       0.000
R:       0.000
S:       0.000
T:       0.000
U:       0.000
V:       0.000
W:       0.000
X:       0.000
Y:       0.000
Z:       0.000
A:
     0:        2.000       60.000  4320000.000        2.000        0.000
     5:        1.000    96000.000        0.000       10.000        0.000
    10:        0.000        0.000        0.000        0.000        0.000
    15:        0.000        0.000        0.000        0.000        0.000
    20:        0.000        0.000        0.000        0.000        0.000
    25:        0.000        0.000        0.000        0.000        0.000
    30:        0.000        0.000        0.000        0.000        0.000
    35:        0.000        0.000        0.000        0.000        0.000
    40:        0.000        0.000        0.000        0.000        0.000
    45:        0.000        0.000        0.000        0.000        0.000
    50:        0.000        0.000        0.000        0.000        0.000
    55:        0.000        0.000        0.000        0.000        0.000
    60:        0.000        0.000        0.000        0.000        0.000
    65:        0.000        0.000        0.000        0.000        0.000
    70:        0.000        0.000        0.000        0.000        0.000
    75:        0.000        0.000        0.000        0.000        0.000
    80:        0.000        0.000        0.000        0.000        0.000
    85:        0.000        0.000        0.000        0.000        0.000
    90:        0.000        0.000        0.000        0.000        0.000
    95:        0.000        0.000        0.000        0.000        0.000
   100:        0.000
B:
     0:  4320000.000  4323408.000        1.000        8.000        0.000
     5:        0.000        0.000        8.000      827.000     1105.000
    10:        0.000      739.000       11.000        7.000      250.000
    15:        0.000        8.000        0.000        0.000        0.000
    20:        0.000        0.000        0.000        0.000        0.000
    25:        0.000        0.000        0.000        0.000        0.000
    30:        1.260        0.000        0.000       80.000        0.000
    35:        0.000        0.000        0.000        0.000        0.000
    40:        0.000        0.000        0.000        0.000        0.000
    45:        0.000        0.000        0.000        0.000        0.000
    50:        0.000        0.000        0.000        0.000        0.000
    55:        0.000        0.000        0.000        0.000        0.000
    60:        0.000        0.000        0.000        0.000        0.000
    65:        0.000        0.000        0.000        0.000        0.000
    70:        0.000        0.000        0.000        0.000        0.000
    75:        0.000        0.000        0.000        0.000        0.000
    80:        0.000        0.000        0.000        0.000        0.000
    85:        0.000        0.000        0.000        0.000        0.000
    90:        0.000        0.000        0.000        0.000        0.000
    95:        0.000        0.000        0.000        0.000        0.000
   100:        0.000
C:
     0:       40.100    96041.200    96041.200    96041.200    96041.200
     5:    96041.200    96041.200    96041.200    96041.200    96041.200
    10:    96041.200    96452.300    96598.300    96609.300    96636.300
    15:    96656.300    96697.300    96715.300    96726.300    96736.300
    20:    96753.300    96774.300    96792.300    96814.300    96830.300
    25:    96852.300    96854.300    96871.300    96889.300    96907.300
    30:    96929.300    96948.300    96958.300    96964.300    96983.300
    35:    97006.300    97020.300    97079.300    97115.300    97188.300
    40:    97200.300    97219.300    97260.300    97333.300    97501.300
    45:    98819.300   100016.300   100456.300   100770.300   100839.300
    50:   100851.300   102681.300   102782.300   114193.300   120312.300
    55:   125528.300   131356.300   139580.300   140559.300   144147.300
    60:   144195.300   144338.300   144360.300   144409.300   144446.300
    65:   144478.300   144649.300   151929.300   152032.300   152877.300
    70:   154261.300   156341.300   156481.300   166162.300   166306.300
    75:   172213.300   172540.300   172776.300   173260.300   176168.300
    80:   176179.300   176494.300   178976.300   183897.300   188432.300
    85:   196170.300   196379.300   196396.300   196414.300   196429.300
    90:   196777.300   197092.300   199545.300   199572.300   199845.300
    95:   204588.300   207957.300   209793.300   209866.300   215918.300
   100:   216159.300   216719.300   217056.300   217088.300   217151.300
   105:   217418.300   217452.300   217501.300   217624.300   218848.300
   110:   219105.300   227944.300   228039.300   228984.300   234504.300
   115:   245155.300   245551.300   251609.300   251626.300   251671.300
   120:   251716.300   251727.300   251776.300   251783.300   251902.300
   125:   251950.300   260383.300   260426.300   266824.300   266846.300
   130:   267072.300   267084.300   267112.300   267196.300   267250.300
   135:   269061.300   270998.300   272125.300   272636.300   276998.300
   140:   285941.300   286220.300   292251.300   292308.300   294509.100
   145:   390510.200   390510.200   390510.200   390510.200   390510.200
   150:   390510.200   390510.200   390510.200   390510.200   390510.200
   155:   394021.300   394057.300   394759.300   395387.300   396298.300
   160:   396312.300   396689.300   396747.300   398103.300   398524.300
   165:   399798.300   400146.300   401152.300   406097.300   411232.300
   170:   411239.300   414175.100   510176.200   510176.200   510176.200
   175:   510176.200   510176.200   510176.200   510176.200   510176.200
   180:   510176.200   510176.200   511586.300   511600.300   511607.300
   185:   512798.300   512813.300   513188.300   514488.300   515578.300
   190:   515794.300   515803.300   515807.300   515843.300   515850.300
   195:   521004.300   522871.300   522963.300   523120.300   529823.300
   200:   535263.300   538144.300   538345.300   544354.300   544874.300
   205:   544901.300   554156.300   555005.300   555070.300   560061.300
   210:   560130.300   564078.300   567329.300   567389.300   567399.300
   215:   567449.300   567455.300   567481.300   568751.300   570956.300
   220:   576699.300   581786.300   581879.300   581950.300   581958.300
   225:   582042.300   582147.300   582153.300   582165.300   582178.300
   230:   582227.300   582268.300   582315.300   588832.300   592705.300
   235:   592808.300   595867.300   599290.300   599353.300   608953.300
   240:   609027.300   609084.300   609101.300   609128.300   609236.300
   245:   609313.300   609350.300   609933.300   619700.300   621270.300
   250:   624439.300   627403.300   627444.300   627522.300   627546.300
   255:   627628.300   627695.300   627760.300   627790.300   627819.300
   260:   627838.300   630949.300   659732.300   668390.300   668621.300
   265:   669689.300   670223.300   676788.300   677053.300   680186.300
   270:   680515.300   685659.300   685693.300   685751.300   685785.300
   275:   689989.300   690029.300   696470.300   698701.300   698938.300
   280:   699173.300   704141.300   705581.300   705602.300   705613.300
   285:   705632.300   705658.300   705710.300   705755.300   705771.300
   290:   705776.300   705787.300   706203.300   706263.300   707414.300
   295:   707422.300   707469.300   707506.300   707623.300   714637.300
   300:   716751.300   725168.300   725277.300   728370.300   728386.300
   305:   743928.300   744062.300   744105.300   747021.300   751735.300
   310:   752790.300   756335.300   756516.300   756665.300   756674.300
   315:   757591.300   757604.300   757668.300   757801.300   762500.300
   320:   771785.300   779408.300   779478.300   780730.300   780903.300
   325:   790022.300   790073.300   792744.300   792824.300   793590.300
   330:   793738.300   793819.300   802937.300   803020.300   803834.300
   335:   808939.300   811763.300   811810.300   817002.300   819736.300
   340:   828483.300   829383.300   833649.300   837773.300   842733.300
   345:   853606.300   863565.300   868245.300   887364.300   891113.300
   350:   891695.300   891977.300   898713.300   907618.300   909448.300
   355:   911193.300   912458.300   915142.300   934193.300   942966.300
   360:   952771.300   952868.300   956116.300   956122.300   956369.300
   365:   966901.100  1062902.200  1062902.200  1062902.200  1062902.200
   370:  1062902.200  1062902.200  1062902.200  1062902.200  1062902.200
   375:  1062902.200  1064680.300  1066033.300  1067310.300  1067867.300
   380:  1067895.300  1067954.300  1067996.300  1072914.300  1072946.300
   385:  1077187.300  1077194.300  1114876.300  1115075.300  1131589.300
   390:  1154546.300  1171415.300  1179678.300  1191030.100  1287031.200
   395:  1287031.200  1287031.200  1287031.200  1287031.200  1287031.200
   400:  1287031.200  1287031.200  1287031.200  1287031.200  1288902.300
   405:  1288935.300  1290505.300  1290526.300  1290728.300  1290757.300
   410:  1290860.300  1301398.300  1302848.300  1322524.300  1329149.300
   415:  1333113.300  1333461.300  1333506.300  1339464.300  1346282.300
   420:  1355293.300  1355499.300  1359730.300  1360503.300  1360735.300
   425:  1364293.300  1365007.300  1365177.300  1368229.300  1388175.300
   430:  1394925.300  1395655.300  1399889.300  1405047.300  1405187.300
   435:  1405229.300  1409679.300  1410045.300  1421726.300  1421804.300
   440:  1422605.300  1426620.300  1428782.300  1429369.300  1431993.300
   445:  1432436.300  1432472.300  1438089.300  1438156.300  1438366.300
   450:  1439222.300  1439247.300  1439290.300  1447241.300  1457338.300
   455:  1457770.300  1460081.300  1464360.300  1472426.300  1480714.300
   460:  1485686.300  1488590.300  1488656.300  1488744.300  1488788.300
   465:  1488805.300  1489255.300  1490182.300  1490223.300  1493527.300
   470:  1493887.300  1494157.300  1494397.300  1494620.300  1495429.300
   475:  1495521.300  1496531.300  1496617.300  1496742.300  1496838.300
   480:  1499642.300  1512011.300  1517444.300  1523420.300  1524413.300
   485:  1524423.300  1524454.300  1528462.300  1528490.300  1529372.300
   490:  1530577.300  1531128.300  1531374.300  1532366.300  1535502.300
   495:  1536189.300  1536229.300  1536419.300  1537459.300  1537682.300
   500:  1537741.300  1538644.300  1543653.300  1543911.300  1544780.300
   505:  1545277.300  1552794.300  1554050.300  1559089.300  1559127.300
   510:  1559281.300  1559561.300  1563793.300  1563817.300  1568467.300
   515:  1570376.300  1570732.300  1571692.300  1573644.300  1573748.300
   520:  1573773.300  1580550.300  1580860.300  1589311.300  1589569.300
   525:  1589782.300  1589961.300  1593749.300  1595484.300  1602751.300
   530:  1609708.300  1609730.300  1610161.300  1611456.300  1612283.300
   535:  1612411.300  1612430.300  1612458.300  1612485.300  1612533.300
   540:  1613111.300  1614217.300  1614528.300  1614537.300  1614641.300
   545:  1624521.300  1631396.300  1631399.300  1634615.300  1635038.300
   550:  1640124.300  1641073.300  1641577.300  1649910.300  1650647.300
   555:  1651852.300  1654037.300  1654101.300  1654144.300  1658670.300
   560:  1659866.300  1660429.300  1664328.300  1664460.300  1664622.300
   565:  1666768.300  1671602.300  1671789.300  1671822.300  1678752.300
   570:  1683199.300  1688549.300  1688641.300  1692632.300  1697151.300
   575:  1703748.300  1706708.300  1708103.300  1708458.300  1710956.300
   580:  1710993.300  1711010.300  1711258.300  1711326.300  1711336.300
   585:  1712135.300  1712292.300  1713061.300  1713354.300  1713450.300
   590:  1714287.300  1714413.300  1715039.300  1716622.300  1716629.300
   595:  1719077.300  1719126.300  1719216.300  1730957.300  1737156.300
   600:  1737669.300  1748702.300  1749321.300  1754509.300  1755525.300
   605:  1756335.300  1758253.300  1761678.300  1769391.300  1769415.300
   610:  1770033.300  1771119.300  1771187.300  1771267.300  1771672.300
   615:  1772227.300  1772502.300  1773430.300  1778822.300  1779190.300
   620:  1779897.300  1786322.300  1787116.300  1787361.300  1791754.300
   625:  1796303.300  1797923.300  1802423.300  1802514.300  1807333.300
   630:  1807520.300  1807728.300  1807806.300  1834339.300  1837732.300
   635:  1838492.300  1839729.300  1843292.300  1843374.300  1843678.300
   640:  1843721.300  1843734.300  1848352.300  1848436.300  1848462.300
   645:  1848598.300  1848606.300  1848662.300  1848677.300  1848717.300
   650:  1848735.300  1848784.300  1848793.300  1848904.300  1848949.300
   655:  1848972.300  1849616.300  1850205.300  1856667.300  1856722.300
   660:  1856910.300  1856970.300  1857342.300  1857386.300  1857405.300
   665:  1857446.300  1857721.300  1858877.300  1859174.300  1859276.300
   670:  1859367.300  1859372.300  1859721.300  1859868.300  1878740.300
   675:  1884098.300  1890021.300  1890034.300  1890053.300  1902017.300
   680:  1930565.300  1947620.300  1958526.300  1958838.300  2020299.300
   685:  2022550.300  2026241.300  2027325.300  2028044.100  2124045.200
   690:  2124045.200  2124045.200  2124045.200  2124045.200  2124045.200
   695:  2124045.200  2124045.200  2124045.200  2124045.200  2127389.300
   700:  2128737.300  2129100.300  2129145.300  2129223.300  2129227.300
   705:  2129248.300  2129261.300  2129300.300  2129326.300  2129353.300
   710:  2129369.300  2129392.300  2129430.300  2129454.300  2129541.300
   715:  2129545.300  2129566.300  2129584.300  2129600.300  2129622.300
   720:  2129624.300  2129675.300  2129711.300  2130799.300  2135150.300
   725:  2135553.300  2136191.300  2144530.300  2153729.300  2154980.300
   730:  2162262.300  2169337.300  2169382.300  2172482.300  2172594.300
   735:  2181726.300  2181875.300  2182241.300  2227554.300  2228188.300
   740:  2229248.300  2230038.300  2230064.300  2230160.300  2230472.300
   745:  2231213.300  2246588.300  2273788.300  2332320.300  2428244.300
   750:  2428249.300  2431092.300  2431097.300  2548437.300  2692601.300
   755:  2701769.300  2728382.300  2734375.300  2734872.300  2734893.300
   760:  2735002.300  2735258.300  2735437.300  2735562.300  2736022.300
   765:  2759678.300  2762853.300  2767782.300  2884447.300  2884472.300
   770:  2884562.300  2884605.300  2891245.100  2987246.200  2987246.200
   775:  2987246.200  2987246.200  2987246.200  2987246.200  2987246.200
   780:  2987246.200  2987246.200  2987246.200  2990525.300  2994067.300
   785:  2994100.300  2995263.300  2995273.300  2996289.300  2997361.300
   790:  3006505.300  3019100.300  3039171.300  3039585.300  3129121.300
   795:  3129500.300  3138461.300  3146751.300  3153751.300  3153798.300
   800:  3154042.300  3690288.100  3786289.200  3786289.200  3786289.200
   805:  3786289.200  3786289.200  3786289.200  3786289.200  3786289.200
   810:  3786289.200  3786289.200  3791462.300  3792193.300  3802061.300
   815:  3802396.300  3803803.300  3810789.300  3810801.300  3811184.300
   820:  4034274.300  4034659.300  4110017.300  4110297.300  4176182.300
   825:  4271517.300  4292492.300
D:
     0:        0.111       40.200      375.650      589.650      742.650
     5:     2317.650     2360.650     2780.650     2795.650     2945.650
    10:     2975.650     3318.650     3361.650     3387.650     3835.650
    15:     3842.650     4240.650     4364.650    11625.650    16346.650
    20:    16434.650    19428.650    20943.650    21194.650    22078.250
    25:    24786.650    28981.650    29607.650    29658.650    29902.650
    30:    30824.650    31482.250    31684.250    31925.650    32160.250
    35:    36852.650    37510.650    37670.650    39392.650    45720.650
    40:    50955.650    51461.650    54541.650    54936.650    59957.650
    45:    60039.650    63499.650    66640.650    67088.650    67613.650
    50:    67720.650    68861.650    69010.650    69496.650    69520.650
    55:    70221.650    74342.650    74477.650    74627.650    74632.650
    60:    79529.650    79541.650    79607.650    82478.650    82527.650
    65:    86463.650    86833.650    86848.650    96041.400    96086.410
    70:    96112.610    96135.410    96180.410    96229.410    96274.410
    75:    96323.410    96368.410    96417.410    96462.410    96467.420
    80:    96878.600    97024.600    97035.600    97062.600    97082.600
    85:    97123.600    97141.600    97152.600    97162.600    97179.600
    90:    97200.600    97218.600    97240.600    97256.600    97278.600
    95:    97280.600    97297.600    97315.600    97333.600    97355.600
   100:    97374.600    97384.600    97390.600    97409.600    97432.600
   105:    97446.600    97505.600    97541.600    97614.600    97626.600
   110:    97645.600    97686.600    97759.600    97927.600    99245.600
   115:   100442.600   100882.600   101196.600   101265.600   101277.600
   120:   103107.600   103208.600   114619.600   120738.600   125954.600
   125:   131782.600   140006.600   140985.600   144573.600   144621.600
   130:   144764.600   144786.600   144835.600   144872.600   144904.600
   135:   145075.600   152355.600   152458.600   153303.600   154687.600
   140:   156767.600   156907.600   166588.600   166732.600   172639.600
   145:   172966.600   173202.600   173686.600   176594.600   176605.600
   150:   176920.600   179402.600   184323.600   188858.600   196596.600
   155:   196805.600   196822.600   196840.600   196855.600   197203.600
   160:   197518.600   199971.600   199998.600   200271.600   205014.600
   165:   208383.600   210219.600   210292.600   216344.600   216585.600
   170:   217145.600   217482.600   217514.600   217577.600   217844.600
   175:   217878.600   217927.600   218050.600   219274.600   219531.600
   180:   228370.600   228465.600   229410.600   234930.600   245581.600
   185:   245977.600   252035.600   252052.600   252097.600   252142.600
   190:   252153.600   252202.600   252209.600   252328.600   252376.600
   195:   260809.600   260852.600   267250.600   267272.600   267498.600
   200:   267510.600   267538.600   267622.600   267676.600   269487.600
   205:   271424.600   272551.600   273062.600   277424.600   286367.600
   210:   286646.600   292677.600   292734.600   294935.200   295068.650
   215:   295232.650   296193.650   305741.650   326030.650   326036.650
   220:   329408.650   330922.650   330945.650   333366.650   333419.650
   225:   334271.650   334890.650   336000.650   336025.650   336046.650
   230:   336074.650   336099.650   336127.650   336142.650   336163.650
   235:   342653.650   349053.650   359647.650   359965.650   360587.650
   240:   362360.650   367652.650   368228.650   371873.650   372233.650
   245:   373330.650   373506.650   373635.650   373765.650   374014.650
   250:   374076.650   374174.650   374386.650   375722.650   379755.650
   255:   380047.650   383463.650   389823.650   390936.400   390981.410
   260:   391022.610   391030.410   391075.410   391124.410   391169.410
   265:   391218.410   391263.410   391312.410   391357.410   391362.420
   270:   394873.600   394909.600   395611.600   396239.600   397150.600
   275:   397164.600   397541.600   397599.600   398955.600   399376.600
   280:   400650.600   400998.600   402004.600   406949.600   412084.600
   285:   412091.600   415027.200   415190.650   415331.650   429218.650
   290:   429849.650   429869.650   436242.650   436334.650   436344.650
   295:   436350.650   445016.650   448976.650   449030.650   450014.650
   300:   451253.650   463145.650   464502.650   464935.650   471496.650
   305:   471881.650   473591.650   479773.650   480920.650   485792.650
   310:   488714.650   500423.650   500677.650   506635.650   507440.650
   315:   507460.650   509232.650   510433.650   510601.650   510616.650
   320:   511028.400   511073.410   511091.610   511122.410   511167.410
   325:   511216.410   511261.410   511310.410   511355.410   511404.410
   330:   511449.410   511454.420   512864.600   512878.600   512885.600
   335:   514076.600   514091.600   514466.600   515766.600   516856.600
   340:   517072.600   517081.600   517085.600   517121.600   517128.600
   345:   522282.600   524149.600   524241.600   524398.600   531101.600
   350:   536541.600   539422.600   539623.600   545632.600   546152.600
   355:   546179.600   555434.600   556283.600   556348.600   561339.600
   360:   561408.600   565356.600   568607.600   568667.600   568677.600
   365:   568727.600   568733.600   568759.600   570029.600   572234.600
   370:   577977.600   583064.600   583157.600   583228.600   583236.600
   375:   583320.600   583425.600   583431.600   583443.600   583456.600
   380:   583505.600   583546.600   583593.600   590110.600   593983.600
   385:   594086.600   597145.600   600568.600   600631.600   610231.600
   390:   610305.600   610362.600   610379.600   610406.600   610514.600
   395:   610591.600   610628.600   611211.600   620978.600   622548.600
   400:   625717.600   628681.600   628722.600   628800.600   628824.600
   405:   628906.600   628973.600   629038.600   629068.600   629097.600
   410:   629116.600   632227.600   661010.600   669668.600   669899.600
   415:   670967.600   671501.600   678066.600   678331.600   681464.600
   420:   681793.600   686937.600   686971.600   687029.600   687063.600
   425:   691267.600   691307.600   697748.600   699979.600   700216.600
   430:   700451.600   705419.600   706859.600   706880.600   706891.600
   435:   706910.600   706936.600   706988.600   707033.600   707049.600
   440:   707054.600   707065.600   707481.600   707541.600   708692.600
   445:   708700.600   708747.600   708784.600   708901.600   715915.600
   450:   718029.600   726446.600   726555.600   729648.600   729664.600
   455:   745206.600   745340.600   745383.600   748299.600   753013.600
   460:   754068.600   757613.600   757794.600   757943.600   757952.600
   465:   758869.600   758882.600   758946.600   759079.600   763778.600
   470:   773063.600   780686.600   780756.600   782008.600   782181.600
   475:   791300.600   791351.600   794022.600   794102.600   794868.600
   480:   795016.600   795097.600   804215.600   804298.600   805112.600
   485:   810217.600   813041.600   813088.600   818280.600   821014.600
   490:   829761.600   830661.600   834927.600   839051.600   844011.600
   495:   854884.600   864843.600   869523.600   888642.600   892391.600
   500:   892973.600   893255.600   899991.600   908896.600   910726.600
   505:   912471.600   913736.600   916420.600   935471.600   944244.600
   510:   954049.600   954146.600   957394.600   957400.600   957647.600
   515:   968179.200   968415.250   968764.650   972115.650   972247.650
   520:   978801.650  1002790.650  1004062.650  1004145.650  1004158.650
   525:  1004217.650  1004312.650  1012617.650  1034314.650  1034321.650
   530:  1034356.650  1043783.650  1047059.650  1048132.650  1048357.650
   535:  1048975.650  1049059.650  1049160.650  1049191.650  1049284.650
   540:  1049292.650  1049357.650  1049592.650  1049806.650  1049915.650
   545:  1050195.650  1050436.650  1056374.650  1056497.650  1056556.650
   550:  1056587.650  1061266.650  1064180.400  1064225.410  1064274.410
   555:  1064319.410  1064368.410  1064397.610  1064413.410  1064462.410
   560:  1064507.410  1064556.410  1064601.410  1064606.420  1066384.600
   565:  1067737.600  1069014.600  1069571.600  1069599.600  1069658.600
   570:  1069700.600  1074618.600  1074650.600  1078891.600  1078898.600
   575:  1116580.600  1116779.600  1133293.600  1156250.600  1173119.600
   580:  1181382.600  1192734.200  1193391.250  1198268.650  1199167.650
   585:  1199548.650  1199732.650  1222728.650  1222743.650  1222859.650
   590:  1222957.650  1223001.650  1223036.650  1223092.650  1223145.650
   595:  1223185.650  1223276.650  1255922.650  1256527.650  1259155.650
   600:  1259265.650  1260145.650  1262584.650  1267124.650  1278455.650
   605:  1282197.650  1286341.650  1288735.400  1288780.410  1288810.610
   610:  1288829.410  1288874.410  1288923.410  1288968.410  1289017.410
   615:  1289062.410  1289111.410  1289156.410  1289161.420  1291032.600
   620:  1291065.600  1292635.600  1292656.600  1292858.600  1292887.600
   625:  1292990.600  1303528.600  1304978.600  1324654.600  1331279.600
   630:  1335243.600  1335591.600  1335636.600  1341594.600  1348412.600
   635:  1357423.600  1357629.600  1361860.600  1362633.600  1362865.600
   640:  1366423.600  1367137.600  1367307.600  1370359.600  1390305.600
   645:  1397055.600  1397785.600  1402019.600  1407177.600  1407317.600
   650:  1407359.600  1411809.600  1412175.600  1423856.600  1423934.600
   655:  1424735.600  1428750.600  1430912.600  1431499.600  1434123.600
   660:  1434566.600  1434602.600  1440219.600  1440286.600  1440496.600
   665:  1441352.600  1441377.600  1441420.600  1449371.600  1459468.600
   670:  1459900.600  1462211.600  1466490.600  1474556.600  1482844.600
   675:  1487816.600  1490720.600  1490786.600  1490874.600  1490918.600
   680:  1490935.600  1491385.600  1492312.600  1492353.600  1495657.600
   685:  1496017.600  1496287.600  1496527.600  1496750.600  1497559.600
   690:  1497651.600  1498661.600  1498747.600  1498872.600  1498968.600
   695:  1501772.600  1514141.600  1519574.600  1525550.600  1526543.600
   700:  1526553.600  1526584.600  1530592.600  1530620.600  1531502.600
   705:  1532707.600  1533258.600  1533504.600  1534496.600  1537632.600
   710:  1538319.600  1538359.600  1538549.600  1539589.600  1539812.600
   715:  1539871.600  1540774.600  1545783.600  1546041.600  1546910.600
   720:  1547407.600  1554924.600  1556180.600  1561219.600  1561257.600
   725:  1561411.600  1561691.600  1565923.600  1565947.600  1570597.600
   730:  1572506.600  1572862.600  1573822.600  1575774.600  1575878.600
   735:  1575903.600  1582680.600  1582990.600  1591441.600  1591699.600
   740:  1591912.600  1592091.600  1595879.600  1597614.600  1604881.600
   745:  1611838.600  1611860.600  1612291.600  1613586.600  1614413.600
   750:  1614541.600  1614560.600  1614588.600  1614615.600  1614663.600
   755:  1615241.600  1616347.600  1616658.600  1616667.600  1616771.600
   760:  1626651.600  1633526.600  1633529.600  1636745.600  1637168.600
   765:  1642254.600  1643203.600  1643707.600  1652040.600  1652777.600
   770:  1653982.600  1656167.600  1656231.600  1656274.600  1660800.600
   775:  1661996.600  1662559.600  1666458.600  1666590.600  1666752.600
   780:  1668898.600  1673732.600  1673919.600  1673952.600  1680882.600
   785:  1685329.600  1690679.600  1690771.600  1694762.600  1699281.600
   790:  1705878.600  1708838.600  1710233.600  1710588.600  1713086.600
   795:  1713123.600  1713140.600  1713388.600  1713456.600  1713466.600
   800:  1714265.600  1714422.600  1715191.600  1715484.600  1715580.600
   805:  1716417.600  1716543.600  1717169.600  1718752.600  1718759.600
   810:  1721207.600  1721256.600  1721346.600  1733087.600  1739286.600
   815:  1739799.600  1750832.600  1751451.600  1756639.600  1757655.600
   820:  1758465.600  1760383.600  1763808.600  1771521.600  1771545.600
   825:  1772163.600  1773249.600  1773317.600  1773397.600  1773802.600
   830:  1774357.600  1774632.600  1775560.600  1780952.600  1781320.600
   835:  1782027.600  1788452.600  1789246.600  1789491.600  1793884.600
   840:  1798433.600  1800053.600  1804553.600  1804644.600  1809463.600
   845:  1809650.600  1809858.600  1809936.600  1836469.600  1839862.600
   850:  1840622.600  1841859.600  1845422.600  1845504.600  1845808.600
   855:  1845851.600  1845864.600  1850482.600  1850566.600  1850592.600
   860:  1850728.600  1850736.600  1850792.600  1850807.600  1850847.600
   865:  1850865.600  1850914.600  1850923.600  1851034.600  1851079.600
   870:  1851102.600  1851746.600  1852335.600  1858797.600  1858852.600
   875:  1859040.600  1859100.600  1859472.600  1859516.600  1859535.600
   880:  1859576.600  1859851.600  1861007.600  1861304.600  1861406.600
   885:  1861497.600  1861502.600  1861851.600  1861998.600  1880870.600
   890:  1886228.600  1892151.600  1892164.600  1892183.600  1904147.600
   895:  1932695.600  1949750.600  1960656.600  1960968.600  2022429.600
   900:  2024680.600  2028371.600  2029455.600  2030174.200  2034379.650
   905:  2043139.650  2043155.650  2043180.650  2044801.650  2052524.650
   910:  2052558.650  2060724.650  2077565.650  2077620.650  2077636.650
   915:  2077717.650  2077732.650  2078229.650  2078481.650  2078667.650
   920:  2079574.650  2079841.650  2080841.250  2083600.650  2083608.650
   925:  2083865.650  2089317.650  2098190.650  2098237.650  2098256.650
   930:  2098282.650  2098326.650  2098340.650  2098484.650  2098913.650
   935:  2098928.650  2104792.650  2109819.650  2109877.650  2110694.650
   940:  2110929.650  2111104.650  2111116.650  2111128.650  2111572.650
   945:  2111647.650  2111775.650  2111903.650  2120840.650  2126175.400
   950:  2126220.410  2126269.410  2126314.410  2126361.610  2126363.410
   955:  2126370.610  2126408.410  2126457.410  2126502.410  2126551.410
   960:  2126596.410  2126601.420  2129945.600  2131293.600  2131656.600
   965:  2131701.600  2131779.600  2131783.600  2131804.600  2131817.600
   970:  2131856.600  2131882.600  2131909.600  2131925.600  2131948.600
   975:  2131986.600  2132010.600  2132097.600  2132101.600  2132122.600
   980:  2132140.600  2132156.600  2132178.600  2132180.600  2132231.600
   985:  2132267.600  2133355.600  2137706.600  2138109.600  2138747.600
   990:  2147086.600  2156285.600  2157536.600  2164818.600  2171893.600
   995:  2171938.600  2175038.600  2175150.600  2184282.600  2184431.600
  1000:  2184797.600  2230110.600  2230744.600  2231804.600  2232594.600
  1005:  2232620.600  2232716.600  2233028.600  2233769.600  2249144.600
  1010:  2276344.600  2334876.600  2430800.600  2430805.600  2433648.600
  1015:  2433653.600  2550993.600  2695157.600  2704325.600  2730938.600
  1020:  2736931.600  2737428.600  2737449.600  2737558.600  2737814.600
  1025:  2737993.600  2738118.600  2738578.600  2762234.600  2765409.600
  1030:  2770338.600  2887003.600  2887028.600  2887118.600  2887161.600
  1035:  2893801.200  2895212.650  2895368.650  2895448.650  2906738.650
  1040:  2906892.650  2989802.400  2989847.410  2989896.410  2989929.610
  1045:  2989941.410  2989990.410  2990035.410  2990084.410  2990129.410
  1050:  2990178.410  2990223.410  2990228.420  2993507.600  2997049.600
  1055:  2997082.600  2998245.600  2998255.600  2999271.600  3000343.600
  1060:  3009487.600  3022082.600  3042153.600  3042567.600  3132103.600
  1065:  3132482.600  3141443.600  3149733.600  3156733.600  3156780.600
  1070:  3157024.600  3693270.200  3697957.650  3697999.650  3698819.650
  1075:  3789271.400  3789316.410  3789365.410  3789410.410  3789459.410
  1080:  3789462.610  3789465.610  3789471.610  3789504.410  3789553.410
  1085:  3789598.410  3789647.410  3789692.410  3789697.420  3794870.600
  1090:  3795601.600  3805469.600  3805804.600  3807211.600  3814197.600
  1095:  3814209.600  3814592.600  4037682.600  4038067.600  4113425.600
  1100:  4113705.600  4179590.600  4274925.600  4295900.600  4323408.999
E:
     0:        5.200       16.300       28.800       43.200       59.900
     5:       80.100      105.300      139.300      191.600      330.300
F:
     0:        0.000        0.000        0.000        0.000        0.000
     5:        0.000
L:
     0:       70.000       85.000       62.000      216.000       74.000
     5:      185.000      126.000      190.000
M:
     0:        0.000        0.000        0.000        0.000        0.000
     5:        0.000
