File: C:\MED-PC IV\DATA\!2023-03-05_18h44m.Subject DF30


Start Date: 03/05/23
End Date: 03/06/23
Subject: DF30
Experiment: delayed_acquisition
Group: 1
Box: 10
Start Time: 18:44:35
End Time:  6:57:54
MSN: Delayed_Acquisition2_w_magmacro
G:       0.000
H:       0.000
I:       0.000
J:       0.000
K:       0.000
N:       0.000
O:       0.000
P:       0.000
Q:       0.000
R:       0.000
S:       0.000
T:       0.000
U:       0.000
V:       0.000
W:       0.000
X:       0.000
Y:       0.000
Z:       0.000
A:
     0:        2.000       60.000  4320000.000        1.000        0.000
     5:        1.000    96000.000        0.000       10.000        0.000
    10:        0.000        0.000        0.000        0.000        0.000
    15:        0.000        0.000        0.000        0.000        0.000
    20:        0.000        0.000        0.000        0.000        0.000
    25:        0.000        0.000        0.000        0.000        0.000
    30:        0.000        0.000        0.000        0.000        0.000
    35:        0.000        0.000        0.000        0.000        0.000
    40:        0.000        0.000        0.000        0.000        0.000
    45:        0.000        0.000        0.000        0.000        0.000
    50:        0.000        0.000        0.000        0.000        0.000
    55:        0.000        0.000        0.000        0.000        0.000
    60:        0.000        0.000        0.000        0.000        0.000
    65:        0.000        0.000        0.000        0.000        0.000
    70:        0.000        0.000        0.000        0.000        0.000
    75:        0.000        0.000        0.000        0.000        0.000
    80:        0.000        0.000        0.000        0.000        0.000
    85:        0.000        0.000        0.000        0.000        0.000
    90:        0.000        0.000        0.000        0.000        0.000
    95:        0.000        0.000        0.000        0.000        0.000
   100:        0.000
B:
     0:  4320000.000  4323834.000        1.000        9.000        0.000
     5:        0.000        0.000        9.000      492.000      704.000
    10:        0.000      393.000       18.000       23.000      160.000
    15:        0.000        9.000        0.000        0.000        0.000
    20:        0.000        0.000        0.000        0.000        0.000
    25:        0.000        0.000        0.000        0.000        0.000
    30:        1.238        0.000        0.000       90.000        0.000
    35:        0.000        0.000        0.000        0.000        0.000
    40:        0.000        0.000        0.000        0.000        0.000
    45:        0.000        0.000        0.000        0.000        0.000
    50:        0.000        0.000        0.000        0.000        0.000
    55:        0.000        0.000        0.000        0.000        0.000
    60:        0.000        0.000        0.000        0.000        0.000
    65:        0.000        0.000        0.000        0.000        0.000
    70:        0.000        0.000        0.000        0.000        0.000
    75:        0.000        0.000        0.000        0.000        0.000
    80:        0.000        0.000        0.000        0.000        0.000
    85:        0.000        0.000        0.000        0.000        0.000
    90:        0.000        0.000        0.000        0.000        0.000
    95:        0.000        0.000        0.000        0.000        0.000
   100:        0.000
C:
     0:     1271.300     1279.300     1574.100    97575.200    97575.200
     5:    97575.200    97575.200    97575.200    97575.200    97575.200
    10:    97575.200    97575.200    97575.200    97817.300    97853.300
    15:    97876.300    97885.300    97913.300    97923.300    97966.300
    20:   100183.300   100802.300   100829.300   100845.300   100885.300
    25:   100899.300   100903.300   100972.300   101368.300   101490.300
    30:   101875.300   101946.300   101972.300   102903.300   103115.300
    35:   103187.300   103476.300   103636.300   103661.300   107567.300
    40:   138690.300   138718.300   138730.300   139735.300   139777.300
    45:   149153.300   149155.300   150765.300   150779.300   151132.300
    50:   151175.300   151227.300   155819.300   157390.300   157478.300
    55:   157525.300   157768.100   253769.200   253769.200   253769.200
    60:   253769.200   253769.200   253769.200   253769.200   253769.200
    65:   253769.200   253769.200   254362.300   254389.300   254411.300
    70:   254417.300   254432.300   254473.300   254491.300   254516.300
    75:   254535.300   254559.300   254569.300   254582.300   254590.300
    80:   254606.300   254623.300   254629.300   254647.300   254669.300
    85:   254692.300   254712.300   254734.300   256332.300   257423.300
    90:   257817.300   258521.300   258547.300   258753.300   258910.300
    95:   259312.300   259512.300   259539.300   259562.300   259783.300
   100:   259892.300   260528.300   260541.300   260669.300   260697.300
   105:   260762.300   260770.300   260793.300   261074.300   263369.300
   110:   263477.300   263656.300   267200.300   269827.300   270847.300
   115:   272765.300   277749.100   373750.200   373750.200   373750.200
   120:   373750.200   373750.200   373750.200   373750.200   373750.200
   125:   373750.200   373750.200   375038.300   375175.300   375197.300
   130:   375228.300   375248.300   375254.300   375268.300   375293.300
   135:   375316.300   375525.300   376160.300   377132.300   377142.300
   140:   377149.300   377206.300   377226.300   377241.300   377250.300
   145:   377271.300   377352.300   377399.300   377426.300   377443.300
   150:   377464.300   377471.300   377504.300   377590.300   378305.300
   155:   378321.300   379382.300   379686.300   379716.300   381817.300
   160:   389130.300   391592.300   423308.300   423632.300   423669.300
   165:   497880.300   497910.300   500262.300   500355.300   575809.300
   170:   577848.300   577879.300   581138.300   623643.300   637334.300
   175:   637360.300   637819.300   642092.300   644752.300   649464.300
   180:   692852.300   692908.300   692955.300   701150.300   732923.300
   185:   778378.300   785578.300   788040.300   788131.300   788620.300
   190:   788637.300   800678.300   862459.300   876802.300   877184.300
   195:   891671.300   932996.300   933018.300   933031.300   935901.300
   200:   943847.300   944329.300   945800.300   945968.300   946303.300
   205:   946339.300   953205.300   986197.300   993676.300  1001434.300
   210:  1027393.300  1037432.300  1037469.300  1037530.300  1037591.300
   215:  1037607.300  1042406.300  1042416.300  1050586.300  1109396.300
   220:  1111946.300  1127775.100  1223776.200  1223776.200  1223776.200
   225:  1223776.200  1223776.200  1223776.200  1223776.200  1223776.200
   230:  1223776.200  1223776.200  1224074.300  1224093.300  1224132.300
   235:  1224468.300  1226721.300  1226729.300  1226746.300  1228206.300
   240:  1228271.300  1228316.300  1228330.300  1228338.300  1228353.300
   245:  1228401.300  1228415.300  1228423.300  1228438.300  1228446.300
   250:  1228516.300  1228582.300  1228670.300  1228687.300  1228790.300
   255:  1228809.300  1228839.300  1228922.300  1228941.300  1228965.300
   260:  1229322.300  1284866.300  1285044.100  1381045.200  1381045.200
   265:  1381045.200  1381045.200  1381045.200  1381045.200  1381045.200
   270:  1381045.200  1381045.200  1381045.200  1381442.300  1381448.300
   275:  1381465.300  1381486.300  1381507.300  1381525.300  1381592.300
   280:  1383602.300  1383620.300  1383640.300  1385432.300  1385557.300
   285:  1385576.300  1386753.300  1388683.300  1392219.300  1392666.300
   290:  1392688.300  1396362.300  1396536.100  1492537.200  1492537.200
   295:  1492537.200  1492537.200  1492537.200  1492537.200  1492537.200
   300:  1492537.200  1492537.200  1492537.200  1496690.300  1497171.300
   305:  1497492.300  1499122.300  1499583.300  1499690.300  1499941.300
   310:  1499965.300  1499998.300  1500605.300  1505323.300  1505438.300
   315:  1505609.300  1508962.300  1509059.300  1510843.300  1514467.300
   320:  1514504.300  1518043.300  1521001.300  1595692.300  1595760.300
   325:  1622397.300  1626388.300  1725284.300  1756319.300  1756335.300
   330:  1780979.300  1781139.300  1781198.300  1781274.300  1781364.300
   335:  1805812.300  1805836.300  1813303.300  1832942.300  2020517.300
   340:  2020592.300  2023397.300  2023454.300  2068038.300  2090347.300
   345:  2107281.300  2107415.300  2108015.100  2204016.200  2204016.200
   350:  2204016.200  2204016.200  2204016.200  2204016.200  2204016.200
   355:  2204016.200  2204016.200  2204016.200  2207250.300  2207725.300
   360:  2207757.300  2208343.300  2208374.300  2208386.300  2208424.300
   365:  2209378.300  2209561.300  2210152.300  2214068.300  2214094.300
   370:  2298981.300  2299024.300  2299093.300  2299124.300  2300466.300
   375:  2305153.100  2401154.200  2401154.200  2401154.200  2401154.200
   380:  2401154.200  2401154.200  2401154.200  2401154.200  2401154.200
   385:  2401154.200  2401876.300  2401900.300  2401967.300  2401989.300
   390:  2402009.300  2402028.300  2402080.300  2402102.300  2402122.300
   395:  2402142.300  2402163.300  2402183.300  2402205.300  2402245.300
   400:  2402442.300  2402460.300  2402503.300  2404039.300  2404449.300
   405:  2404485.300  2404504.300  2404523.300  2404607.300  2404779.300
   410:  2404798.300  2405886.300  2435536.300  2435774.300  2444657.300
   415:  2444688.300  2444771.300  2448242.100  2544243.200  2544243.200
   420:  2544243.200  2544243.200  2544243.200  2544243.200  2544243.200
   425:  2544243.200  2544243.200  2544243.200  2544680.300  2544714.300
   430:  2544730.300  2544753.300  2547415.300  2548051.300  2548117.300
   435:  2548139.300  2548205.300  2548680.300  2548744.300  2549302.300
   440:  2549331.300  2549575.300  2549593.300  2550894.300  2551187.300
   445:  2566382.300  2633359.300  2642370.300  2642413.300  2642468.300
   450:  2642543.300  2642576.300  2642611.300  2645638.300  2646135.300
   455:  3110074.300  3110140.300  3110206.300  3110418.300  3110509.300
   460:  3110712.300  3110748.300  3118962.300  3485812.300  3577996.300
   465:  3578032.300  3591085.300  3591105.300  3591177.300  3591209.300
   470:  3591242.300  3591277.300  3596545.300  3596734.300  3735795.300
   475:  3735822.300  3739204.300  3739304.300  3739720.300  3739793.300
   480:  3739869.300  3747844.300  3747884.300  3771479.300  3771521.300
   485:  3780668.300  4240804.300  4240815.300  4240891.300  4244992.300
   490:  4245082.300  4245149.300
D:
     0:        0.111     1271.600     1279.600     1574.200     6420.250
     5:     6445.250    10589.650    10752.250    10779.250    30179.250
    10:    30193.250    30251.650    30298.650    30352.650    35694.650
    15:    43261.650    43402.250    43550.250    43617.250    43645.250
    20:    43676.250    43696.650    43758.650    43836.650    43885.650
    25:    53769.650    56865.650    60968.650    61006.650    61580.650
    30:    61638.650    63912.650    63927.650    64276.650    64361.650
    35:    68270.250    68298.250    68610.650    68638.650    72215.650
    40:    72543.650    72549.650    72614.650    72951.650    72997.650
    45:    81497.650    81886.650    81957.650    82668.250    84116.650
    50:    84164.650    84199.650    84430.650    87502.650    97575.400
    55:    97620.410    97669.410    97714.410    97742.610    97751.610
    60:    97758.610    97763.410    97808.410    97857.410    97902.410
    65:    97951.410    97996.410    98001.420    98243.600    98279.600
    70:    98302.600    98311.600    98339.600    98349.600    98392.600
    75:   100609.600   101228.600   101255.600   101271.600   101311.600
    80:   101325.600   101329.600   101398.600   101794.600   101916.600
    85:   102301.600   102372.600   102398.600   103329.600   103541.600
    90:   103613.600   103902.600   104062.600   104087.600   107993.600
    95:   139116.600   139144.600   139156.600   140161.600   140203.600
   100:   149579.600   149581.600   151191.600   151205.600   151558.600
   105:   151601.600   151653.600   156245.600   157816.600   157904.600
   110:   157951.600   158194.200   158492.250   158613.650   158660.650
   115:   158695.650   158796.650   160408.650   162563.650   163168.250
   120:   163245.650   167014.650   167465.650   167489.650   167574.650
   125:   168253.650   197676.650   197918.650   197944.650   207814.650
   130:   207860.650   207894.650   208087.650   208229.650   208326.650
   135:   208426.650   227544.650   230405.650   230515.650   230724.650
   140:   230778.650   236337.650   246634.650   254195.400   254240.410
   145:   254289.410   254290.610   254307.610   254323.610   254334.410
   150:   254383.410   254428.410   254477.410   254522.410   254571.410
   155:   254616.410   254621.420   255214.600   255241.600   255263.600
   160:   255269.600   255284.600   255325.600   255343.600   255368.600
   165:   255387.600   255411.600   255421.600   255434.600   255442.600
   170:   255458.600   255475.600   255481.600   255499.600   255521.600
   175:   255544.600   255564.600   255586.600   257184.600   258275.600
   180:   258669.600   259373.600   259399.600   259605.600   259762.600
   185:   260164.600   260364.600   260391.600   260414.600   260635.600
   190:   260744.600   261380.600   261393.600   261521.600   261549.600
   195:   261614.600   261622.600   261645.600   261926.600   264221.600
   200:   264329.600   264508.600   268052.600   270679.600   271699.600
   205:   273617.600   278601.200   278813.250   279045.650   283278.650
   210:   322403.650   322607.650   322917.650   323598.650   327263.650
   215:   329998.650   368759.650   369354.250   369403.650   369501.650
   220:   372602.650   374602.400   374647.410   374688.610   374696.410
   225:   374701.610   374735.610   374741.410   374790.410   374835.410
   230:   374884.410   374929.410   374978.410   375023.410   375028.420
   235:   376316.600   376453.600   376475.600   376506.600   376526.600
   240:   376532.600   376546.600   376571.600   376594.600   376803.600
   245:   377438.600   378410.600   378420.600   378427.600   378484.600
   250:   378504.600   378519.600   378528.600   378549.600   378630.600
   255:   378677.600   378704.600   378721.600   378742.600   378749.600
   260:   378782.600   378868.600   379583.600   379599.600   380660.600
   265:   380964.600   380994.600   383095.600   390408.600   392870.600
   270:   424586.600   424910.600   424947.600   499158.600   499188.600
   275:   501540.600   501633.600   577087.600   579126.600   579157.600
   280:   582416.600   624921.600   638612.600   638638.600   639097.600
   285:   643370.600   646030.600   650742.600   694130.600   694186.600
   290:   694233.600   702428.600   734201.600   779656.600   786856.600
   295:   789318.600   789409.600   789898.600   789915.600   801956.600
   300:   863737.600   878080.600   878462.600   892949.600   934274.600
   305:   934296.600   934309.600   937179.600   945125.600   945607.600
   310:   947078.600   947246.600   947581.600   947617.600   954483.600
   315:   987475.600   994954.600  1002712.600  1028671.600  1038710.600
   320:  1038747.600  1038808.600  1038869.600  1038885.600  1043684.600
   325:  1043694.600  1051864.600  1110674.600  1113224.600  1129053.200
   330:  1129177.250  1129369.650  1129426.650  1134948.650  1137692.650
   335:  1137926.650  1137954.650  1138002.650  1138055.650  1138175.650
   340:  1138228.650  1143783.650  1143853.650  1143996.650  1152113.650
   345:  1199236.650  1225054.400  1225099.410  1225148.410  1225174.610
   350:  1225189.610  1225193.410  1225242.410  1225287.410  1225336.410
   355:  1225381.410  1225430.410  1225475.410  1225480.420  1225778.600
   360:  1225797.600  1225836.600  1226172.600  1228425.600  1228433.600
   365:  1228450.600  1229910.600  1229975.600  1230020.600  1230034.600
   370:  1230042.600  1230057.600  1230105.600  1230119.600  1230127.600
   375:  1230142.600  1230150.600  1230220.600  1230286.600  1230374.600
   380:  1230391.600  1230494.600  1230513.600  1230543.600  1230626.600
   385:  1230645.600  1230669.600  1231026.600  1286570.600  1286748.200
   390:  1299022.650  1299039.650  1299074.650  1303092.650  1311676.650
   395:  1311886.650  1311904.650  1314206.650  1314225.650  1314266.650
   400:  1315318.650  1315376.650  1317189.650  1317235.650  1317956.650
   405:  1317989.650  1318436.650  1320184.650  1320200.650  1321709.650
   410:  1327348.650  1333687.650  1333884.650  1334470.650  1335770.650
   415:  1367825.650  1368087.650  1381775.650  1382749.400  1382794.410
   420:  1382843.410  1382888.410  1382937.410  1382976.610  1382982.410
   425:  1382983.610  1383031.410  1383076.410  1383125.410  1383170.410
   430:  1383175.420  1383572.600  1383578.600  1383595.600  1383616.600
   435:  1383637.600  1383655.600  1383722.600  1385732.600  1385750.600
   440:  1385770.600  1387562.600  1387687.600  1387706.600  1388883.600
   445:  1390813.600  1394349.600  1394796.600  1394818.600  1398492.600
   450:  1398666.200  1398695.250  1398812.650  1398816.650  1398842.650
   455:  1401578.650  1402279.650  1405590.650  1407998.650  1416294.650
   460:  1422132.650  1431118.650  1436772.650  1436794.650  1443524.650
   465:  1451551.650  1453563.650  1458098.650  1474651.650  1474684.650
   470:  1494667.400  1494712.410  1494761.410  1494782.610  1494806.410
   475:  1494817.610  1494855.410  1494900.410  1494949.410  1494994.410
   480:  1495043.410  1495088.410  1495093.420  1499246.600  1499727.600
   485:  1500048.600  1501678.600  1502139.600  1502246.600  1502497.600
   490:  1502521.600  1502554.600  1503161.600  1507879.600  1507994.600
   495:  1508165.600  1511518.600  1511615.600  1513399.600  1517023.600
   500:  1517060.600  1520599.600  1523557.600  1598248.600  1598316.600
   505:  1624953.600  1628944.600  1727840.600  1758875.600  1758891.600
   510:  1783535.600  1783695.600  1783754.600  1783830.600  1783920.600
   515:  1808368.600  1808392.600  1815859.600  1835498.600  2023073.600
   520:  2023148.600  2025953.600  2026010.600  2070594.600  2092903.600
   525:  2109837.600  2109971.600  2110571.200  2111289.650  2148669.650
   530:  2148717.650  2148755.650  2148769.650  2162427.650  2162487.650
   535:  2168491.250  2169887.650  2169938.650  2170049.650  2206572.400
   540:  2206617.410  2206654.610  2206666.410  2206711.410  2206760.410
   545:  2206805.410  2206854.410  2206899.410  2206948.410  2206993.410
   550:  2206998.420  2210232.600  2210707.600  2210739.600  2211325.600
   555:  2211356.600  2211368.600  2211406.600  2212360.600  2212543.600
   560:  2213134.600  2217050.600  2217076.600  2301963.600  2302006.600
   565:  2302075.600  2302106.600  2303448.600  2308135.200  2308172.250
   570:  2382075.650  2389732.650  2389920.650  2389957.650  2390042.650
   575:  2390160.650  2390201.650  2404136.400  2404181.410  2404220.610
   580:  2404230.410  2404275.410  2404324.410  2404369.410  2404418.410
   585:  2404463.410  2404512.410  2404557.410  2404562.420  2405284.600
   590:  2405308.600  2405375.600  2405397.600  2405417.600  2405436.600
   595:  2405488.600  2405510.600  2405530.600  2405550.600  2405571.600
   600:  2405591.600  2405613.600  2405653.600  2405850.600  2405868.600
   605:  2405911.600  2407447.600  2407857.600  2407893.600  2407912.600
   610:  2407931.600  2408015.600  2408187.600  2408206.600  2409294.600
   615:  2438944.600  2439182.600  2448065.600  2448096.600  2448179.600
   620:  2451650.200  2451858.250  2451912.650  2451947.650  2452502.650
   625:  2452646.650  2467005.650  2547651.400  2547696.410  2547745.410
   630:  2547790.410  2547798.610  2547839.410  2547884.410  2547933.410
   635:  2547978.410  2548027.410  2548072.410  2548077.420  2548514.600
   640:  2548548.600  2548564.600  2548587.600  2551249.600  2551885.600
   645:  2551951.600  2551973.600  2552039.600  2552514.600  2552578.600
   650:  2553136.600  2553165.600  2553409.600  2553427.600  2554728.600
   655:  2555021.600  2570216.600  2637193.600  2646204.600  2646247.600
   660:  2646302.600  2646377.600  2646410.600  2646445.600  2649472.600
   665:  2649969.600  3113908.600  3113974.600  3114040.600  3114252.600
   670:  3114343.600  3114546.600  3114582.600  3122796.600  3489646.600
   675:  3581830.600  3581866.600  3594919.600  3594939.600  3595011.600
   680:  3595043.600  3595076.600  3595111.600  3600379.600  3600568.600
   685:  3739629.600  3739656.600  3743038.600  3743138.600  3743554.600
   690:  3743627.600  3743703.600  3751678.600  3751718.600  3775313.600
   695:  3775355.600  3784502.600  4244638.600  4244649.600  4244725.600
   700:  4248826.600  4248916.600  4248983.600  4323834.999
E:
     0:        5.200       16.300       28.800       43.200       59.900
     5:       80.100      105.300      139.300      191.600      330.300
F:
     0:        0.000        0.000        0.000        0.000        0.000
     5:        0.000
L:
     0:      166.000       94.000       85.000      119.000      226.000
     5:      114.000       81.000       83.000      146.000
M:
     0:        0.000        0.000        0.000        0.000        0.000
     5:        0.000
