File: C:\MED-PC IV\DATA\!2023-03-03_19h13m.Subject DF28


Start Date: 03/03/23
End Date: 03/04/23
Subject: DF28
Experiment: delayed_acquisition
Group: 1
Box: 8
Start Time: 19:13:58
End Time:  7:26:27
MSN: Delayed_Acquisition2_w_magmacro
G:       0.000
H:       0.000
I:       0.000
J:       0.000
K:       0.000
N:       0.000
O:       0.000
P:       0.000
Q:       0.000
R:       0.000
S:       0.000
T:       0.000
U:       0.000
V:       0.000
W:       0.000
X:       0.000
Y:       0.000
Z:       0.000
A:
     0:        2.000       60.000  4320000.000        2.000        0.000
     5:        1.000    96000.000        0.000       10.000        0.000
    10:        0.000        0.000        0.000        0.000        0.000
    15:        0.000        0.000        0.000        0.000        0.000
    20:        0.000        0.000        0.000        0.000        0.000
    25:        0.000        0.000        0.000        0.000        0.000
    30:        0.000        0.000        0.000        0.000        0.000
    35:        0.000        0.000        0.000        0.000        0.000
    40:        0.000        0.000        0.000        0.000        0.000
    45:        0.000        0.000        0.000        0.000        0.000
    50:        0.000        0.000        0.000        0.000        0.000
    55:        0.000        0.000        0.000        0.000        0.000
    60:        0.000        0.000        0.000        0.000        0.000
    65:        0.000        0.000        0.000        0.000        0.000
    70:        0.000        0.000        0.000        0.000        0.000
    75:        0.000        0.000        0.000        0.000        0.000
    80:        0.000        0.000        0.000        0.000        0.000
    85:        0.000        0.000        0.000        0.000        0.000
    90:        0.000        0.000        0.000        0.000        0.000
    95:        0.000        0.000        0.000        0.000        0.000
   100:        0.000
B:
     0:  4320000.000  4322556.000        1.000        6.000        0.000
     5:        0.000        0.000        6.000      577.000      684.000
    10:        0.000      511.000        6.000        6.000       87.000
    15:        0.000        6.000        0.000        0.000        0.000
    20:        0.000        0.000        0.000        0.000        0.000
    25:        0.000        0.000        0.000        0.000        0.000
    30:        0.885        0.000        0.000       60.000        0.000
    35:        0.000        0.000        0.000        0.000        0.000
    40:        0.000        0.000        0.000        0.000        0.000
    45:        0.000        0.000        0.000        0.000        0.000
    50:        0.000        0.000        0.000        0.000        0.000
    55:        0.000        0.000        0.000        0.000        0.000
    60:        0.000        0.000        0.000        0.000        0.000
    65:        0.000        0.000        0.000        0.000        0.000
    70:        0.000        0.000        0.000        0.000        0.000
    75:        0.000        0.000        0.000        0.000        0.000
    80:        0.000        0.000        0.000        0.000        0.000
    85:        0.000        0.000        0.000        0.000        0.000
    90:        0.000        0.000        0.000        0.000        0.000
    95:        0.000        0.000        0.000        0.000        0.000
   100:        0.000
C:
     0:     4181.300     4231.300     6173.300     6189.300     6204.300
     5:    11822.300    11831.300    16595.300    16957.100   112958.200
    10:   112958.200   112958.200   112958.200   112958.200   112958.200
    15:   112958.200   112958.200   112958.200   112958.200   112993.300
    20:   117521.300   123073.300   140134.300   140175.300   140383.300
    25:   154229.300   154259.300   160380.300   167777.300   176063.300
    30:   176091.300   176524.300   176534.300   176702.300   177102.300
    35:   183524.300   187848.300   188233.300   200677.300   203628.300
    40:   209854.300   214182.300   218777.300   218833.300   237114.300
    45:   250309.300   255126.300   267181.300   269094.300   269315.300
    50:   269437.300   269444.300   269457.300   269818.300   269853.300
    55:   269890.300   270085.300   270133.300   270435.300   270464.300
    60:   270499.300   270681.300   270721.300   270844.300   271233.300
    65:   271243.300   271247.300   271771.300   273288.300   289601.300
    70:   317981.300   318236.300   318304.300   331183.300   331562.300
    75:   339810.300   340421.300   345289.300   345644.300   368828.300
    80:   368908.300   378235.300   409276.300   409414.300   409528.300
    85:   410067.300   413233.300   416828.300   416847.300   417210.300
    90:   417218.300   417380.300   435716.300   436095.300   436148.300
    95:   436192.300   436832.100   532833.200   532833.200   532833.200
   100:   532833.200   532833.200   532833.200   532833.200   532833.200
   105:   532833.200   532833.200   537262.300   537638.300   537848.300
   110:   538014.300   538138.300   539325.300   539509.300   539681.300
   115:   539859.300   539922.300   540335.300   540503.300   540727.300
   120:   540748.300   540832.300   540845.300   540854.300   546185.100
   125:   642186.200   642186.200   642186.200   642186.200   642186.200
   130:   642186.200   642186.200   642186.200   642186.200   642186.200
   135:   648561.300   648591.300   648678.300   649217.300   649363.300
   140:   649780.300   650074.300   650114.300   650192.300   650301.300
   145:   650754.300   650786.300   657256.300   657540.300   661219.300
   150:   707635.300   707709.300   708561.300   714338.300   723149.300
   155:   730438.300   730489.300   730504.300   730525.300   730530.300
   160:   730580.300   730607.300   730613.300   737253.300   737310.300
   165:   737388.300   737407.300   737567.300   743602.300   743638.300
   170:   743689.300   743715.300   743767.300   743810.300   743856.300
   175:   743887.300   743930.300   748348.300   763282.300   763367.300
   180:   768019.300   779255.300   784782.300   797987.300   798027.300
   185:   798137.300   803967.300   804254.300   804388.300   807437.300
   190:   807458.300   807922.300   831357.300   838546.300   838595.300
   195:   842864.300   842903.300   842944.300   842985.300   843017.300
   200:   843042.300   843059.300   843104.300   843164.300   843199.300
   205:   843226.300   851172.300   855483.300   855556.300   862598.300
   210:   882895.300   888490.300   888494.300   892716.300   893076.300
   215:   894326.300   903382.300   904050.300   907744.300   908858.300
   220:   909042.300   909067.300   909086.300   909098.300   909109.300
   225:   909143.300   909212.300   909263.300   909318.300   911232.300
   230:   911344.300   911359.300   911396.300   917426.300   917450.300
   235:   918718.300   928295.300   928350.300   929058.300   930021.300
   240:   930733.300   930754.300   930859.300   930908.300   930918.300
   245:   931456.300   931676.300   936919.300   947602.300   954548.300
   250:   954551.300   954653.300   955903.300   956124.300   956189.300
   255:   956198.300   956217.300   956272.300   956389.300   956654.300
   260:   957933.300   958131.300   961768.300   965766.300   966108.300
   265:   966114.300   966311.300   966379.300   966391.300   969234.300
   270:   976669.300   982805.300   982842.300   982884.300   982919.300
   275:   983291.300  1003516.300  1003552.300  1003569.300  1004431.300
   280:  1007337.300  1022930.300  1022941.300  1022993.300  1031338.300
   285:  1031365.300  1031466.300  1034143.300  1034184.300  1034306.300
   290:  1034669.300  1034705.300  1050439.300  1051340.300  1051406.300
   295:  1051442.300  1051508.300  1058719.300  1058862.300  1059885.300
   300:  1067098.300  1067215.300  1067876.300  1071897.300  1071964.300
   305:  1071981.300  1073178.300  1092655.300  1092696.300  1092869.300
   310:  1092907.300  1092945.300  1093059.300  1094543.300  1094566.300
   315:  1094754.300  1094794.300  1094810.300  1094882.300  1094936.300
   320:  1125923.300  1125961.300  1127950.300  1128150.300  1135445.300
   325:  1135467.300  1135536.300  1144308.300  1147987.300  1148296.300
   330:  1164941.300  1213695.300  1213738.300  1213830.300  1213888.300
   335:  1214571.300  1214680.300  1215809.300  1222725.300  1222843.300
   340:  1224310.300  1224497.300  1224540.300  1224567.300  1231924.300
   345:  1246497.300  1254570.300  1269653.300  1269670.300  1270058.300
   350:  1270140.300  1270224.300  1270235.300  1270401.300  1270656.300
   355:  1270668.300  1270773.300  1270814.300  1270864.300  1270891.300
   360:  1271525.300  1271669.300  1271678.300  1277620.300  1277689.300
   365:  1296379.300  1296393.300  1327203.300  1328555.300  1354090.300
   370:  1367200.300  1373315.300  1373340.300  1373968.300  1374390.300
   375:  1374761.300  1375199.300  1375276.300  1380503.300  1381288.300
   380:  1386994.300  1387046.300  1392031.300  1392090.300  1392134.300
   385:  1392191.300  1392240.300  1465590.300  1465624.300  1465834.300
   390:  1465985.300  1466234.300  1469164.300  1474327.300  1474333.300
   395:  1474493.300  1497394.300  1497495.300  1498369.300  1499954.300
   400:  1500479.300  1500990.300  1574737.300  1578691.300  1583413.100
   405:  1679414.200  1679414.200  1679414.200  1679414.200  1679414.200
   410:  1679414.200  1679414.200  1679414.200  1679414.200  1679414.200
   415:  1685377.300  1685382.300  1688397.300  1692080.300  1698333.300
   420:  1698622.300  1795786.300  1803317.300  1803433.300  1804529.300
   425:  1816509.300  1816670.300  1816989.300  1816991.300  1817340.300
   430:  1817354.300  1831199.300  1831824.300  1860673.300  1860833.300
   435:  1863923.300  1884623.300  1931658.300  1955419.300  1965705.300
   440:  1971899.300  1985420.300  1999335.300  1999395.300  2000130.300
   445:  2000225.300  2000257.300  2000296.300  2002137.300  2002228.300
   450:  2002332.300  2005973.300  2006048.300  2009960.300  2017800.300
   455:  2018408.300  2026323.300  2067909.300  2079648.300  2079859.300
   460:  2079908.300  2079914.300  2093293.300  2093337.300  2093381.300
   465:  2093697.300  2096422.300  2096573.300  2096782.300  2100066.300
   470:  2100094.300  2100124.300  2100210.300  2100273.300  2100837.300
   475:  2100850.300  2100955.300  2100956.300  2100965.300  2101171.300
   480:  2105381.300  2106056.300  2106083.300  2106154.300  2106197.300
   485:  2106218.300  2106239.300  2110405.300  2119427.300  2139071.300
   490:  2149997.300  2150146.300  2154386.300  2154426.300  2159808.300
   495:  2160335.300  2164053.300  2177492.300  2177535.300  2177787.300
   500:  2177982.300  2178035.300  2209454.300  2209461.300  2209480.300
   505:  2219672.300  2436253.300  2436291.300  2436321.300  2436817.300
   510:  2437176.300  2437209.300  2437251.300  2454377.300  2455197.100
   515:  2551198.200  2551198.200  2551198.200  2551198.200  2551198.200
   520:  2551198.200  2551198.200  2551198.200  2551198.200  2551198.200
   525:  2552929.300  2555637.300  2556178.300  2556540.300  2556583.300
   530:  2556588.300  2556597.300  2556618.300  2557132.300  2557283.300
   535:  2557302.300  2558827.300  2558977.300  2559241.300  2566099.300
   540:  2577492.300  2658952.300  2771853.300  2779211.300  2840252.300
   545:  2840415.300  2875911.300  2875932.300  2876414.300  2877282.300
   550:  2877347.300  2877353.300  3201183.300  3695451.300  3697878.300
   555:  3697896.300  3698390.300  4053533.100  4149534.200  4149534.200
   560:  4149534.200  4149534.200  4149534.200  4149534.200  4149534.200
   565:  4149534.200  4149534.200  4149534.200  4156591.300  4156935.300
   570:  4156953.300  4157938.300  4160405.300  4161607.300  4167859.300
   575:  4177669.300  4189744.300
D:
     0:        0.111     4181.600     4231.600     6173.600     6189.600
     5:     6204.600    11822.600    11831.600    16595.600    16957.200
    10:    20362.650    23072.250    23149.250    24720.650    24770.650
    15:    25005.650    27373.650    27652.650    27654.650    27663.650
    20:    27669.650    33948.650    37990.650    40323.650    41199.650
    25:    41494.650    41545.650    41577.650    47109.650    48287.650
    30:    51588.650    51653.650    51692.650    51708.650    51712.650
    35:    51725.650    59399.650    74767.650    74772.650    75853.650
    40:    75860.650    78496.650    78845.650    80870.650    87104.650
    45:    87172.650    87782.650    87895.650    90727.650    91026.650
    50:    91150.650    91206.650    91224.650    91900.650    92097.650
    55:    92425.650    93231.250    93376.250    96531.650   103754.650
    60:   104111.650   112124.650   112161.650   112958.400   113003.410
    65:   113021.610   113052.410   113097.410   113146.410   113191.410
    70:   113240.410   113285.410   113334.410   113379.410   113384.420
    75:   113419.600   117947.600   123499.600   140560.600   140601.600
    80:   140809.600   154655.600   154685.600   160806.600   168203.600
    85:   176489.600   176517.600   176950.600   176960.600   177128.600
    90:   177528.600   183950.600   188274.600   188659.600   201103.600
    95:   204054.600   210280.600   214608.600   219203.600   219259.600
   100:   237540.600   250735.600   255552.600   267607.600   269520.600
   105:   269741.600   269863.600   269870.600   269883.600   270244.600
   110:   270279.600   270316.600   270511.600   270559.600   270861.600
   115:   270890.600   270925.600   271107.600   271147.600   271270.600
   120:   271659.600   271669.600   271673.600   272197.600   273714.600
   125:   290027.600   318407.600   318662.600   318730.600   331609.600
   130:   331988.600   340236.600   340847.600   345715.600   346070.600
   135:   369254.600   369334.600   378661.600   409702.600   409840.600
   140:   409954.600   410493.600   413659.600   417254.600   417273.600
   145:   417636.600   417644.600   417806.600   436142.600   436521.600
   150:   436574.600   436618.600   437258.200   455217.650   467969.650
   155:   471635.650   472064.650   472306.650   490744.650   494190.650
   160:   533259.400   533304.410   533321.610   533353.410   533398.410
   165:   533447.410   533492.410   533541.410   533586.410   533635.410
   170:   533680.410   533685.420   538114.600   538490.600   538700.600
   175:   538866.600   538990.600   540177.600   540361.600   540533.600
   180:   540711.600   540774.600   541187.600   541355.600   541579.600
   185:   541600.600   541684.600   541697.600   541706.600   547037.200
   190:   547311.250   557700.650   583328.650   583546.650   609402.650
   195:   628793.650   635865.650   635898.650   643038.400   643083.410
   200:   643095.610   643132.410   643177.410   643226.410   643271.410
   205:   643320.410   643365.410   643414.410   643459.410   643464.420
   210:   649839.600   649869.600   649956.600   650495.600   650641.600
   215:   651058.600   651352.600   651392.600   651470.600   651579.600
   220:   652032.600   652064.600   658534.600   658818.600   662497.600
   225:   708913.600   708987.600   709839.600   715616.600   724427.600
   230:   731716.600   731767.600   731782.600   731803.600   731808.600
   235:   731858.600   731885.600   731891.600   738531.600   738588.600
   240:   738666.600   738685.600   738845.600   744880.600   744916.600
   245:   744967.600   744993.600   745045.600   745088.600   745134.600
   250:   745165.600   745208.600   749626.600   764560.600   764645.600
   255:   769297.600   780533.600   786060.600   799265.600   799305.600
   260:   799415.600   805245.600   805532.600   805666.600   808715.600
   265:   808736.600   809200.600   832635.600   839824.600   839873.600
   270:   844142.600   844181.600   844222.600   844263.600   844295.600
   275:   844320.600   844337.600   844382.600   844442.600   844477.600
   280:   844504.600   852450.600   856761.600   856834.600   863876.600
   285:   884173.600   889768.600   889772.600   893994.600   894354.600
   290:   895604.600   904660.600   905328.600   909022.600   910136.600
   295:   910320.600   910345.600   910364.600   910376.600   910387.600
   300:   910421.600   910490.600   910541.600   910596.600   912510.600
   305:   912622.600   912637.600   912674.600   918704.600   918728.600
   310:   919996.600   929573.600   929628.600   930336.600   931299.600
   315:   932011.600   932032.600   932137.600   932186.600   932196.600
   320:   932734.600   932954.600   938197.600   948880.600   955826.600
   325:   955829.600   955931.600   957181.600   957402.600   957467.600
   330:   957476.600   957495.600   957550.600   957667.600   957932.600
   335:   959211.600   959409.600   963046.600   967044.600   967386.600
   340:   967392.600   967589.600   967657.600   967669.600   970512.600
   345:   977947.600   984083.600   984120.600   984162.600   984197.600
   350:   984569.600  1004794.600  1004830.600  1004847.600  1005709.600
   355:  1008615.600  1024208.600  1024219.600  1024271.600  1032616.600
   360:  1032643.600  1032744.600  1035421.600  1035462.600  1035584.600
   365:  1035947.600  1035983.600  1051717.600  1052618.600  1052684.600
   370:  1052720.600  1052786.600  1059997.600  1060140.600  1061163.600
   375:  1068376.600  1068493.600  1069154.600  1073175.600  1073242.600
   380:  1073259.600  1074456.600  1093933.600  1093974.600  1094147.600
   385:  1094185.600  1094223.600  1094337.600  1095821.600  1095844.600
   390:  1096032.600  1096072.600  1096088.600  1096160.600  1096214.600
   395:  1127201.600  1127239.600  1129228.600  1129428.600  1136723.600
   400:  1136745.600  1136814.600  1145586.600  1149265.600  1149574.600
   405:  1166219.600  1214973.600  1215016.600  1215108.600  1215166.600
   410:  1215849.600  1215958.600  1217087.600  1224003.600  1224121.600
   415:  1225588.600  1225775.600  1225818.600  1225845.600  1233202.600
   420:  1247775.600  1255848.600  1270931.600  1270948.600  1271336.600
   425:  1271418.600  1271502.600  1271513.600  1271679.600  1271934.600
   430:  1271946.600  1272051.600  1272092.600  1272142.600  1272169.600
   435:  1272803.600  1272947.600  1272956.600  1278898.600  1278967.600
   440:  1297657.600  1297671.600  1328481.600  1329833.600  1355368.600
   445:  1368478.600  1374593.600  1374618.600  1375246.600  1375668.600
   450:  1376039.600  1376477.600  1376554.600  1381781.600  1382566.600
   455:  1388272.600  1388324.600  1393309.600  1393368.600  1393412.600
   460:  1393469.600  1393518.600  1466868.600  1466902.600  1467112.600
   465:  1467263.600  1467512.600  1470442.600  1475605.600  1475611.600
   470:  1475771.600  1498672.600  1498773.600  1499647.600  1501232.600
   475:  1501757.600  1502268.600  1576015.600  1579969.600  1584691.200
   480:  1584922.250  1613215.650  1613815.650  1613832.650  1628698.650
   485:  1629360.650  1640965.650  1640978.650  1641295.650  1641356.650
   490:  1641370.650  1641544.650  1641749.650  1642019.650  1644419.650
   495:  1647652.650  1647693.650  1647787.650  1648480.650  1656174.650
   500:  1656287.650  1680692.400  1680737.410  1680786.410  1680831.410
   505:  1680841.610  1680880.410  1680925.410  1680974.410  1681019.410
   510:  1681068.410  1681113.410  1681118.420  1687081.600  1687086.600
   515:  1690101.600  1693784.600  1700037.600  1700326.600  1797490.600
   520:  1805021.600  1805137.600  1806233.600  1818213.600  1818374.600
   525:  1818693.600  1818695.600  1819044.600  1819058.600  1832903.600
   530:  1833528.600  1862377.600  1862537.600  1865627.600  1886327.600
   535:  1933362.600  1957123.600  1967409.600  1973603.600  1987124.600
   540:  2001039.600  2001099.600  2001834.600  2001929.600  2001961.600
   545:  2002000.600  2003841.600  2003932.600  2004036.600  2007677.600
   550:  2007752.600  2011664.600  2019504.600  2020112.600  2028027.600
   555:  2069613.600  2081352.600  2081563.600  2081612.600  2081618.600
   560:  2094997.600  2095041.600  2095085.600  2095401.600  2098126.600
   565:  2098277.600  2098486.600  2101770.600  2101798.600  2101828.600
   570:  2101914.600  2101977.600  2102541.600  2102554.600  2102659.600
   575:  2102660.600  2102669.600  2102875.600  2107085.600  2107760.600
   580:  2107787.600  2107858.600  2107901.600  2107922.600  2107943.600
   585:  2112109.600  2121131.600  2140775.600  2151701.600  2151850.600
   590:  2156090.600  2156130.600  2161512.600  2162039.600  2165757.600
   595:  2179196.600  2179239.600  2179491.600  2179686.600  2179739.600
   600:  2211158.600  2211165.600  2211184.600  2221376.600  2437957.600
   605:  2437995.600  2438025.600  2438521.600  2438880.600  2438913.600
   610:  2438955.600  2456081.600  2456901.200  2552902.400  2552947.410
   615:  2552996.410  2553037.610  2553041.410  2553090.410  2553135.410
   620:  2553184.410  2553229.410  2553278.410  2553323.410  2553328.420
   625:  2555059.600  2557767.600  2558308.600  2558670.600  2558713.600
   630:  2558718.600  2558727.600  2558748.600  2559262.600  2559413.600
   635:  2559432.600  2560957.600  2561107.600  2561371.600  2568229.600
   640:  2579622.600  2661082.600  2773983.600  2781341.600  2842382.600
   645:  2842545.600  2878041.600  2878062.600  2878544.600  2879412.600
   650:  2879477.600  2879483.600  3203313.600  3697581.600  3700008.600
   655:  3700026.600  3700520.600  4055663.200  4064860.650  4138987.650
   660:  4144717.650  4144989.650  4151664.400  4151709.410  4151735.610
   665:  4151758.410  4151803.410  4151852.410  4151897.410  4151946.410
   670:  4151991.410  4152040.410  4152085.410  4152090.420  4159147.600
   675:  4159491.600  4159509.600  4160494.600  4162961.600  4164163.600
   680:  4170415.600  4180225.600  4192300.600  4322556.999
E:
     0:        5.200       16.300       28.800       43.200       59.900
     5:       80.100      105.300      139.300      191.600      330.300
F:
     0:        0.000        0.000        0.000        0.000        0.000
     5:        0.000
L:
     0:       62.000       61.000       56.000      148.000      134.000
     5:       70.000
M:
     0:        0.000        0.000        0.000        0.000        0.000
     5:        0.000
