File: C:\MED-PC IV\DATA\!2023-03-01_18h38m.Subject DF22


Start Date: 03/01/23
End Date: 03/02/23
Subject: DF22
Experiment: delayed_acquisition
Group: 1
Box: 2
Start Time: 18:38:31
End Time:  6:59:48
MSN: Delayed_Acquisition2_w_magmacro
G:       0.000
H:       0.000
I:       0.000
J:       0.000
K:       0.000
N:       0.000
O:       0.000
P:       0.000
Q:       0.000
R:       0.000
S:       0.000
T:       0.000
U:       0.000
V:       0.000
W:       0.000
X:       0.000
Y:       0.000
Z:       0.000
A:
     0:        2.000       60.000  4320000.000        2.000        0.000
     5:        1.000    96000.000        0.000       10.000        0.000
    10:        0.000        0.000        0.000        0.000        0.000
    15:        0.000        0.000        0.000        0.000        0.000
    20:        0.000        0.000        0.000        0.000        0.000
    25:        0.000        0.000        0.000        0.000        0.000
    30:        0.000        0.000        0.000        0.000        0.000
    35:        0.000        0.000        0.000        0.000        0.000
    40:        0.000        0.000        0.000        0.000        0.000
    45:        0.000        0.000        0.000        0.000        0.000
    50:        0.000        0.000        0.000        0.000        0.000
    55:        0.000        0.000        0.000        0.000        0.000
    60:        0.000        0.000        0.000        0.000        0.000
    65:        0.000        0.000        0.000        0.000        0.000
    70:        0.000        0.000        0.000        0.000        0.000
    75:        0.000        0.000        0.000        0.000        0.000
    80:        0.000        0.000        0.000        0.000        0.000
    85:        0.000        0.000        0.000        0.000        0.000
    90:        0.000        0.000        0.000        0.000        0.000
    95:        0.000        0.000        0.000        0.000        0.000
   100:        0.000
B:
     0:  4320000.000  4320852.000        1.000        2.000        0.000
     5:        0.000        0.000        2.000     1758.000     1850.000
    10:        0.000     1736.000        2.000        1.000       85.000
    15:        0.000        2.000        0.000        0.000        0.000
    20:        0.000        0.000        0.000        0.000        0.000
    25:        0.000        0.000        0.000        0.000        0.000
    30:        1.190        0.000        0.000       20.000        0.000
    35:        0.000        0.000        0.000        0.000        0.000
    40:        0.000        0.000        0.000        0.000        0.000
    45:        0.000        0.000        0.000        0.000        0.000
    50:        0.000        0.000        0.000        0.000        0.000
    55:        0.000        0.000        0.000        0.000        0.000
    60:        0.000        0.000        0.000        0.000        0.000
    65:        0.000        0.000        0.000        0.000        0.000
    70:        0.000        0.000        0.000        0.000        0.000
    75:        0.000        0.000        0.000        0.000        0.000
    80:        0.000        0.000        0.000        0.000        0.000
    85:        0.000        0.000        0.000        0.000        0.000
    90:        0.000        0.000        0.000        0.000        0.000
    95:        0.000        0.000        0.000        0.000        0.000
   100:        0.000
C:
     0:      108.300      118.300      128.300      281.300     1209.100
     5:    97210.200    97210.200    97210.200    97210.200    97210.200
    10:    97210.200    97210.200    97210.200    97210.200    97210.200
    15:   101512.300   101586.300   101686.300   101715.300   101746.300
    20:   101760.300   101776.300   101787.300   101805.300   101816.300
    25:   101868.300   101894.300   101915.300   102485.300   102891.300
    30:   103672.300   103862.300   104023.300   104200.300   104991.300
    35:   105015.300   105060.300   111588.300   112372.300   113368.300
    40:   113814.300   124774.300   132676.300   134981.300   135569.300
    45:   137989.300   146306.300   146538.300   146570.300   147946.300
    50:   149779.300   151457.300   152620.300   152654.300   155799.300
    55:   158018.300   158944.300   159551.300   160809.300   167307.300
    60:   167356.300   178264.300   178519.300   178740.300   179024.300
    65:   179847.300   180183.300   180900.300   182581.300   186852.300
    70:   190320.300   190380.300   190472.300   191982.300   210832.300
    75:   210906.300   212096.300   212247.300   216964.300   217256.300
    80:   217290.300   217429.300   217724.300   236076.300   236138.300
    85:   236198.300   236226.300   236263.300   249660.300   251769.300
    90:   253875.300   255577.300   256178.300   257698.300   262314.300
    95:   262414.300   263721.300   267961.300   270620.300   273071.300
   100:   273250.300   273814.300   273893.300   273897.300   273998.300
   105:   274064.300   274068.300   274077.300   274132.300   274169.300
   110:   274252.300   274297.300   275225.300   276097.300   276101.300
   115:   276162.300   276349.300   276409.300   276459.300   276546.300
   120:   276728.300   276774.300   277295.300   278133.300   279330.300
   125:   279353.300   280363.300   280704.300   282380.300   283763.300
   130:   284954.300   295707.300   296261.300   296493.300   301596.300
   135:   305461.300   306615.300   306689.300   308410.300   308439.300
   140:   308496.300   311476.300   314491.300   314633.300   316101.300
   145:   316126.300   318247.300   318389.300   319869.300   320111.300
   150:   328920.300   329534.300   330742.300   332921.300   332992.300
   155:   333595.300   337064.300   338113.300   339303.300   339315.300
   160:   339537.300   342265.300   342775.300   346130.300   348442.300
   165:   352079.300   354442.300   356333.300   356391.300   357738.300
   170:   357838.300   358263.300   362127.300   368841.300   373196.300
   175:   373832.300   373935.300   373939.300   374222.300   376635.300
   180:   380403.300   384442.300   385555.300   386858.300   387988.300
   185:   388042.300   388155.300   388506.300   388598.300   390529.300
   190:   392626.300   392678.300   394167.300   396322.300   396596.300
   195:   400666.300   406030.300   407591.300   408350.300   410020.300
   200:   410443.300   411296.300   411715.300   411742.300   411820.300
   205:   413324.300   413352.300   413382.300   414146.300   417602.300
   210:   417640.300   417706.300   421368.300   421887.300   426618.300
   215:   426923.300   428905.300   428994.300   429050.300   431967.300
   220:   439183.300   441334.300   441485.300   441559.300   442092.300
   225:   442152.300   443677.300   445525.300   446085.300   446128.300
   230:   446173.300   451115.300   452058.300   452243.300   453398.300
   235:   455393.300   455396.300   465544.300   465653.300   465699.300
   240:   465752.300   465759.300   465772.300   465821.300   471848.300
   245:   473139.300   473834.300   492840.300   492879.300   494492.300
   250:   495709.300   495760.300   503993.300   505197.300   512080.300
   255:   513134.300   513355.300   513412.300   513561.300   513627.300
   260:   513667.300   513724.300   542133.300   542671.300   543954.300
   265:   548846.300   548901.300   556041.300   556093.300   556157.300
   270:   556747.300   556809.300   557052.300   561460.300   561829.300
   275:   562194.300   569380.300   570116.300   570550.300   574938.300
   280:   580097.300   591251.300   591371.300   591886.300   592294.300
   285:   596525.300   598207.300   600668.300   603073.300   605725.300
   290:   605918.300   607456.300   609242.300   609385.300   609894.300
   295:   610481.300   610588.300   612872.300   612921.300   613632.300
   300:   616131.300   616340.300   618367.300   619922.300   619987.300
   305:   620269.300   621322.300   625287.300   626202.300   626439.300
   310:   635929.300   637472.300   642836.300   644297.300   645149.300
   315:   645554.300   662484.300   662499.300   662605.300   666554.300
   320:   671527.300   677114.300   678287.300   678542.300   678582.300
   325:   678959.300   679516.300   679543.300   701198.300   702096.300
   330:   703098.300   703871.300   703914.300   704668.300   704695.300
   335:   705572.300   705713.300   706708.300   706796.300   710218.300
   340:   710256.300   710346.300   710403.300   710440.300   711249.300
   345:   711295.300   712203.300   713664.300   713781.300   713825.300
   350:   714734.300   722373.300   723240.300   731186.300   732358.300
   355:   732518.300   734719.300   734931.300   738830.300   743949.300
   360:   745375.300   746210.300   752803.300   754182.300   754304.300
   365:   754371.300   754931.300   755078.300   755274.300   755277.300
   370:   755789.300   756131.300   756249.300   756450.300   756511.300
   375:   757359.300   757367.300   757777.300   760478.300   761574.300
   380:   761985.300   764719.300   765065.300   766121.300   767090.300
   385:   767256.300   767307.300   767376.300   768049.300   768555.300
   390:   768649.300   769802.300   771688.300   772672.300   776422.300
   395:   776473.300   777241.300   777413.300   777679.300   781657.300
   400:   785669.300   799050.300   803910.300   810020.300   810879.300
   405:   811049.300   821757.300   821761.300   824157.300   825554.300
   410:   828477.300   828517.300   829449.300   829607.300   830182.300
   415:   830226.300   832782.300   832927.300   838050.300   840313.300
   420:   840361.300   841162.300   841212.300   841301.300   847259.300
   425:   850273.300   850541.300   850941.300   851399.300   853976.300
   430:   854131.300   863175.300   868372.300   868410.300   869388.300
   435:   869454.300   870460.300   871324.300   871428.300   879249.300
   440:   882234.300   883097.300   884127.300   884767.300   889259.300
   445:   892135.300   892800.300   893018.300   893394.300   893497.300
   450:   898031.300   899355.300   901647.300   902867.300   902960.300
   455:   915512.300   915550.300   915783.300   916370.300   925153.300
   460:   925206.300   928738.300   930062.300   930172.300   939881.300
   465:   940857.300   943135.300   944087.300   946403.300   946469.300
   470:   946536.300   947518.300   948417.300   948524.300   948574.300
   475:   949234.300   949300.300   949376.300   949815.300   950724.300
   480:   951174.300   953930.300   955363.300   960559.300   961818.300
   485:   962820.300   962886.300   963094.300   976123.300   976177.300
   490:   981775.300   982914.300   982938.300   983188.300   984045.300
   495:   984970.300   986220.300   986283.300   987062.300   987674.300
   500:   988164.300   990252.300   991031.300   991272.300   991801.300
   505:   991820.300   991876.300   992772.300   993590.300   994305.300
   510:   994439.300   999860.300  1003421.300  1003469.300  1004377.300
   515:  1004990.300  1005034.300  1005942.300  1006904.300  1007920.300
   520:  1012463.300  1013381.300  1013500.300  1013581.300  1020617.300
   525:  1020865.300  1020912.300  1026318.300  1026343.300  1027105.300
   530:  1027805.300  1028376.300  1038026.300  1038165.300  1038260.300
   535:  1040663.300  1040686.300  1040713.300  1040769.300  1040842.300
   540:  1041006.300  1041066.300  1041197.300  1049897.300  1049968.300
   545:  1051088.300  1051184.300  1051227.300  1057890.300  1059062.300
   550:  1059180.300  1059273.300  1059324.300  1063661.300  1064707.300
   555:  1087552.300  1087556.300  1087570.300  1088109.300  1095131.300
   560:  1095158.300  1095901.300  1103060.300  1103142.300  1103193.300
   565:  1107797.300  1112702.300  1113520.300  1113643.300  1113704.300
   570:  1122408.300  1123279.300  1134944.300  1136068.300  1137621.300
   575:  1142055.300  1142776.300  1143387.300  1144751.300  1144824.300
   580:  1151543.300  1152486.300  1153156.300  1153754.300  1153799.300
   585:  1153840.300  1154004.300  1155116.300  1155170.300  1155671.300
   590:  1156331.300  1156445.300  1156619.300  1157278.300  1157866.300
   595:  1158361.300  1161237.300  1165571.300  1169246.300  1170003.300
   600:  1170228.300  1173190.300  1173590.300  1173751.300  1173851.300
   605:  1173933.300  1175319.300  1179291.300  1180335.300  1182993.300
   610:  1183771.300  1183829.300  1183939.300  1184103.300  1209677.300
   615:  1210367.300  1214171.300  1215173.300  1215951.300  1217371.300
   620:  1222849.300  1225384.300  1225483.300  1226649.300  1233076.300
   625:  1234101.300  1248679.300  1249613.300  1249663.300  1264164.300
   630:  1264204.300  1264732.300  1264803.300  1265191.300  1265968.300
   635:  1270260.300  1273053.300  1276185.300  1277042.300  1277124.300
   640:  1277185.300  1277852.300  1277919.300  1277995.300  1278790.300
   645:  1281018.300  1281801.300  1281849.300  1281938.300  1282758.300
   650:  1282821.300  1283816.300  1283858.300  1284065.300  1284980.300
   655:  1285654.300  1304109.300  1304186.300  1305204.300  1306750.300
   660:  1309489.300  1326037.300  1326696.300  1327413.300  1328216.300
   665:  1328221.300  1329217.300  1330641.300  1352576.300  1353850.300
   670:  1356812.300  1357858.300  1359097.300  1360071.300  1388894.300
   675:  1389477.300  1398763.300  1399836.300  1400824.300  1406058.300
   680:  1406093.300  1406844.300  1406933.300  1406982.300  1407761.300
   685:  1408382.300  1408732.300  1411984.300  1418204.300  1419669.300
   690:  1423862.300  1424435.300  1424561.300  1424604.300  1424957.300
   695:  1428318.300  1429284.300  1429362.300  1429374.300  1429383.300
   700:  1429393.300  1429488.300  1430305.300  1433795.300  1433884.300
   705:  1433913.300  1434215.300  1435130.300  1439724.300  1440320.300
   710:  1440461.300  1440730.300  1440765.300  1441842.300  1442099.300
   715:  1442390.300  1442875.300  1446928.300  1447662.300  1447728.300
   720:  1450293.300  1451174.300  1451272.300  1451757.300  1451976.300
   725:  1452078.300  1452139.300  1458304.300  1462006.300  1462116.300
   730:  1467250.300  1467373.300  1467971.300  1474252.300  1478670.300
   735:  1479211.300  1479434.300  1484849.300  1486603.300  1487079.300
   740:  1487271.300  1487474.300  1490340.300  1490424.300  1490538.300
   745:  1491530.300  1491621.300  1495429.300  1496676.300  1497076.300
   750:  1497559.300  1501072.300  1519134.300  1519237.300  1520793.300
   755:  1521645.300  1522320.300  1523075.300  1523507.300  1524279.300
   760:  1525558.300  1526904.300  1527024.300  1559532.300  1559588.300
   765:  1559874.300  1560641.300  1561557.300  1561808.300  1561864.300
   770:  1562370.300  1565100.300  1566208.300  1566294.300  1566342.300
   775:  1566422.300  1566730.300  1566934.300  1567598.300  1568174.300
   780:  1568193.300  1569317.300  1598622.300  1598698.300  1599489.300
   785:  1599680.300  1609338.300  1609622.300  1609654.300  1612937.300
   790:  1616110.300  1617018.300  1621839.300  1621917.300  1622672.300
   795:  1623047.300  1656381.300  1656896.300  1657405.300  1658109.300
   800:  1658816.300  1659862.300  1660231.300  1661625.300  1666876.300
   805:  1670595.300  1671740.300  1672971.300  1688322.300  1689252.300
   810:  1690110.300  1690223.300  1690389.300  1690984.300  1691421.300
   815:  1691565.300  1691594.300  1691641.300  1691993.300  1692847.300
   820:  1692890.300  1692973.300  1693658.300  1693940.300  1695851.300
   825:  1697414.300  1697616.300  1698233.300  1722129.300  1722349.300
   830:  1722445.300  1722858.300  1722894.300  1724319.300  1735233.300
   835:  1736051.300  1738020.300  1738926.300  1739053.300  1739924.300
   840:  1740004.300  1745075.300  1746120.300  1746173.300  1746267.300
   845:  1749215.300  1749879.300  1750067.300  1750275.300  1750438.300
   850:  1751016.300  1755035.300  1756960.300  1757720.300  1757988.300
   855:  1759864.300  1759886.300  1765440.300  1765949.300  1766001.300
   860:  1766147.300  1772407.300  1773207.300  1774034.300  1778311.300
   865:  1779167.300  1779206.300  1780154.300  1780879.300  1780946.300
   870:  1781388.300  1782215.300  1785905.300  1788332.300  1789298.300
   875:  1789660.300  1804340.300  1804350.300  1809080.300  1809445.300
   880:  1809802.300  1810725.300  1836079.300  1836697.300  1837103.300
   885:  1837481.300  1837531.300  1837543.300  1837556.300  1838447.300
   890:  1839509.300  1843998.300  1844991.300  1845797.300  2100969.300
   895:  2101436.300  2103687.300  2103743.300  2103765.300  2103966.300
   900:  2104220.300  2105118.300  2125218.300  2127419.300  2127624.300
   905:  2141137.300  2141233.300  2142098.300  2143741.300  2145177.300
   910:  2145372.300  2146619.300  2146633.300  2146672.300  2146682.300
   915:  2146709.300  2146722.300  2146759.300  2153737.300  2153810.300
   920:  2154422.300  2155236.300  2155294.300  2160427.300  2160563.300
   925:  2160957.300  2161017.300  2187817.300  2188764.300  2188911.300
   930:  2189523.300  2189771.300  2191351.300  2196078.300  2196768.300
   935:  2196923.300  2226376.300  2288059.300  2288101.300  2288548.300
   940:  2288580.300  2288964.300  2298734.300  2302372.300  2303353.300
   945:  2303454.300  2306883.300  2307255.300  2307859.300  2308781.300
   950:  2308829.300  2309583.300  2310087.300  2310636.300  2312404.300
   955:  2312463.300  2313701.300  2317673.300  2319111.300  2321067.300
   960:  2321146.300  2324358.300  2327210.300  2328221.300  2328979.300
   965:  2328986.300  2328993.300  2328998.300  2329010.300  2329192.300
   970:  2329292.300  2330375.300  2331506.300  2332179.300  2332228.300
   975:  2332321.300  2332437.300  2332592.300  2338463.300  2339365.300
   980:  2347982.300  2348144.300  2349939.300  2355791.300  2364556.300
   985:  2365911.300  2371905.300  2372814.300  2373413.300  2374332.300
   990:  2374671.300  2383433.300  2386814.300  2388091.300  2388215.300
   995:  2388986.300  2389882.300  2390576.300  2393665.300  2393902.300
  1000:  2396701.300  2413707.300  2413752.300  2413804.300  2414678.300
  1005:  2416728.300  2418077.300  2419011.300  2422959.300  2454498.300
  1010:  2455243.300  2461569.300  2470179.300  2471100.300  2472113.300
  1015:  2472155.300  2473454.300  2505466.300  2508734.300  2508792.300
  1020:  2509257.300  2512131.300  2515508.300  2516013.300  2516266.300
  1025:  2516298.300  2516343.300  2516347.300  2516354.300  2516382.300
  1030:  2516476.300  2516480.300  2516551.300  2516638.300  2516859.300
  1035:  2516880.300  2516902.300  2518278.300  2521025.300  2526265.300
  1040:  2526493.300  2531496.300  2531579.300  2532223.300  2532390.300
  1045:  2537454.300  2538366.300  2546479.300  2546589.300  2552371.300
  1050:  2553066.300  2553185.300  2559477.300  2561352.300  2561372.300
  1055:  2561821.300  2561975.300  2564635.300  2569815.300  2569826.300
  1060:  2569856.300  2570682.300  2570711.300  2570820.300  2574295.300
  1065:  2574299.300  2574362.300  2574424.300  2574506.300  2575199.300
  1070:  2575316.300  2575744.300  2575998.300  2576035.300  2579652.300
  1075:  2589011.300  2593921.300  2594816.300  2595030.300  2595094.300
  1080:  2600329.300  2600964.300  2601447.300  2603792.300  2603830.300
  1085:  2604495.300  2604574.300  2604725.300  2604899.300  2604979.300
  1090:  2605671.300  2605741.300  2606617.300  2612110.300  2622798.300
  1095:  2622883.300  2623391.300  2623928.300  2624259.300  2624506.300
  1100:  2624839.300  2625195.300  2625229.300  2626315.300  2626732.300
  1105:  2628139.300  2628264.300  2628950.300  2636605.300  2637633.300
  1110:  2637849.300  2637933.300  2645837.300  2645974.300  2647395.300
  1115:  2649829.300  2653804.300  2653825.300  2656296.300  2656310.300
  1120:  2656558.300  2656678.300  2658567.300  2658794.300  2659158.300
  1125:  2659466.300  2660065.300  2660088.300  2660093.300  2660132.300
  1130:  2662231.300  2665292.300  2665653.300  2665887.300  2665912.300
  1135:  2666057.300  2666211.300  2666286.300  2666451.300  2666884.300
  1140:  2668601.300  2668633.300  2668707.300  2668709.300  2668718.300
  1145:  2671113.300  2673621.300  2673639.300  2673767.300  2677368.300
  1150:  2677808.300  2677942.300  2680292.300  2680386.300  2685558.300
  1155:  2685921.300  2689060.300  2689128.300  2689400.300  2689481.300
  1160:  2689493.300  2689535.300  2689835.300  2689860.300  2689920.300
  1165:  2692253.300  2694759.300  2697431.300  2697544.300  2701136.300
  1170:  2702710.300  2702744.300  2717447.300  2722739.300  2723515.300
  1175:  2723570.300  2723626.300  2724180.300  2724608.300  2724650.300
  1180:  2725493.300  2725541.300  2728247.300  2728498.300  2741755.300
  1185:  2741992.300  2742260.300  2742280.300  2742357.300  2742792.300
  1190:  2742808.300  2742839.300  2742957.300  2742972.300  2742976.300
  1195:  2743377.300  2744995.300  2747087.300  2748053.300  2748723.300
  1200:  2776113.300  2784029.300  2784071.300  2784570.300  2784655.300
  1205:  2784662.300  2784942.300  2785007.300  2785568.300  2785733.300
  1210:  2791442.300  2797087.300  2797400.300  2797444.300  2797676.300
  1215:  2797740.300  2825037.300  2825051.300  2825547.300  2826085.300
  1220:  2826284.300  2826689.300  2827391.300  2827586.300  2828266.300
  1225:  2828334.300  2833694.300  2839427.300  2843697.300  2843744.300
  1230:  2844158.300  2850548.300  2851035.300  2851096.300  2851140.300
  1235:  2853967.300  2854631.300  2854697.300  2861172.300  2861814.300
  1240:  2862270.300  2862322.300  2863383.300  2863442.300  2867555.300
  1245:  2867991.300  2868155.300  2868513.300  2869221.300  2869247.300
  1250:  2869255.300  2870354.300  2880371.300  2880531.300  2880874.300
  1255:  2885281.300  2885331.300  2895161.300  2897009.300  2897536.300
  1260:  2897892.300  2898212.300  2906559.300  2909975.300  2918549.300
  1265:  2924843.300  2925499.300  2925803.300  2926056.300  2928376.300
  1270:  2930740.300  2933602.300  2934237.300  2934319.300  2936248.300
  1275:  2936302.300  2937204.300  2951504.300  2956172.300  2956185.300
  1280:  2956199.300  2956737.300  2956866.300  2957085.300  2957148.300
  1285:  2960479.300  2961206.300  2961971.300  2962022.300  2964036.300
  1290:  2968959.300  2971580.300  2972282.300  2972327.300  2978800.300
  1295:  2981740.300  2982289.300  2998733.300  2999903.300  3000081.300
  1300:  3000440.300  3000515.300  3000721.300  3001239.300  3012864.300
  1305:  3013211.300  3013474.300  3015988.300  3016038.300  3016146.300
  1310:  3016944.300  3017037.300  3017641.300  3018224.300  3018299.300
  1315:  3020462.300  3021101.300  3021208.300  3021613.300  3027228.300
  1320:  3028177.300  3028881.300  3029401.300  3030072.300  3030860.300
  1325:  3031419.300  3035112.300  3054669.300  3055616.300  3056336.300
  1330:  3056763.300  3065002.300  3328056.300  3328635.300  3328694.300
  1335:  3329362.300  3347022.300  3355359.300  3355686.300  3356534.300
  1340:  3357300.300  3357558.300  3358436.300  3359048.300  3359175.300
  1345:  3359285.300  3359399.300  3359948.300  3360014.300  3361508.300
  1350:  3368029.300  3369390.300  3370088.300  3370119.300  3371580.300
  1355:  3420439.300  3424227.300  3424953.300  3425573.300  3425979.300
  1360:  3426765.300  3427317.300  3440100.300  3440394.300  3440431.300
  1365:  3440518.300  3440851.300  3441826.300  3442210.300  3456617.300
  1370:  3457100.300  3457280.300  3457326.300  3457358.300  3457384.300
  1375:  3457985.300  3472755.300  3473527.300  3473704.300  3480496.300
  1380:  3480539.300  3483033.300  3483066.300  3492030.300  3492952.300
  1385:  3492958.300  3493013.300  3493017.300  3502712.300  3504494.300
  1390:  3504562.300  3508986.300  3510416.300  3510569.300  3511299.300
  1395:  3535932.300  3536009.300  3536790.300  3537412.300  3537532.300
  1400:  3539101.300  3539776.300  3540538.300  3559391.300  3560122.300
  1405:  3560389.300  3560709.300  3562894.300  3563706.300  3565061.300
  1410:  3568475.300  3569380.300  3570229.300  3574495.300  3576237.300
  1415:  3577370.300  3579147.300  3579495.300  3580104.300  3586265.300
  1420:  3586373.300  3587220.300  3587311.300  3587541.300  3587585.300
  1425:  3587634.300  3587650.300  3587699.300  3587749.300  3588648.300
  1430:  3616634.300  3619665.300  3620285.300  3620333.300  3622027.300
  1435:  3622434.300  3626392.300  3627227.300  3627729.300  3633291.300
  1440:  3633351.300  3639444.300  3643366.300  3648519.300  3649728.300
  1445:  3649758.300  3650787.300  3662017.300  3666758.300  3666828.300
  1450:  3667340.300  3668893.300  3669742.300  3670788.300  3675763.300
  1455:  3676005.300  3676365.300  3683584.300  3691590.300  3692573.300
  1460:  3692741.300  3696935.300  3696972.300  3697118.300  3697837.300
  1465:  3697950.300  3700255.300  3712455.300  3723520.300  3731231.300
  1470:  3731532.300  3735995.300  3736105.300  3736219.300  3736463.300
  1475:  3737259.300  3737329.300  3742928.300  3743000.300  3743183.300
  1480:  3743534.300  3752522.300  3756985.300  3761928.300  3762885.300
  1485:  3763338.300  3763578.300  3772194.300  3774811.300  3774869.300
  1490:  3779726.300  3779763.300  3780407.300  3780479.300  3780986.300
  1495:  3781058.300  3781097.300  3781639.300  3782007.300  3782343.300
  1500:  3782641.300  3782671.300  3782809.300  3783343.300  3783380.300
  1505:  3783585.300  3783635.300  3783676.300  3787492.300  3788377.300
  1510:  3788689.300  3788905.100  3884906.200  3884906.200  3884906.200
  1515:  3884906.200  3884906.200  3884906.200  3884906.200  3884906.200
  1520:  3884906.200  3884906.200  3887369.300  3887470.300  3887488.300
  1525:  3887494.300  3887522.300  3887535.300  3887559.300  3887587.300
  1530:  3887632.300  3887671.300  3887674.300  3887722.300  3887982.300
  1535:  3890044.300  3890056.300  3890381.300  3891208.300  3892997.300
  1540:  3898056.300  3898070.300  3898300.300  3899031.300  3900391.300
  1545:  3901198.300  3903074.300  3903222.300  3904173.300  3907450.300
  1550:  3908313.300  3908919.300  3908923.300  3913867.300  3916325.300
  1555:  3922756.300  3923610.300  3923885.300  3924291.300  3925682.300
  1560:  3925801.300  3926798.300  3927630.300  3932001.300  3935046.300
  1565:  3939356.300  3939476.300  3944427.300  3958224.300  3960731.300
  1570:  3961378.300  3962170.300  3967899.300  3968240.300  3971836.300
  1575:  3972442.300  3975260.300  3975876.300  3983942.300  3990472.300
  1580:  3991008.300  3991831.300  3998338.300  3998813.300  3998824.300
  1585:  3998867.300  3999062.300  4003596.300  4008793.300  4009398.300
  1590:  4009690.300  4009888.300  4009893.300  4009902.300  4009943.300
  1595:  4009947.300  4010456.300  4010482.300  4010532.300  4013203.300
  1600:  4015449.300  4015483.300  4015769.300  4016269.300  4016373.300
  1605:  4018376.300  4019700.300  4019779.300  4021357.300  4022012.300
  1610:  4024199.300  4027227.300  4035823.300  4039307.300  4039936.300
  1615:  4042051.300  4042714.300  4043844.300  4043870.300  4043924.300
  1620:  4044411.300  4044493.300  4050284.300  4050725.300  4052826.300
  1625:  4055695.300  4056427.300  4056566.300  4060937.300  4063042.300
  1630:  4065749.300  4066063.300  4074278.300  4075052.300  4075139.300
  1635:  4080152.300  4080217.300  4080317.300  4083307.300  4083425.300
  1640:  4086618.300  4087345.300  4091474.300  4097547.300  4099487.300
  1645:  4102715.300  4102982.300  4108293.300  4108980.300  4109085.300
  1650:  4109292.300  4112638.300  4118349.300  4125682.300  4129240.300
  1655:  4131759.300  4132357.300  4132464.300  4132947.300  4133340.300
  1660:  4152950.300  4153690.300  4160271.300  4161025.300  4161098.300
  1665:  4161561.300  4165242.300  4165394.300  4165608.300  4166056.300
  1670:  4166950.300  4167305.300  4167380.300  4178211.300  4178245.300
  1675:  4179659.300  4180295.300  4180442.300  4191631.300  4192315.300
  1680:  4196671.300  4197044.300  4197072.300  4200366.300  4200902.300
  1685:  4205489.300  4209349.300  4209569.300  4210464.300  4210782.300
  1690:  4211419.300  4217308.300  4221545.300  4223761.300  4223887.300
  1695:  4223933.300  4224146.300  4224347.300  4229846.300  4230660.300
  1700:  4234163.300  4235262.300  4237351.300  4237381.300  4238074.300
  1705:  4243102.300  4247571.300  4248294.300  4248778.300  4250807.300
  1710:  4254548.300  4255074.300  4255246.300  4259195.300  4262929.300
  1715:  4263021.300  4275290.300  4275867.300  4277278.300  4281396.300
  1720:  4283614.300  4284229.300  4284343.300  4287382.300  4290044.300
  1725:  4290504.300  4290730.300  4290925.300  4293097.300  4293237.300
  1730:  4295652.300  4296573.300  4296593.300  4296785.300  4296802.300
  1735:  4296806.300  4296810.300  4296953.300  4297379.300  4297475.300
  1740:  4297814.300  4299929.300  4302356.300  4302869.300  4302964.300
  1745:  4303032.300  4303428.300  4303460.300  4303579.300  4303628.300
  1750:  4303757.300  4303994.300  4308761.300  4315518.300  4315579.300
  1755:  4318942.300  4319158.300  4319836.300
D:
     0:        0.111      108.600      118.600      128.600      281.600
     5:     1209.200     4300.650     6066.650    16250.650    19571.650
    10:    19713.650    19733.650    19809.650    20910.650    20950.650
    15:    34314.650    34378.650    38525.650    38893.650    39650.650
    20:    40861.650    40887.650    41244.650    41254.650    41513.650
    25:    44149.650    46607.650    48144.650    48229.650    48280.650
    30:    50603.650    55193.650    56240.650    57675.650    57727.650
    35:    59009.650    59042.650    59130.650    59186.650    59572.650
    40:    59769.650    61630.650    65638.650    66657.650    71817.650
    45:    71828.650    77918.650    78870.650    87512.650    87554.650
    50:    92091.650    93694.650    97210.400    97255.410    97288.610
    55:    97304.410    97349.410    97398.410    97443.410    97492.410
    60:    97537.410    97586.410    97631.410    97636.420   101938.600
    65:   102012.600   102112.600   102141.600   102172.600   102186.600
    70:   102202.600   102213.600   102231.600   102242.600   102294.600
    75:   102320.600   102341.600   102911.600   103317.600   104098.600
    80:   104288.600   104449.600   104626.600   105417.600   105441.600
    85:   105486.600   112014.600   112798.600   113794.600   114240.600
    90:   125200.600   133102.600   135407.600   135995.600   138415.600
    95:   146732.600   146964.600   146996.600   148372.600   150205.600
   100:   151883.600   153046.600   153080.600   156225.600   158444.600
   105:   159370.600   159977.600   161235.600   167733.600   167782.600
   110:   178690.600   178945.600   179166.600   179450.600   180273.600
   115:   180609.600   181326.600   183007.600   187278.600   190746.600
   120:   190806.600   190898.600   192408.600   211258.600   211332.600
   125:   212522.600   212673.600   217390.600   217682.600   217716.600
   130:   217855.600   218150.600   236502.600   236564.600   236624.600
   135:   236652.600   236689.600   250086.600   252195.600   254301.600
   140:   256003.600   256604.600   258124.600   262740.600   262840.600
   145:   264147.600   268387.600   271046.600   273497.600   273676.600
   150:   274240.600   274319.600   274323.600   274424.600   274490.600
   155:   274494.600   274503.600   274558.600   274595.600   274678.600
   160:   274723.600   275651.600   276523.600   276527.600   276588.600
   165:   276775.600   276835.600   276885.600   276972.600   277154.600
   170:   277200.600   277721.600   278559.600   279756.600   279779.600
   175:   280789.600   281130.600   282806.600   284189.600   285380.600
   180:   296133.600   296687.600   296919.600   302022.600   305887.600
   185:   307041.600   307115.600   308836.600   308865.600   308922.600
   190:   311902.600   314917.600   315059.600   316527.600   316552.600
   195:   318673.600   318815.600   320295.600   320537.600   329346.600
   200:   329960.600   331168.600   333347.600   333418.600   334021.600
   205:   337490.600   338539.600   339729.600   339741.600   339963.600
   210:   342691.600   343201.600   346556.600   348868.600   352505.600
   215:   354868.600   356759.600   356817.600   358164.600   358264.600
   220:   358689.600   362553.600   369267.600   373622.600   374258.600
   225:   374361.600   374365.600   374648.600   377061.600   380829.600
   230:   384868.600   385981.600   387284.600   388414.600   388468.600
   235:   388581.600   388932.600   389024.600   390955.600   393052.600
   240:   393104.600   394593.600   396748.600   397022.600   401092.600
   245:   406456.600   408017.600   408776.600   410446.600   410869.600
   250:   411722.600   412141.600   412168.600   412246.600   413750.600
   255:   413778.600   413808.600   414572.600   418028.600   418066.600
   260:   418132.600   421794.600   422313.600   427044.600   427349.600
   265:   429331.600   429420.600   429476.600   432393.600   439609.600
   270:   441760.600   441911.600   441985.600   442518.600   442578.600
   275:   444103.600   445951.600   446511.600   446554.600   446599.600
   280:   451541.600   452484.600   452669.600   453824.600   455819.600
   285:   455822.600   465970.600   466079.600   466125.600   466178.600
   290:   466185.600   466198.600   466247.600   472274.600   473565.600
   295:   474260.600   493266.600   493305.600   494918.600   496135.600
   300:   496186.600   504419.600   505623.600   512506.600   513560.600
   305:   513781.600   513838.600   513987.600   514053.600   514093.600
   310:   514150.600   542559.600   543097.600   544380.600   549272.600
   315:   549327.600   556467.600   556519.600   556583.600   557173.600
   320:   557235.600   557478.600   561886.600   562255.600   562620.600
   325:   569806.600   570542.600   570976.600   575364.600   580523.600
   330:   591677.600   591797.600   592312.600   592720.600   596951.600
   335:   598633.600   601094.600   603499.600   606151.600   606344.600
   340:   607882.600   609668.600   609811.600   610320.600   610907.600
   345:   611014.600   613298.600   613347.600   614058.600   616557.600
   350:   616766.600   618793.600   620348.600   620413.600   620695.600
   355:   621748.600   625713.600   626628.600   626865.600   636355.600
   360:   637898.600   643262.600   644723.600   645575.600   645980.600
   365:   662910.600   662925.600   663031.600   666980.600   671953.600
   370:   677540.600   678713.600   678968.600   679008.600   679385.600
   375:   679942.600   679969.600   701624.600   702522.600   703524.600
   380:   704297.600   704340.600   705094.600   705121.600   705998.600
   385:   706139.600   707134.600   707222.600   710644.600   710682.600
   390:   710772.600   710829.600   710866.600   711675.600   711721.600
   395:   712629.600   714090.600   714207.600   714251.600   715160.600
   400:   722799.600   723666.600   731612.600   732784.600   732944.600
   405:   735145.600   735357.600   739256.600   744375.600   745801.600
   410:   746636.600   753229.600   754608.600   754730.600   754797.600
   415:   755357.600   755504.600   755700.600   755703.600   756215.600
   420:   756557.600   756675.600   756876.600   756937.600   757785.600
   425:   757793.600   758203.600   760904.600   762000.600   762411.600
   430:   765145.600   765491.600   766547.600   767516.600   767682.600
   435:   767733.600   767802.600   768475.600   768981.600   769075.600
   440:   770228.600   772114.600   773098.600   776848.600   776899.600
   445:   777667.600   777839.600   778105.600   782083.600   786095.600
   450:   799476.600   804336.600   810446.600   811305.600   811475.600
   455:   822183.600   822187.600   824583.600   825980.600   828903.600
   460:   828943.600   829875.600   830033.600   830608.600   830652.600
   465:   833208.600   833353.600   838476.600   840739.600   840787.600
   470:   841588.600   841638.600   841727.600   847685.600   850699.600
   475:   850967.600   851367.600   851825.600   854402.600   854557.600
   480:   863601.600   868798.600   868836.600   869814.600   869880.600
   485:   870886.600   871750.600   871854.600   879675.600   882660.600
   490:   883523.600   884553.600   885193.600   889685.600   892561.600
   495:   893226.600   893444.600   893820.600   893923.600   898457.600
   500:   899781.600   902073.600   903293.600   903386.600   915938.600
   505:   915976.600   916209.600   916796.600   925579.600   925632.600
   510:   929164.600   930488.600   930598.600   940307.600   941283.600
   515:   943561.600   944513.600   946829.600   946895.600   946962.600
   520:   947944.600   948843.600   948950.600   949000.600   949660.600
   525:   949726.600   949802.600   950241.600   951150.600   951600.600
   530:   954356.600   955789.600   960985.600   962244.600   963246.600
   535:   963312.600   963520.600   976549.600   976603.600   982201.600
   540:   983340.600   983364.600   983614.600   984471.600   985396.600
   545:   986646.600   986709.600   987488.600   988100.600   988590.600
   550:   990678.600   991457.600   991698.600   992227.600   992246.600
   555:   992302.600   993198.600   994016.600   994731.600   994865.600
   560:  1000286.600  1003847.600  1003895.600  1004803.600  1005416.600
   565:  1005460.600  1006368.600  1007330.600  1008346.600  1012889.600
   570:  1013807.600  1013926.600  1014007.600  1021043.600  1021291.600
   575:  1021338.600  1026744.600  1026769.600  1027531.600  1028231.600
   580:  1028802.600  1038452.600  1038591.600  1038686.600  1041089.600
   585:  1041112.600  1041139.600  1041195.600  1041268.600  1041432.600
   590:  1041492.600  1041623.600  1050323.600  1050394.600  1051514.600
   595:  1051610.600  1051653.600  1058316.600  1059488.600  1059606.600
   600:  1059699.600  1059750.600  1064087.600  1065133.600  1087978.600
   605:  1087982.600  1087996.600  1088535.600  1095557.600  1095584.600
   610:  1096327.600  1103486.600  1103568.600  1103619.600  1108223.600
   615:  1113128.600  1113946.600  1114069.600  1114130.600  1122834.600
   620:  1123705.600  1135370.600  1136494.600  1138047.600  1142481.600
   625:  1143202.600  1143813.600  1145177.600  1145250.600  1151969.600
   630:  1152912.600  1153582.600  1154180.600  1154225.600  1154266.600
   635:  1154430.600  1155542.600  1155596.600  1156097.600  1156757.600
   640:  1156871.600  1157045.600  1157704.600  1158292.600  1158787.600
   645:  1161663.600  1165997.600  1169672.600  1170429.600  1170654.600
   650:  1173616.600  1174016.600  1174177.600  1174277.600  1174359.600
   655:  1175745.600  1179717.600  1180761.600  1183419.600  1184197.600
   660:  1184255.600  1184365.600  1184529.600  1210103.600  1210793.600
   665:  1214597.600  1215599.600  1216377.600  1217797.600  1223275.600
   670:  1225810.600  1225909.600  1227075.600  1233502.600  1234527.600
   675:  1249105.600  1250039.600  1250089.600  1264590.600  1264630.600
   680:  1265158.600  1265229.600  1265617.600  1266394.600  1270686.600
   685:  1273479.600  1276611.600  1277468.600  1277550.600  1277611.600
   690:  1278278.600  1278345.600  1278421.600  1279216.600  1281444.600
   695:  1282227.600  1282275.600  1282364.600  1283184.600  1283247.600
   700:  1284242.600  1284284.600  1284491.600  1285406.600  1286080.600
   705:  1304535.600  1304612.600  1305630.600  1307176.600  1309915.600
   710:  1326463.600  1327122.600  1327839.600  1328642.600  1328647.600
   715:  1329643.600  1331067.600  1353002.600  1354276.600  1357238.600
   720:  1358284.600  1359523.600  1360497.600  1389320.600  1389903.600
   725:  1399189.600  1400262.600  1401250.600  1406484.600  1406519.600
   730:  1407270.600  1407359.600  1407408.600  1408187.600  1408808.600
   735:  1409158.600  1412410.600  1418630.600  1420095.600  1424288.600
   740:  1424861.600  1424987.600  1425030.600  1425383.600  1428744.600
   745:  1429710.600  1429788.600  1429800.600  1429809.600  1429819.600
   750:  1429914.600  1430731.600  1434221.600  1434310.600  1434339.600
   755:  1434641.600  1435556.600  1440150.600  1440746.600  1440887.600
   760:  1441156.600  1441191.600  1442268.600  1442525.600  1442816.600
   765:  1443301.600  1447354.600  1448088.600  1448154.600  1450719.600
   770:  1451600.600  1451698.600  1452183.600  1452402.600  1452504.600
   775:  1452565.600  1458730.600  1462432.600  1462542.600  1467676.600
   780:  1467799.600  1468397.600  1474678.600  1479096.600  1479637.600
   785:  1479860.600  1485275.600  1487029.600  1487505.600  1487697.600
   790:  1487900.600  1490766.600  1490850.600  1490964.600  1491956.600
   795:  1492047.600  1495855.600  1497102.600  1497502.600  1497985.600
   800:  1501498.600  1519560.600  1519663.600  1521219.600  1522071.600
   805:  1522746.600  1523501.600  1523933.600  1524705.600  1525984.600
   810:  1527330.600  1527450.600  1559958.600  1560014.600  1560300.600
   815:  1561067.600  1561983.600  1562234.600  1562290.600  1562796.600
   820:  1565526.600  1566634.600  1566720.600  1566768.600  1566848.600
   825:  1567156.600  1567360.600  1568024.600  1568600.600  1568619.600
   830:  1569743.600  1599048.600  1599124.600  1599915.600  1600106.600
   835:  1609764.600  1610048.600  1610080.600  1613363.600  1616536.600
   840:  1617444.600  1622265.600  1622343.600  1623098.600  1623473.600
   845:  1656807.600  1657322.600  1657831.600  1658535.600  1659242.600
   850:  1660288.600  1660657.600  1662051.600  1667302.600  1671021.600
   855:  1672166.600  1673397.600  1688748.600  1689678.600  1690536.600
   860:  1690649.600  1690815.600  1691410.600  1691847.600  1691991.600
   865:  1692020.600  1692067.600  1692419.600  1693273.600  1693316.600
   870:  1693399.600  1694084.600  1694366.600  1696277.600  1697840.600
   875:  1698042.600  1698659.600  1722555.600  1722775.600  1722871.600
   880:  1723284.600  1723320.600  1724745.600  1735659.600  1736477.600
   885:  1738446.600  1739352.600  1739479.600  1740350.600  1740430.600
   890:  1745501.600  1746546.600  1746599.600  1746693.600  1749641.600
   895:  1750305.600  1750493.600  1750701.600  1750864.600  1751442.600
   900:  1755461.600  1757386.600  1758146.600  1758414.600  1760290.600
   905:  1760312.600  1765866.600  1766375.600  1766427.600  1766573.600
   910:  1772833.600  1773633.600  1774460.600  1778737.600  1779593.600
   915:  1779632.600  1780580.600  1781305.600  1781372.600  1781814.600
   920:  1782641.600  1786331.600  1788758.600  1789724.600  1790086.600
   925:  1804766.600  1804776.600  1809506.600  1809871.600  1810228.600
   930:  1811151.600  1836505.600  1837123.600  1837529.600  1837907.600
   935:  1837957.600  1837969.600  1837982.600  1838873.600  1839935.600
   940:  1844424.600  1845417.600  1846223.600  2101395.600  2101862.600
   945:  2104113.600  2104169.600  2104191.600  2104392.600  2104646.600
   950:  2105544.600  2125644.600  2127845.600  2128050.600  2141563.600
   955:  2141659.600  2142524.600  2144167.600  2145603.600  2145798.600
   960:  2147045.600  2147059.600  2147098.600  2147108.600  2147135.600
   965:  2147148.600  2147185.600  2154163.600  2154236.600  2154848.600
   970:  2155662.600  2155720.600  2160853.600  2160989.600  2161383.600
   975:  2161443.600  2188243.600  2189190.600  2189337.600  2189949.600
   980:  2190197.600  2191777.600  2196504.600  2197194.600  2197349.600
   985:  2226802.600  2288485.600  2288527.600  2288974.600  2289006.600
   990:  2289390.600  2299160.600  2302798.600  2303779.600  2303880.600
   995:  2307309.600  2307681.600  2308285.600  2309207.600  2309255.600
  1000:  2310009.600  2310513.600  2311062.600  2312830.600  2312889.600
  1005:  2314127.600  2318099.600  2319537.600  2321493.600  2321572.600
  1010:  2324784.600  2327636.600  2328647.600  2329405.600  2329412.600
  1015:  2329419.600  2329424.600  2329436.600  2329618.600  2329718.600
  1020:  2330801.600  2331932.600  2332605.600  2332654.600  2332747.600
  1025:  2332863.600  2333018.600  2338889.600  2339791.600  2348408.600
  1030:  2348570.600  2350365.600  2356217.600  2364982.600  2366337.600
  1035:  2372331.600  2373240.600  2373839.600  2374758.600  2375097.600
  1040:  2383859.600  2387240.600  2388517.600  2388641.600  2389412.600
  1045:  2390308.600  2391002.600  2394091.600  2394328.600  2397127.600
  1050:  2414133.600  2414178.600  2414230.600  2415104.600  2417154.600
  1055:  2418503.600  2419437.600  2423385.600  2454924.600  2455669.600
  1060:  2461995.600  2470605.600  2471526.600  2472539.600  2472581.600
  1065:  2473880.600  2505892.600  2509160.600  2509218.600  2509683.600
  1070:  2512557.600  2515934.600  2516439.600  2516692.600  2516724.600
  1075:  2516769.600  2516773.600  2516780.600  2516808.600  2516902.600
  1080:  2516906.600  2516977.600  2517064.600  2517285.600  2517306.600
  1085:  2517328.600  2518704.600  2521451.600  2526691.600  2526919.600
  1090:  2531922.600  2532005.600  2532649.600  2532816.600  2537880.600
  1095:  2538792.600  2546905.600  2547015.600  2552797.600  2553492.600
  1100:  2553611.600  2559903.600  2561778.600  2561798.600  2562247.600
  1105:  2562401.600  2565061.600  2570241.600  2570252.600  2570282.600
  1110:  2571108.600  2571137.600  2571246.600  2574721.600  2574725.600
  1115:  2574788.600  2574850.600  2574932.600  2575625.600  2575742.600
  1120:  2576170.600  2576424.600  2576461.600  2580078.600  2589437.600
  1125:  2594347.600  2595242.600  2595456.600  2595520.600  2600755.600
  1130:  2601390.600  2601873.600  2604218.600  2604256.600  2604921.600
  1135:  2605000.600  2605151.600  2605325.600  2605405.600  2606097.600
  1140:  2606167.600  2607043.600  2612536.600  2623224.600  2623309.600
  1145:  2623817.600  2624354.600  2624685.600  2624932.600  2625265.600
  1150:  2625621.600  2625655.600  2626741.600  2627158.600  2628565.600
  1155:  2628690.600  2629376.600  2637031.600  2638059.600  2638275.600
  1160:  2638359.600  2646263.600  2646400.600  2647821.600  2650255.600
  1165:  2654230.600  2654251.600  2656722.600  2656736.600  2656984.600
  1170:  2657104.600  2658993.600  2659220.600  2659584.600  2659892.600
  1175:  2660491.600  2660514.600  2660519.600  2660558.600  2662657.600
  1180:  2665718.600  2666079.600  2666313.600  2666338.600  2666483.600
  1185:  2666637.600  2666712.600  2666877.600  2667310.600  2669027.600
  1190:  2669059.600  2669133.600  2669135.600  2669144.600  2671539.600
  1195:  2674047.600  2674065.600  2674193.600  2677794.600  2678234.600
  1200:  2678368.600  2680718.600  2680812.600  2685984.600  2686347.600
  1205:  2689486.600  2689554.600  2689826.600  2689907.600  2689919.600
  1210:  2689961.600  2690261.600  2690286.600  2690346.600  2692679.600
  1215:  2695185.600  2697857.600  2697970.600  2701562.600  2703136.600
  1220:  2703170.600  2717873.600  2723165.600  2723941.600  2723996.600
  1225:  2724052.600  2724606.600  2725034.600  2725076.600  2725919.600
  1230:  2725967.600  2728673.600  2728924.600  2742181.600  2742418.600
  1235:  2742686.600  2742706.600  2742783.600  2743218.600  2743234.600
  1240:  2743265.600  2743383.600  2743398.600  2743402.600  2743803.600
  1245:  2745421.600  2747513.600  2748479.600  2749149.600  2776539.600
  1250:  2784455.600  2784497.600  2784996.600  2785081.600  2785088.600
  1255:  2785368.600  2785433.600  2785994.600  2786159.600  2791868.600
  1260:  2797513.600  2797826.600  2797870.600  2798102.600  2798166.600
  1265:  2825463.600  2825477.600  2825973.600  2826511.600  2826710.600
  1270:  2827115.600  2827817.600  2828012.600  2828692.600  2828760.600
  1275:  2834120.600  2839853.600  2844123.600  2844170.600  2844584.600
  1280:  2850974.600  2851461.600  2851522.600  2851566.600  2854393.600
  1285:  2855057.600  2855123.600  2861598.600  2862240.600  2862696.600
  1290:  2862748.600  2863809.600  2863868.600  2867981.600  2868417.600
  1295:  2868581.600  2868939.600  2869647.600  2869673.600  2869681.600
  1300:  2870780.600  2880797.600  2880957.600  2881300.600  2885707.600
  1305:  2885757.600  2895587.600  2897435.600  2897962.600  2898318.600
  1310:  2898638.600  2906985.600  2910401.600  2918975.600  2925269.600
  1315:  2925925.600  2926229.600  2926482.600  2928802.600  2931166.600
  1320:  2934028.600  2934663.600  2934745.600  2936674.600  2936728.600
  1325:  2937630.600  2951930.600  2956598.600  2956611.600  2956625.600
  1330:  2957163.600  2957292.600  2957511.600  2957574.600  2960905.600
  1335:  2961632.600  2962397.600  2962448.600  2964462.600  2969385.600
  1340:  2972006.600  2972708.600  2972753.600  2979226.600  2982166.600
  1345:  2982715.600  2999159.600  3000329.600  3000507.600  3000866.600
  1350:  3000941.600  3001147.600  3001665.600  3013290.600  3013637.600
  1355:  3013900.600  3016414.600  3016464.600  3016572.600  3017370.600
  1360:  3017463.600  3018067.600  3018650.600  3018725.600  3020888.600
  1365:  3021527.600  3021634.600  3022039.600  3027654.600  3028603.600
  1370:  3029307.600  3029827.600  3030498.600  3031286.600  3031845.600
  1375:  3035538.600  3055095.600  3056042.600  3056762.600  3057189.600
  1380:  3065428.600  3328482.600  3329061.600  3329120.600  3329788.600
  1385:  3347448.600  3355785.600  3356112.600  3356960.600  3357726.600
  1390:  3357984.600  3358862.600  3359474.600  3359601.600  3359711.600
  1395:  3359825.600  3360374.600  3360440.600  3361934.600  3368455.600
  1400:  3369816.600  3370514.600  3370545.600  3372006.600  3420865.600
  1405:  3424653.600  3425379.600  3425999.600  3426405.600  3427191.600
  1410:  3427743.600  3440526.600  3440820.600  3440857.600  3440944.600
  1415:  3441277.600  3442252.600  3442636.600  3457043.600  3457526.600
  1420:  3457706.600  3457752.600  3457784.600  3457810.600  3458411.600
  1425:  3473181.600  3473953.600  3474130.600  3480922.600  3480965.600
  1430:  3483459.600  3483492.600  3492456.600  3493378.600  3493384.600
  1435:  3493439.600  3493443.600  3503138.600  3504920.600  3504988.600
  1440:  3509412.600  3510842.600  3510995.600  3511725.600  3536358.600
  1445:  3536435.600  3537216.600  3537838.600  3537958.600  3539527.600
  1450:  3540202.600  3540964.600  3559817.600  3560548.600  3560815.600
  1455:  3561135.600  3563320.600  3564132.600  3565487.600  3568901.600
  1460:  3569806.600  3570655.600  3574921.600  3576663.600  3577796.600
  1465:  3579573.600  3579921.600  3580530.600  3586691.600  3586799.600
  1470:  3587646.600  3587737.600  3587967.600  3588011.600  3588060.600
  1475:  3588076.600  3588125.600  3588175.600  3589074.600  3617060.600
  1480:  3620091.600  3620711.600  3620759.600  3622453.600  3622860.600
  1485:  3626818.600  3627653.600  3628155.600  3633717.600  3633777.600
  1490:  3639870.600  3643792.600  3648945.600  3650154.600  3650184.600
  1495:  3651213.600  3662443.600  3667184.600  3667254.600  3667766.600
  1500:  3669319.600  3670168.600  3671214.600  3676189.600  3676431.600
  1505:  3676791.600  3684010.600  3692016.600  3692999.600  3693167.600
  1510:  3697361.600  3697398.600  3697544.600  3698263.600  3698376.600
  1515:  3700681.600  3712881.600  3723946.600  3731657.600  3731958.600
  1520:  3736421.600  3736531.600  3736645.600  3736889.600  3737685.600
  1525:  3737755.600  3743354.600  3743426.600  3743609.600  3743960.600
  1530:  3752948.600  3757411.600  3762354.600  3763311.600  3763764.600
  1535:  3764004.600  3772620.600  3775237.600  3775295.600  3780152.600
  1540:  3780189.600  3780833.600  3780905.600  3781412.600  3781484.600
  1545:  3781523.600  3782065.600  3782433.600  3782769.600  3783067.600
  1550:  3783097.600  3783235.600  3783769.600  3783806.600  3784011.600
  1555:  3784061.600  3784102.600  3787918.600  3788803.600  3789115.600
  1560:  3789331.200  3789511.250  3791412.650  3792227.650  3797112.650
  1565:  3797464.650  3801781.650  3805999.650  3811184.650  3812122.650
  1570:  3813455.650  3815944.650  3819028.650  3819804.650  3820134.650
  1575:  3824910.650  3825971.650  3828620.650  3834908.650  3838164.650
  1580:  3838951.650  3839664.650  3840272.650  3844550.650  3845216.650
  1585:  3847993.650  3853188.650  3859684.650  3860705.650  3866099.650
  1590:  3867055.650  3869555.650  3869599.650  3870232.650  3870506.650
  1595:  3870538.650  3871182.650  3871292.650  3875526.650  3876203.650
  1600:  3876291.650  3885332.400  3885377.410  3885426.410  3885471.410
  1605:  3885494.610  3885520.410  3885565.410  3885614.410  3885659.410
  1610:  3885708.410  3885753.410  3885758.420  3888221.600  3888322.600
  1615:  3888340.600  3888346.600  3888374.600  3888387.600  3888411.600
  1620:  3888439.600  3888484.600  3888523.600  3888526.600  3888574.600
  1625:  3888834.600  3890896.600  3890908.600  3891233.600  3892060.600
  1630:  3893849.600  3898908.600  3898922.600  3899152.600  3899883.600
  1635:  3901243.600  3902050.600  3903926.600  3904074.600  3905025.600
  1640:  3908302.600  3909165.600  3909771.600  3909775.600  3914719.600
  1645:  3917177.600  3923608.600  3924462.600  3924737.600  3925143.600
  1650:  3926534.600  3926653.600  3927650.600  3928482.600  3932853.600
  1655:  3935898.600  3940208.600  3940328.600  3945279.600  3959076.600
  1660:  3961583.600  3962230.600  3963022.600  3968751.600  3969092.600
  1665:  3972688.600  3973294.600  3976112.600  3976728.600  3984794.600
  1670:  3991324.600  3991860.600  3992683.600  3999190.600  3999665.600
  1675:  3999676.600  3999719.600  3999914.600  4004448.600  4009645.600
  1680:  4010250.600  4010542.600  4010740.600  4010745.600  4010754.600
  1685:  4010795.600  4010799.600  4011308.600  4011334.600  4011384.600
  1690:  4014055.600  4016301.600  4016335.600  4016621.600  4017121.600
  1695:  4017225.600  4019228.600  4020552.600  4020631.600  4022209.600
  1700:  4022864.600  4025051.600  4028079.600  4036675.600  4040159.600
  1705:  4040788.600  4042903.600  4043566.600  4044696.600  4044722.600
  1710:  4044776.600  4045263.600  4045345.600  4051136.600  4051577.600
  1715:  4053678.600  4056547.600  4057279.600  4057418.600  4061789.600
  1720:  4063894.600  4066601.600  4066915.600  4075130.600  4075904.600
  1725:  4075991.600  4081004.600  4081069.600  4081169.600  4084159.600
  1730:  4084277.600  4087470.600  4088197.600  4092326.600  4098399.600
  1735:  4100339.600  4103567.600  4103834.600  4109145.600  4109832.600
  1740:  4109937.600  4110144.600  4113490.600  4119201.600  4126534.600
  1745:  4130092.600  4132611.600  4133209.600  4133316.600  4133799.600
  1750:  4134192.600  4153802.600  4154542.600  4161123.600  4161877.600
  1755:  4161950.600  4162413.600  4166094.600  4166246.600  4166460.600
  1760:  4166908.600  4167802.600  4168157.600  4168232.600  4179063.600
  1765:  4179097.600  4180511.600  4181147.600  4181294.600  4192483.600
  1770:  4193167.600  4197523.600  4197896.600  4197924.600  4201218.600
  1775:  4201754.600  4206341.600  4210201.600  4210421.600  4211316.600
  1780:  4211634.600  4212271.600  4218160.600  4222397.600  4224613.600
  1785:  4224739.600  4224785.600  4224998.600  4225199.600  4230698.600
  1790:  4231512.600  4235015.600  4236114.600  4238203.600  4238233.600
  1795:  4238926.600  4243954.600  4248423.600  4249146.600  4249630.600
  1800:  4251659.600  4255400.600  4255926.600  4256098.600  4260047.600
  1805:  4263781.600  4263873.600  4276142.600  4276719.600  4278130.600
  1810:  4282248.600  4284466.600  4285081.600  4285195.600  4288234.600
  1815:  4290896.600  4291356.600  4291582.600  4291777.600  4293949.600
  1820:  4294089.600  4296504.600  4297425.600  4297445.600  4297637.600
  1825:  4297654.600  4297658.600  4297662.600  4297805.600  4298231.600
  1830:  4298327.600  4298666.600  4300781.600  4303208.600  4303721.600
  1835:  4303816.600  4303884.600  4304280.600  4304312.600  4304431.600
  1840:  4304480.600  4304609.600  4304846.600  4309613.600  4316370.600
  1845:  4316431.600  4319794.600  4320010.600  4320688.600  4320852.999
E:
     0:        5.200       16.300       28.800       43.200       59.900
     5:       80.100      105.300      139.300      191.600      330.300
F:
     0:        0.000        0.000        0.000        0.000        0.000
     5:        0.000
L:
     0:       77.000      161.000
M:
     0:        0.000        0.000        0.000        0.000        0.000
     5:        0.000
