File: C:\MED-PC IV\DATA\!2023-03-05_18h44m.Subject DF26


Start Date: 03/05/23
End Date: 03/06/23
Subject: DF26
Experiment: delayed_acquisition
Group: 1
Box: 6
Start Time: 18:44:34
End Time:  6:57:50
MSN: Delayed_AcquisitionYoked2_w_magmacro
G:       0.000
H:       0.000
I:       0.000
J:       0.000
K:       0.000
N:       0.000
O:       0.000
P:       0.000
Q:       0.000
R:       0.000
S:       0.000
T:       0.000
U:       0.000
V:       0.000
W:       0.000
X:      -1.000
Y:       0.000
Z:       0.000
A:
     0:        2.000       60.000  4320000.000        1.000        0.000
     5:        1.000    96000.000        1.000       10.000        0.000
    10:        0.000        0.000        0.000        0.000        0.000
    15:        0.000        0.000        0.000        0.000        0.000
    20:        0.000        0.000        0.000        0.000        0.000
    25:        0.000        0.000        0.000        0.000        0.000
    30:        0.000        0.000        0.000        0.000        0.000
    35:        0.000        0.000        0.000        0.000        0.000
    40:        0.000        0.000        0.000        0.000        0.000
    45:        0.000        0.000        0.000        0.000        0.000
    50:        0.000        0.000        0.000        0.000        0.000
    55:        0.000        0.000        0.000        0.000        0.000
    60:        0.000        0.000        0.000        0.000        0.000
    65:        0.000        0.000        0.000        0.000        0.000
    70:        0.000        0.000        0.000        0.000        0.000
    75:        0.000        0.000        0.000        0.000        0.000
    80:        0.000        0.000        0.000        0.000        0.000
    85:        0.000        0.000        0.000        0.000        0.000
    90:        0.000        0.000        0.000        0.000        0.000
    95:        0.000        0.000        0.000        0.000        0.000
   100:        0.000
B:
     0:  4320000.000  4323408.000        1.000       10.000        0.000
     5:        0.000        0.000        8.000      581.000      657.000
    10:        0.000      491.000       12.000       11.000       43.000
    15:        0.000        8.000        0.000        0.000        0.000
    20:        0.000        0.000        0.000        0.000        0.000
    25:        0.000        0.000        0.000        0.000        0.000
    30:        1.540        0.000        0.000       80.000        0.000
    35:        0.000        0.000        0.000        0.000        0.000
    40:        0.000        0.000        0.000        0.000        0.000
    45:        0.000        0.000        0.000        0.000        0.000
    50:        0.000        0.000        0.000        0.000        0.000
    55:        0.000        0.000        0.000        0.000        0.000
    60:        0.000        0.000        0.000        0.000        0.000
    65:        0.000        0.000        0.000        0.000        0.000
    70:        0.000        0.000        0.000        0.000        0.000
    75:        0.000        0.000        0.000        0.000        0.000
    80:        0.000        0.000        0.000        0.000        0.000
    85:        0.000        0.000        0.000        0.000        0.000
    90:        0.000        0.000        0.000        0.000        0.000
    95:        0.000        0.000        0.000        0.000        0.000
   100:        0.000
C:
     0:    99136.200    99136.200    99136.200    99136.200    99136.200
     5:    99136.200    99136.200    99136.200    99136.200    99136.200
    10:   100044.300   100047.300   100067.300   100093.300   100098.300
    15:   100119.300   100124.300   100139.300   100145.300   100192.300
    20:   100209.300   100216.300   100233.300   100315.300   100333.300
    25:   100359.300   100382.300   100408.300   100429.300   100452.300
    30:   100476.300   101532.300   101549.300   102789.300   102840.300
    35:   102853.300   102896.300   102901.300   102919.300   102928.300
    40:   102948.300   102960.300   103597.300   103616.300   103797.300
    45:   104016.300   104048.300   104357.300   104607.300   105913.300
    50:   106143.300   106455.300   106540.300   107300.100   116074.300
    55:   116159.300   117556.100   117823.300   124149.300   124213.300
    60:   127236.300   143420.300   146159.300   173087.300   183588.300
    65:   189848.300   194942.300   202807.300   203615.300   205726.300
    70:   206025.300   206221.300   220230.300   220441.300   249273.300
    75:   252583.300   252749.300   256612.300   269296.300   278608.300
    80:   278611.300   300909.300   301073.300   314353.300   314379.300
    85:   314714.300   341104.300   355456.300   355633.300   413531.300
    90:   448808.300   448989.300   449207.300   452250.300   452540.300
    95:   456396.300   496007.300   512312.300   512383.300   537573.300
   100:   556935.300   566331.300   566453.300   570133.300   584760.300
   105:   600516.300   607116.300   607130.300   610604.300   631927.300
   110:   637760.300   637772.300   637783.300   643370.300   648859.300
   115:   681915.300   681964.300   694804.300   737208.300   739442.300
   120:   751106.300   763532.300   763684.300   768015.300   768305.300
   125:   792201.300   812245.300   822296.300   826205.300   830135.300
   130:   830409.300   881654.300   886874.300   917308.300   933270.300
   135:   933490.300   933784.300   991422.300   995661.300   996264.100
   140:   996482.100   996631.100   996877.100   996926.100  1008511.300
   145:  1008543.300  1013715.300  1014012.300  1014162.300  1014610.100
   150:  1069611.300  1069723.300  1095412.300  1095464.300  1095478.300
   155:  1103320.300  1111476.300  1113945.300  1114242.300  1134216.300
   160:  1249382.300  1259035.300  1259067.300  1259086.300  1259123.300
   165:  1259216.300  1267589.300  1271293.300  1277294.300  1371677.300
   170:  1380846.300  1410883.300  1410949.300  1411260.300  1463401.300
   175:  1471153.300  1471165.300  1471213.300  1471238.300  1575033.200
   180:  1575033.200  1575033.200  1575033.200  1575033.200  1575033.200
   185:  1575033.200  1575033.200  1575033.200  1575033.200  1578964.300
   190:  1579091.300  1579237.300  1579814.300  1579859.300  1580152.300
   195:  1580290.300  1580354.300  1580384.300  1580841.300  1581268.300
   200:  1581649.300  1581770.300  1582064.300  1582200.300  1582299.300
   205:  1582303.300  1582320.300  1582352.300  1582372.300  1582385.300
   210:  1582406.300  1582440.300  1582565.300  1583089.300  1583142.300
   215:  1583507.300  1583675.300  1583738.300  1584011.300  1584065.300
   220:  1584067.300  1584088.300  1584293.300  1584369.300  1584668.300
   225:  1584787.300  1585724.300  1585758.300  1585843.300  1585877.300
   230:  1585961.300  1586171.300  1586177.300  1586283.300  1586365.300
   235:  1586431.300  1587122.300  1587413.300  1587650.300  1591658.300
   240:  1592156.300  1592166.300  1592224.300  1592411.300  1592501.300
   245:  1596322.300  1598212.300  1598443.300  1598471.300  1598534.300
   250:  1598738.300  1599105.300  1599180.300  1599760.300  1599785.300
   255:  1599796.300  1599847.300  1599858.300  1599881.300  1599996.300
   260:  1600004.300  1600072.300  1600101.300  1600334.300  1600345.300
   265:  1600397.300  1606450.300  1606456.300  1606764.300  1606963.300
   270:  1607444.300  1607738.300  1607795.300  1608189.300  1608199.300
   275:  1608481.300  1608770.300  1617115.300  1617253.300  1617456.300
   280:  1617516.300  1619116.300  1672167.300  1672559.300  1672618.300
   285:  1675234.300  1679327.300  1699730.300  1700309.300  1704218.300
   290:  1704239.300  1707936.300  1773131.300  1774794.300  1777109.300
   295:  1783624.300  1783812.300  1784016.300  1790225.300  1790441.300
   300:  1794316.300  1798390.300  1798422.300  1798630.300  1801779.300
   305:  1803921.300  1803970.300  1804473.300  1804566.300  1804899.300
   310:  1855628.300  1855686.300  1872589.300  1872607.300  1872838.300
   315:  1873056.300  1959274.300  2063071.200  2063071.200  2063071.200
   320:  2063071.200  2063071.200  2063071.200  2063071.200  2063071.200
   325:  2063071.200  2063071.200  2068716.300  2068850.300  2069009.300
   330:  2069037.300  2069125.300  2069561.300  2069585.300  2069851.300
   335:  2070315.300  2070600.300  2070925.300  2192426.200  2192426.200
   340:  2192426.200  2192426.200  2192426.200  2192426.200  2192426.200
   345:  2192426.200  2192426.200  2192426.200  2196460.300  2196587.300
   350:  2196602.300  2196610.300  2196629.300  2196654.300  2196670.300
   355:  2197790.300  2197831.300  2197919.300  2197969.300  2198009.300
   360:  2198066.300  2198088.300  2198414.300  2198440.300  2198482.300
   365:  2198496.300  2198590.300  2240808.300  2240828.300  2240866.300
   370:  2240894.300  2240924.300  2381609.300  2384581.300  2384748.300
   375:  2388548.300  2400944.300  2400950.300  2400958.300  2401052.300
   380:  2403897.300  2404007.300  2424728.100  2437410.300  2438085.300
   385:  2446100.300  2446340.300  2446399.300  2455242.300  2553383.300
   390:  2568230.300  2568924.300  2574923.300  2690591.200  2690591.200
   395:  2690591.200  2690591.200  2690591.200  2690591.200  2690591.200
   400:  2690591.200  2690591.200  2690591.200  2696051.300  2696074.300
   405:  2696228.300  2696239.300  2696253.300  2696283.300  2696295.300
   410:  2696376.300  2696573.300  2696628.300  2696693.300  2696794.300
   415:  2697052.300  2697585.300  2697706.300  3198907.100  3210178.300
   420:  3314319.300  3388414.300  3388855.300  3490894.200  3490894.200
   425:  3490894.200  3490894.200  3490894.200  3490894.200  3490894.200
   430:  3490894.200  3490894.200  3490894.200  3493601.300  3495243.300
   435:  3495261.300  3496031.300  3496064.300  3496142.300  3496160.300
   440:  3496190.300  3496311.300  3496843.300  3497428.300  3497790.300
   445:  3498028.300  3498330.300  3498442.300  3498460.300  3498485.300
   450:  3498587.300  3498657.300  3498672.300  3499009.300  3499343.300
   455:  3499463.300  3642531.300  3642565.300  3642636.300  3642659.300
   460:  3750318.200  3750318.200  3750318.200  3750318.200  3750318.200
   465:  3750318.200  3750318.200  3750318.200  3750318.200  3750318.200
   470:  3752749.300  3752990.300  3753089.300  3753131.300  3753347.300
   475:  3753375.300  3753394.300  3753414.300  3754922.300  3754930.300
   480:  3755049.300  3755068.300  3755263.300  3755275.300  3755305.300
   485:  3755338.300  3755412.300  3756008.300  3756547.300  3757009.300
   490:  4072649.200  4072649.200  4072649.200  4072649.200  4072649.200
   495:  4072649.200  4072649.200  4072649.200  4072649.200  4072649.200
   500:  4073070.300  4073094.300  4073123.300  4073147.300  4073167.300
   505:  4073191.300  4073218.300  4073241.300  4073265.300  4073293.300
   510:  4073315.300  4073334.300  4073359.300  4073383.300  4073408.300
   515:  4073432.300  4073455.300  4073481.300  4073501.300  4073526.300
   520:  4073547.300  4073563.300  4073587.300  4073634.300  4073643.300
   525:  4073657.300  4073679.300  4073704.300  4073725.300  4073745.300
   530:  4073771.300  4073794.300  4073817.300  4073844.300  4073868.300
   535:  4073998.300  4074041.300  4074063.300  4074124.300  4076201.300
   540:  4076426.300  4076539.300  4076549.300  4076569.300  4076644.300
   545:  4076657.300  4076777.300  4076791.300  4076804.300  4077283.300
   550:  4077311.300  4077379.300  4077438.300  4077450.300  4077462.300
   555:  4077484.300  4077513.300  4077521.300  4077539.300  4077573.300
   560:  4077619.300  4077640.300  4077673.300  4077682.300  4077701.300
   565:  4077711.300  4077731.300  4077987.300  4078055.300  4078196.300
   570:  4078229.300  4078243.300  4078280.300  4078301.300  4078313.300
   575:  4078938.300  4079339.300  4082988.300  4086213.300  4098653.300
   580:  4269209.300
D:
     0:        0.111     4514.650     7540.650     7584.650    26312.650
     5:    26605.650    26675.650    26695.650    27087.650    34710.650
    10:    50111.650    57770.650    57790.650    60242.250    60401.650
    15:    64831.650    65001.650    65542.650    66025.650    71260.650
    20:    71360.650    71487.650    71847.650    72147.650    72303.650
    25:    94745.650    94871.650    99136.400    99181.410    99209.610
    30:    99230.410    99247.610    99275.410    99324.410    99369.410
    35:    99418.410    99463.410    99512.410    99557.410    99562.420
    40:   100470.600   100473.600   100493.600   100519.600   100524.600
    45:   100545.600   100550.600   100565.600   100571.600   100618.600
    50:   100635.600   100642.600   100659.600   100741.600   100759.600
    55:   100785.600   100808.600   100834.600   100855.600   100878.600
    60:   100902.600   101958.600   101975.600   103215.600   103266.600
    65:   103279.600   103322.600   103327.600   103345.600   103354.600
    70:   103374.600   103386.600   104023.600   104042.600   104223.600
    75:   104442.600   104474.600   104783.600   105033.600   106339.600
    80:   106569.600   106881.600   106966.600   107726.200   116500.600
    85:   116585.600   117982.200   118249.600   124575.600   124639.600
    90:   127662.600   143846.600   146585.600   173513.600   184014.600
    95:   190274.600   195368.600   203233.600   204041.600   206152.600
   100:   206451.600   206647.600   220656.600   220867.600   249699.600
   105:   253009.600   253175.600   257038.600   269722.600   279034.600
   110:   279037.600   301335.600   301499.600   314779.600   314805.600
   115:   315140.600   341530.600   355882.600   356059.600   413957.600
   120:   449234.600   449415.600   449633.600   452676.600   452966.600
   125:   456822.600   496433.600   512738.600   512809.600   537999.600
   130:   557361.600   566757.600   566879.600   570559.600   585186.600
   135:   600942.600   607542.600   607556.600   611030.600   632353.600
   140:   638186.600   638198.600   638209.600   643796.600   649285.600
   145:   682341.600   682390.600   695230.600   737634.600   739868.600
   150:   751532.600   763958.600   764110.600   768441.600   768731.600
   155:   792627.600   812671.600   822722.600   826631.600   830561.600
   160:   830835.600   882080.600   887300.600   917734.600   933696.600
   165:   933916.600   934210.600   991848.600   996087.600   996690.200
   170:   996908.200   997057.200   997303.200   997352.200  1008937.600
   175:  1008969.600  1014141.600  1014438.600  1014588.600  1015036.200
   180:  1070037.600  1070149.600  1095838.600  1095890.600  1095904.600
   185:  1103746.600  1111902.600  1114371.600  1114668.600  1134642.600
   190:  1249808.600  1259461.600  1259493.600  1259512.600  1259549.600
   195:  1259642.600  1268015.600  1271719.600  1277720.600  1372103.600
   200:  1381272.600  1411309.600  1411375.600  1411686.600  1463827.600
   205:  1471579.600  1471591.600  1471639.600  1471664.600  1571928.650
   210:  1571954.650  1574741.650  1574858.650  1575253.650  1575452.650
   215:  1575459.400  1575462.610  1575504.410  1575541.610  1575553.410
   220:  1575598.410  1575647.410  1575692.410  1575741.410  1575786.410
   225:  1575835.410  1575880.410  1575885.420  1579816.600  1579943.600
   230:  1580089.600  1580666.600  1580711.600  1581004.600  1581142.600
   235:  1581206.600  1581236.600  1581693.600  1582120.600  1582501.600
   240:  1582622.600  1582916.600  1583052.600  1583151.600  1583155.600
   245:  1583172.600  1583204.600  1583224.600  1583237.600  1583258.600
   250:  1583292.600  1583417.600  1583941.600  1583994.600  1584359.600
   255:  1584527.600  1584590.600  1584863.600  1584917.600  1584919.600
   260:  1584940.600  1585145.600  1585221.600  1585520.600  1585639.600
   265:  1586576.600  1586610.600  1586695.600  1586729.600  1586813.600
   270:  1587023.600  1587029.600  1587135.600  1587217.600  1587283.600
   275:  1587974.600  1588265.600  1588502.600  1592510.600  1593008.600
   280:  1593018.600  1593076.600  1593263.600  1593353.600  1597174.600
   285:  1599064.600  1599295.600  1599323.600  1599386.600  1599590.600
   290:  1599957.600  1600032.600  1600612.600  1600637.600  1600648.600
   295:  1600699.600  1600710.600  1600733.600  1600848.600  1600856.600
   300:  1600924.600  1600953.600  1601186.600  1601197.600  1601249.600
   305:  1607302.600  1607308.600  1607616.600  1607815.600  1608296.600
   310:  1608590.600  1608647.600  1609041.600  1609051.600  1609333.600
   315:  1609622.600  1617967.600  1618105.600  1618308.600  1618368.600
   320:  1619968.600  1673019.600  1673411.600  1673470.600  1676086.600
   325:  1680179.600  1700582.600  1701161.600  1705070.600  1705091.600
   330:  1708788.600  1773983.600  1775646.600  1777961.600  1784476.600
   335:  1784664.600  1784868.600  1791077.600  1791293.600  1795168.600
   340:  1799242.600  1799274.600  1799482.600  1802631.600  1804773.600
   345:  1804822.600  1805325.600  1805418.600  1805751.600  1856480.600
   350:  1856538.600  1873441.600  1873459.600  1873690.600  1873908.600
   355:  1960126.600  1989788.650  2000541.650  2003910.250  2010688.650
   360:  2015287.650  2063923.400  2063968.410  2064017.410  2064062.410
   365:  2064066.610  2064111.410  2064156.410  2064205.410  2064250.410
   370:  2064299.410  2064344.410  2064349.420  2069994.600  2070128.600
   375:  2070287.600  2070315.600  2070403.600  2070839.600  2070863.600
   380:  2071129.600  2071593.600  2071878.600  2072203.600  2193704.400
   385:  2193749.410  2193798.410  2193843.410  2193892.410  2193937.410
   390:  2193946.610  2193986.410  2194031.410  2194080.410  2194125.410
   395:  2194130.420  2198164.600  2198291.600  2198306.600  2198314.600
   400:  2198333.600  2198358.600  2198374.600  2199494.600  2199535.600
   405:  2199623.600  2199673.600  2199713.600  2199770.600  2199792.600
   410:  2200118.600  2200144.600  2200186.600  2200200.600  2200294.600
   415:  2242512.600  2242532.600  2242570.600  2242598.600  2242628.600
   420:  2383313.600  2386285.600  2386452.600  2390252.600  2402648.600
   425:  2402654.600  2402662.600  2402756.600  2405601.600  2405711.600
   430:  2426432.200  2439114.600  2439789.600  2447804.600  2448044.600
   435:  2448103.600  2456946.600  2555087.600  2569934.600  2570628.600
   440:  2576627.600  2692295.400  2692340.410  2692389.410  2692434.410
   445:  2692483.410  2692528.410  2692559.610  2692571.610  2692577.410
   450:  2692622.410  2692671.410  2692716.410  2692721.420  2698181.600
   455:  2698204.600  2698358.600  2698369.600  2698383.600  2698413.600
   460:  2698425.600  2698506.600  2698703.600  2698758.600  2698823.600
   465:  2698924.600  2699182.600  2699715.600  2699836.600  3201037.200
   470:  3212308.600  3316449.600  3390544.600  3390985.600  3397428.250
   475:  3397939.650  3404698.650  3404747.650  3405162.650  3422834.650
   480:  3422855.650  3427367.250  3429088.250  3429780.250  3493024.400
   485:  3493069.410  3493118.410  3493144.610  3493163.410  3493212.410
   490:  3493257.410  3493306.410  3493351.410  3493400.410  3493445.410
   495:  3493450.420  3496157.600  3497799.600  3497817.600  3498587.600
   500:  3498620.600  3498698.600  3498716.600  3498746.600  3498867.600
   505:  3499399.600  3499984.600  3500346.600  3500584.600  3500886.600
   510:  3500998.600  3501016.600  3501041.600  3501143.600  3501213.600
   515:  3501228.600  3501565.600  3501899.600  3502019.600  3645087.600
   520:  3645121.600  3645192.600  3645215.600  3660092.250  3682313.650
   525:  3682582.650  3696883.250  3696998.250  3700642.250  3700671.250
   530:  3752874.400  3752919.410  3752968.410  3753013.410  3753062.410
   535:  3753101.610  3753107.410  3753156.410  3753201.410  3753250.410
   540:  3753295.410  3753300.420  3755731.600  3755972.600  3756071.600
   545:  3756113.600  3756329.600  3756357.600  3756376.600  3756396.600
   550:  3757904.600  3757912.600  3758031.600  3758050.600  3758245.600
   555:  3758257.600  3758287.600  3758320.600  3758394.600  3758990.600
   560:  3759529.600  3759991.600  4075631.400  4075676.410  4075725.410
   565:  4075770.410  4075799.610  4075812.610  4075819.410  4075864.410
   570:  4075913.410  4075958.410  4076007.410  4076052.410  4076057.420
   575:  4076478.600  4076502.600  4076531.600  4076555.600  4076575.600
   580:  4076599.600  4076626.600  4076649.600  4076673.600  4076701.600
   585:  4076723.600  4076742.600  4076767.600  4076791.600  4076816.600
   590:  4076840.600  4076863.600  4076889.600  4076909.600  4076934.600
   595:  4076955.600  4076971.600  4076995.600  4077042.600  4077051.600
   600:  4077065.600  4077087.600  4077112.600  4077133.600  4077153.600
   605:  4077179.600  4077202.600  4077225.600  4077252.600  4077276.600
   610:  4077406.600  4077449.600  4077471.600  4077532.600  4079609.600
   615:  4079834.600  4079947.600  4079957.600  4079977.600  4080052.600
   620:  4080065.600  4080185.600  4080199.600  4080212.600  4080691.600
   625:  4080719.600  4080787.600  4080846.600  4080858.600  4080870.600
   630:  4080892.600  4080921.600  4080929.600  4080947.600  4080981.600
   635:  4081027.600  4081048.600  4081081.600  4081090.600  4081109.600
   640:  4081119.600  4081139.600  4081395.600  4081463.600  4081604.600
   645:  4081637.600  4081651.600  4081688.600  4081709.600  4081721.600
   650:  4082346.600  4082747.600  4086396.600  4089621.600  4102061.600
   655:  4272617.600  4323408.999
E:
     0:        5.200       16.300       28.800       43.200       59.900
     5:       80.100      105.300      139.300      191.600      330.300
F:
     0:        0.000        0.000        0.000        0.000        0.000
     5:        0.000
L:
     0:       72.000        2.000      142.000      241.000      263.000
     5:      119.000      226.000      167.000
M:
     0:        0.000        0.000        0.000        0.000        0.000
     5:        0.000
