File: C:\MED-PC IV\DATA\!2023-02-27_18h40m.Subject DF28


Start Date: 02/27/23
End Date: 02/28/23
Subject: DF28
Experiment: delayed_acquisition
Group: 1
Box: 8
Start Time: 18:40:40
End Time:  6:58:52
MSN: Delayed_Acquisition2_w_magmacro
G:       0.000
H:       0.000
I:       0.000
J:       0.000
K:       0.000
N:       0.000
O:       0.000
P:       0.000
Q:       0.000
R:       0.000
S:       0.000
T:       0.000
U:       0.000
V:       0.000
W:       0.000
X:       0.000
Y:       0.000
Z:       0.000
A:
     0:        2.000       60.000  4320000.000        2.000        0.000
     5:        1.000    96000.000        0.000       10.000        0.000
    10:        0.000        0.000        0.000        0.000        0.000
    15:        0.000        0.000        0.000        0.000        0.000
    20:        0.000        0.000        0.000        0.000        0.000
    25:        0.000        0.000        0.000        0.000        0.000
    30:        0.000        0.000        0.000        0.000        0.000
    35:        0.000        0.000        0.000        0.000        0.000
    40:        0.000        0.000        0.000        0.000        0.000
    45:        0.000        0.000        0.000        0.000        0.000
    50:        0.000        0.000        0.000        0.000        0.000
    55:        0.000        0.000        0.000        0.000        0.000
    60:        0.000        0.000        0.000        0.000        0.000
    65:        0.000        0.000        0.000        0.000        0.000
    70:        0.000        0.000        0.000        0.000        0.000
    75:        0.000        0.000        0.000        0.000        0.000
    80:        0.000        0.000        0.000        0.000        0.000
    85:        0.000        0.000        0.000        0.000        0.000
    90:        0.000        0.000        0.000        0.000        0.000
    95:        0.000        0.000        0.000        0.000        0.000
   100:        0.000
B:
     0:  4320000.000  4320852.000        1.000        3.000        0.000
     5:        0.000        0.000        3.000      755.000      843.000
    10:        0.000      731.000        2.000        8.000       74.000
    15:        0.000        2.000        0.000        0.000        0.000
    20:        0.000        0.000        0.000        0.000        0.000
    25:        0.000        0.000        0.000        0.000        0.000
    30:        1.330        1.000        0.000       21.000        0.000
    35:        0.000        0.000        0.000        0.000        0.000
    40:        0.000        0.000        0.000        0.000        0.000
    45:        0.000        0.000        0.000        0.000        0.000
    50:        0.000        0.000        0.000        0.000        0.000
    55:        0.000        0.000        0.000        0.000        0.000
    60:        0.000        0.000        0.000        0.000        0.000
    65:        0.000        0.000        0.000        0.000        0.000
    70:        0.000        0.000        0.000        0.000        0.000
    75:        0.000        0.000        0.000        0.000        0.000
    80:        0.000        0.000        0.000        0.000        0.000
    85:        0.000        0.000        0.000        0.000        0.000
    90:        0.000        0.000        0.000        0.000        0.000
    95:        0.000        0.000        0.000        0.000        0.000
   100:        0.000
C:
     0:      176.300      274.300     4504.300     4964.300     5333.300
     5:     6979.300     7161.300     7619.300     9839.300    17360.300
    10:    19752.300    19994.300    20152.300    20165.300    20213.300
    15:    20379.300    20398.300    21576.300    21789.300    25571.300
    20:    28001.300    31021.100   127022.200   127022.200   127022.200
    25:   127022.200   127022.200   127022.200   127022.200   127022.200
    30:   127022.200   127022.200   128862.300   128901.300   128920.300
    35:   128923.300   128927.300   128937.300   128949.300   128953.300
    40:   128982.300   128996.300   129013.300   129018.300   129053.300
    45:   129061.300   129069.300   129097.300   129099.300   129122.300
    50:   129139.300   129148.300   129195.300   129275.300   129356.300
    55:   129360.300   130954.300   131003.300   131051.300   131157.300
    60:   132994.300   133005.300   133165.300   133198.300   133223.300
    65:   137806.300   139962.300   144139.300   146720.300   146838.300
    70:   151025.300   156114.300   156220.300   168083.300   171704.300
    75:   172017.300   172201.300   176019.300   176475.300   180306.300
    80:   184394.300   185468.300   185601.300   192877.300   193033.300
    85:   193064.300   193098.300   193136.300   193182.300   193212.300
    90:   193728.300   194054.300   198399.300   198665.300   198707.300
    95:   198745.300   198778.300   198822.300   198861.300   198914.300
   100:   198955.300   199455.300   199486.300   205782.300   210007.300
   105:   210084.300   219669.300   222928.300   223131.300   223953.300
   110:   224047.300   229315.300   229476.300   229765.300   229804.300
   115:   236485.300   238167.300   238506.300   243646.300   253315.300
   120:   265475.300   276964.300   277065.300   277622.300   289926.300
   125:   290017.300   290104.300   298219.300   298384.300   298558.300
   130:   298601.300   298704.300   302801.300   302886.300   302903.300
   135:   302919.300   303507.300   324920.300   324969.300   325388.300
   140:   325415.300   338595.300   339684.300   339847.300   343013.300
   145:   343098.300   343133.300   343177.300   343248.300   348344.300
   150:   352665.300   354107.300   354249.300   354624.300   356173.300
   155:   356390.300   366583.300   366616.300   366765.300   366803.300
   160:   366849.300   366859.300   367167.300   368480.300   375313.300
   165:   375372.300   375653.300   390073.300   390813.300   390967.300
   170:   393244.300   393425.300   406809.300   406848.300   415473.300
   175:   416679.300   416689.300   416698.300   417727.300   423399.300
   180:   423438.300   427903.300   433655.300   433686.300   433718.300
   185:   433740.300   438234.300   442096.300   442158.300   447972.300
   190:   456690.300   457630.300   467915.300   468005.300   470374.300
   195:   470459.300   470827.300   471075.300   477052.300   482179.300
   200:   482249.300   503013.300   518368.300   518448.300   527257.300
   205:   549772.300   555609.300   564737.300   565243.300   567255.300
   210:   567348.300   567445.300   567454.300   567608.300   573122.300
   215:   573633.300   573920.300   584089.300   584136.300   584189.300
   220:   584292.300   584411.300   585359.300   585521.300   585557.300
   225:   585601.300   585627.300   585664.300   585710.300   585724.300
   230:   585815.300   585833.300   585890.300   585911.300   585919.300
   235:   585950.300   586008.300   586049.300   600224.300   607996.300
   240:   616586.300   623123.300   623178.300   623238.300   628285.300
   245:   628494.300   628956.300   629138.300   629159.300   630134.300
   250:   630462.300   646505.300   658243.300   675652.300   675717.300
   255:   676026.300   676092.300   676126.300   676158.300   676392.300
   260:   679049.300   691283.300   691329.300   691933.300   692126.300
   265:   692467.300   692634.300   692937.300   693102.300   693880.300
   270:   693887.300   693900.300   695214.300   695233.300   695246.300
   275:   695263.300   695279.300   765986.300   781469.300   781493.300
   280:   781521.300   784857.300   798330.300   799580.300   799590.300
   285:   826163.300   836554.300   838759.300   838836.300   839525.300
   290:   853027.300   853538.300   854347.300   863103.300   863116.300
   295:   863452.300   863772.300   863801.300   863989.300   864751.300
   300:   864952.300   865717.300   890276.300   890294.300   890358.300
   305:   890375.300   890442.300   890462.300   890489.300   890502.300
   310:   890536.300   890590.300   890627.300   890700.300   890713.300
   315:   890723.300   890740.300   890791.300   890811.300   891290.300
   320:   904487.300   905123.300   909633.300   910745.300   911825.300
   325:   912248.300   912254.300   913285.300   914902.300   915855.300
   330:   916098.300   921428.300   924900.300   924939.300   925244.300
   335:   942273.300   953534.300   964635.300   964872.300   978878.300
   340:   984401.300   984416.300   984619.300   989578.300   989620.300
   345:   990474.300   991083.300   991379.300   991523.300  1010964.300
   350:  1011705.300  1011771.300  1016355.300  1016400.300  1021679.300
   355:  1022222.300  1022346.300  1024241.300  1026643.300  1044623.300
   360:  1044723.300  1045057.300  1045075.300  1045108.300  1045166.300
   365:  1045445.300  1045469.300  1055029.300  1064492.300  1065005.300
   370:  1065658.300  1065914.300  1077205.300  1077261.300  1077393.300
   375:  1077644.300  1088605.300  1089581.300  1090128.300  1090199.300
   380:  1090266.300  1090445.300  1114004.300  1115797.300  1116730.300
   385:  1124505.300  1125497.300  1125642.300  1125739.300  1125800.300
   390:  1140650.300  1141641.300  1142533.300  1147067.300  1147078.300
   395:  1165630.300  1177185.300  1177510.300  1186182.300  1186216.300
   400:  1186267.300  1186288.300  1186302.300  1186320.300  1186348.300
   405:  1186457.300  1186548.300  1186629.300  1186946.300  1187033.300
   410:  1187060.300  1187105.300  1189044.300  1189065.300  1213626.300
   415:  1216812.300  1216825.300  1218433.300  1223970.300  1224023.300
   420:  1229985.300  1240798.300  1240838.300  1241528.300  1241533.300
   425:  1242078.300  1242514.300  1242548.300  1242680.300  1242867.300
   430:  1245848.300  1245889.300  1246278.300  1246882.300  1247165.300
   435:  1305526.300  1306596.300  1306749.300  1340518.300  1340526.300
   440:  1340603.300  1340783.300  1340797.300  1340847.300  1340937.300
   445:  1340974.300  1399079.300  1402570.300  1409924.300  1410055.300
   450:  1416004.300  1416892.300  1423095.300  1429482.300  1429727.300
   455:  1429787.300  1429843.300  1440170.300  1448482.300  1452644.300
   460:  1453564.300  1466132.300  1466548.300  1466580.300  1476175.300
   465:  1476380.300  1478288.300  1480684.300  1481162.300  1481280.300
   470:  1481367.300  1481444.300  1481529.300  1481610.300  1481662.300
   475:  1481697.300  1481711.300  1481877.300  1481924.300  1481962.300
   480:  1482064.300  1482113.300  1482151.300  1482160.300  1482424.300
   485:  1482638.300  1482690.300  1524415.300  1541910.300  1549469.300
   490:  1549694.300  1549718.300  1549816.300  1549826.300  1549861.300
   495:  1549902.300  1549955.300  1558860.300  1559113.300  1559124.300
   500:  1560850.300  1561454.300  1561765.300  1570573.300  1571037.300
   505:  1582965.300  1588482.300  1592040.100  1688041.200  1688041.200
   510:  1688041.200  1688041.200  1688041.200  1688041.200  1688041.200
   515:  1688041.200  1688041.200  1688041.200  1691736.300  1695344.300
   520:  1698103.300  1698641.300  1698905.300  1698951.300  1705527.300
   525:  1705529.300  1705703.300  1705725.300  1713688.300  1713701.300
   530:  1714046.300  1798442.300  1798568.300  1798581.300  1833391.300
   535:  1833485.300  1834241.300  1834438.300  1834460.300  1834496.300
   540:  1834547.300  1834759.300  1834793.300  1834893.300  1836518.300
   545:  1836598.300  1900116.300  1900176.300  1900709.300  1901132.300
   550:  1901766.300  1914008.300  1914165.300  1914191.300  1916913.300
   555:  1916962.300  1924754.300  1924782.300  1924834.300  1924858.300
   560:  1924936.300  1925120.300  1925138.300  1925271.300  1925537.300
   565:  1925597.300  1969279.300  1969523.300  1974925.300  1975469.300
   570:  1975933.300  2002810.300  2003625.300  2004375.300  2047215.300
   575:  2047359.300  2048167.300  2048293.300  2048424.300  2048496.300
   580:  2048788.300  2070037.300  2079703.300  2080090.300  2080158.300
   585:  2080636.300  2097662.300  2097684.300  2097704.300  2098085.300
   590:  2098531.300  2098626.300  2098726.300  2098768.300  2098830.300
   595:  2098875.300  2098910.300  2098923.300  2098977.300  2099024.300
   600:  2099054.300  2099063.300  2099067.300  2099074.300  2099109.300
   605:  2099176.300  2099246.300  2099293.300  2099320.300  2099460.300
   610:  2099466.300  2099473.300  2099566.300  2099589.300  2099760.300
   615:  2099859.300  2099963.300  2100037.300  2100139.300  2100451.300
   620:  2100804.300  2100822.300  2101103.300  2101391.300  2121144.300
   625:  2121289.300  2124560.300  2124629.300  2124708.300  2124752.300
   630:  2124793.300  2124896.300  2159454.300  2159833.300  2177662.300
   635:  2181175.300  2182428.300  2182607.300  2194426.300  2227359.300
   640:  2227375.300  2228563.300  2229072.300  2240204.300  2240217.300
   645:  2240252.300  2240685.300  2241317.300  2242369.300  2407581.300
   650:  2417860.300  2430737.300  2430777.300  2640394.300  2687676.300
   655:  2697435.300  2705383.300  3077073.300  3077555.300  3106693.300
   660:  3111962.300  3111987.300  3112276.300  3112751.300  3112804.300
   665:  3118547.300  3118729.300  3118787.300  3118848.300  3126465.300
   670:  3126499.300  3127167.300  3130854.300  3132024.300  3132103.300
   675:  3132118.300  3132176.300  3132442.300  3142681.300  3142980.300
   680:  3143636.300  3144339.300  3146904.300  3146960.300  3146974.300
   685:  3147110.300  3147541.300  3147551.300  3172313.300  3172711.300
   690:  3172761.300  3172789.300  3213451.300  3230451.300  3230508.300
   695:  3231385.300  3239079.300  3239706.300  3244274.300  3256512.300
   700:  3257152.300  3273370.300  3273874.300  3284128.300  3313608.300
   705:  3313686.300  3323944.300  3333391.300  3334614.300  3334720.300
   710:  3334818.300  3336441.300  3337225.300  3338151.300  3338783.300
   715:  3363093.300  3365047.300  3365124.300  3365153.300  3385743.300
   720:  3385984.300  3386910.300  3387035.300  3387344.300  3387669.300
   725:  3388093.300  3388806.300  3388929.300  3390686.300  3390713.300
   730:  3390724.300  3391457.300  3799828.300  3799842.300  4004838.300
   735:  4005057.300  4065249.300  4065292.300  4065853.300  4072322.300
   740:  4072975.300  4073014.300  4077146.300  4185192.300  4188881.300
   745:  4188914.300  4198635.300  4199270.300  4200596.300  4215858.300
   750:  4222862.300  4222892.300  4224858.300  4228989.100  4320000.200
D:
     0:        0.111      176.600      274.600     4504.600     4964.600
     5:     5333.600     6979.600     7161.600     7619.600     9839.600
    10:    17360.600    19752.600    19994.600    20152.600    20165.600
    15:    20213.600    20379.600    20398.600    21576.600    21789.600
    20:    25571.600    28001.600    31021.200    31393.650    31569.650
    25:    34882.650    35109.650    39243.650    39327.650    43984.650
    30:    44033.650    44393.650    48907.650    48975.650    52603.650
    35:    52814.650    65000.650    65020.650    65152.650    69181.650
    40:    69545.650    72563.650    84639.650    84747.650    85297.650
    45:    94380.650    94693.650    95153.650    97127.650    97217.650
    50:   100764.650   100830.650   106682.650   106760.650   106803.650
    55:   106827.650   106867.650   106913.650   106938.650   108156.650
    60:   109503.650   119205.650   122705.650   125234.650   125257.650
    65:   125311.650   125584.650   125621.650   125637.650   125661.650
    70:   125678.650   125692.650   127022.400   127067.410   127104.610
    75:   127116.410   127161.410   127210.410   127255.410   127304.410
    80:   127349.410   127398.410   127443.410   127448.420   129288.600
    85:   129327.600   129346.600   129349.600   129353.600   129363.600
    90:   129375.600   129379.600   129408.600   129422.600   129439.600
    95:   129444.600   129479.600   129487.600   129495.600   129523.600
   100:   129525.600   129548.600   129565.600   129574.600   129621.600
   105:   129701.600   129782.600   129786.600   131380.600   131429.600
   110:   131477.600   131583.600   133420.600   133431.600   133591.600
   115:   133624.600   133649.600   138232.600   140388.600   144565.600
   120:   147146.600   147264.600   151451.600   156540.600   156646.600
   125:   168509.600   172130.600   172443.600   172627.600   176445.600
   130:   176901.600   180732.600   184820.600   185894.600   186027.600
   135:   193303.600   193459.600   193490.600   193524.600   193562.600
   140:   193608.600   193638.600   194154.600   194480.600   198825.600
   145:   199091.600   199133.600   199171.600   199204.600   199248.600
   150:   199287.600   199340.600   199381.600   199881.600   199912.600
   155:   206208.600   210433.600   210510.600   220095.600   223354.600
   160:   223557.600   224379.600   224473.600   229741.600   229902.600
   165:   230191.600   230230.600   236911.600   238593.600   238932.600
   170:   244072.600   253741.600   265901.600   277390.600   277491.600
   175:   278048.600   290352.600   290443.600   290530.600   298645.600
   180:   298810.600   298984.600   299027.600   299130.600   303227.600
   185:   303312.600   303329.600   303345.600   303933.600   325346.600
   190:   325395.600   325814.600   325841.600   339021.600   340110.600
   195:   340273.600   343439.600   343524.600   343559.600   343603.600
   200:   343674.600   348770.600   353091.600   354533.600   354675.600
   205:   355050.600   356599.600   356816.600   367009.600   367042.600
   210:   367191.600   367229.600   367275.600   367285.600   367593.600
   215:   368906.600   375739.600   375798.600   376079.600   390499.600
   220:   391239.600   391393.600   393670.600   393851.600   407235.600
   225:   407274.600   415899.600   417105.600   417115.600   417124.600
   230:   418153.600   423825.600   423864.600   428329.600   434081.600
   235:   434112.600   434144.600   434166.600   438660.600   442522.600
   240:   442584.600   448398.600   457116.600   458056.600   468341.600
   245:   468431.600   470800.600   470885.600   471253.600   471501.600
   250:   477478.600   482605.600   482675.600   503439.600   518794.600
   255:   518874.600   527683.600   550198.600   556035.600   565163.600
   260:   565669.600   567681.600   567774.600   567871.600   567880.600
   265:   568034.600   573548.600   574059.600   574346.600   584515.600
   270:   584562.600   584615.600   584718.600   584837.600   585785.600
   275:   585947.600   585983.600   586027.600   586053.600   586090.600
   280:   586136.600   586150.600   586241.600   586259.600   586316.600
   285:   586337.600   586345.600   586376.600   586434.600   586475.600
   290:   600650.600   608422.600   617012.600   623549.600   623604.600
   295:   623664.600   628711.600   628920.600   629382.600   629564.600
   300:   629585.600   630560.600   630888.600   646931.600   658669.600
   305:   676078.600   676143.600   676452.600   676518.600   676552.600
   310:   676584.600   676818.600   679475.600   691709.600   691755.600
   315:   692359.600   692552.600   692893.600   693060.600   693363.600
   320:   693528.600   694306.600   694313.600   694326.600   695640.600
   325:   695659.600   695672.600   695689.600   695705.600   766412.600
   330:   781895.600   781919.600   781947.600   785283.600   798756.600
   335:   800006.600   800016.600   826589.600   836980.600   839185.600
   340:   839262.600   839951.600   853453.600   853964.600   854773.600
   345:   863529.600   863542.600   863878.600   864198.600   864227.600
   350:   864415.600   865177.600   865378.600   866143.600   890702.600
   355:   890720.600   890784.600   890801.600   890868.600   890888.600
   360:   890915.600   890928.600   890962.600   891016.600   891053.600
   365:   891126.600   891139.600   891149.600   891166.600   891217.600
   370:   891237.600   891716.600   904913.600   905549.600   910059.600
   375:   911171.600   912251.600   912674.600   912680.600   913711.600
   380:   915328.600   916281.600   916524.600   921854.600   925326.600
   385:   925365.600   925670.600   942699.600   953960.600   965061.600
   390:   965298.600   979304.600   984827.600   984842.600   985045.600
   395:   990004.600   990046.600   990900.600   991509.600   991805.600
   400:   991949.600  1011390.600  1012131.600  1012197.600  1016781.600
   405:  1016826.600  1022105.600  1022648.600  1022772.600  1024667.600
   410:  1027069.600  1045049.600  1045149.600  1045483.600  1045501.600
   415:  1045534.600  1045592.600  1045871.600  1045895.600  1055455.600
   420:  1064918.600  1065431.600  1066084.600  1066340.600  1077631.600
   425:  1077687.600  1077819.600  1078070.600  1089031.600  1090007.600
   430:  1090554.600  1090625.600  1090692.600  1090871.600  1114430.600
   435:  1116223.600  1117156.600  1124931.600  1125923.600  1126068.600
   440:  1126165.600  1126226.600  1141076.600  1142067.600  1142959.600
   445:  1147493.600  1147504.600  1166056.600  1177611.600  1177936.600
   450:  1186608.600  1186642.600  1186693.600  1186714.600  1186728.600
   455:  1186746.600  1186774.600  1186883.600  1186974.600  1187055.600
   460:  1187372.600  1187459.600  1187486.600  1187531.600  1189470.600
   465:  1189491.600  1214052.600  1217238.600  1217251.600  1218859.600
   470:  1224396.600  1224449.600  1230411.600  1241224.600  1241264.600
   475:  1241954.600  1241959.600  1242504.600  1242940.600  1242974.600
   480:  1243106.600  1243293.600  1246274.600  1246315.600  1246704.600
   485:  1247308.600  1247591.600  1305952.600  1307022.600  1307175.600
   490:  1340944.600  1340952.600  1341029.600  1341209.600  1341223.600
   495:  1341273.600  1341363.600  1341400.600  1399505.600  1402996.600
   500:  1410350.600  1410481.600  1416430.600  1417318.600  1423521.600
   505:  1429908.600  1430153.600  1430213.600  1430269.600  1440596.600
   510:  1448908.600  1453070.600  1453990.600  1466558.600  1466974.600
   515:  1467006.600  1476601.600  1476806.600  1478714.600  1481110.600
   520:  1481588.600  1481706.600  1481793.600  1481870.600  1481955.600
   525:  1482036.600  1482088.600  1482123.600  1482137.600  1482303.600
   530:  1482350.600  1482388.600  1482490.600  1482539.600  1482577.600
   535:  1482586.600  1482850.600  1483064.600  1483116.600  1524841.600
   540:  1542336.600  1549895.600  1550120.600  1550144.600  1550242.600
   545:  1550252.600  1550287.600  1550328.600  1550381.600  1559286.600
   550:  1559539.600  1559550.600  1561276.600  1561880.600  1562191.600
   555:  1570999.600  1571463.600  1583391.600  1588908.600  1592466.200
   560:  1592509.250  1593189.250  1593278.250  1608301.650  1620611.650
   565:  1632573.650  1633131.650  1633184.650  1646865.650  1647495.650
   570:  1647509.650  1647513.650  1647519.650  1647537.650  1647577.650
   575:  1647598.650  1647614.650  1667501.650  1668971.650  1670125.650
   580:  1670143.650  1682386.650  1688467.400  1688512.410  1688561.410
   585:  1688606.410  1688653.610  1688655.410  1688700.410  1688749.410
   590:  1688794.410  1688843.410  1688888.410  1688893.420  1692588.600
   595:  1696196.600  1698955.600  1699493.600  1699757.600  1699803.600
   600:  1706379.600  1706381.600  1706555.600  1706577.600  1714540.600
   605:  1714553.600  1714898.600  1799294.600  1799420.600  1799433.600
   610:  1834243.600  1834337.600  1835093.600  1835290.600  1835312.600
   615:  1835348.600  1835399.600  1835611.600  1835645.600  1835745.600
   620:  1837370.600  1837450.600  1900968.600  1901028.600  1901561.600
   625:  1901984.600  1902618.600  1914860.600  1915017.600  1915043.600
   630:  1917765.600  1917814.600  1925606.600  1925634.600  1925686.600
   635:  1925710.600  1925788.600  1925972.600  1925990.600  1926123.600
   640:  1926389.600  1926449.600  1970131.600  1970375.600  1975777.600
   645:  1976321.600  1976785.600  2003662.600  2004477.600  2005227.600
   650:  2048067.600  2048211.600  2049019.600  2049145.600  2049276.600
   655:  2049348.600  2049640.600  2070889.600  2080555.600  2080942.600
   660:  2081010.600  2081488.600  2098514.600  2098536.600  2098556.600
   665:  2098937.600  2099383.600  2099478.600  2099578.600  2099620.600
   670:  2099682.600  2099727.600  2099762.600  2099775.600  2099829.600
   675:  2099876.600  2099906.600  2099915.600  2099919.600  2099926.600
   680:  2099961.600  2100028.600  2100098.600  2100145.600  2100172.600
   685:  2100312.600  2100318.600  2100325.600  2100418.600  2100441.600
   690:  2100612.600  2100711.600  2100815.600  2100889.600  2100991.600
   695:  2101303.600  2101656.600  2101674.600  2101955.600  2102243.600
   700:  2121996.600  2122141.600  2125412.600  2125481.600  2125560.600
   705:  2125604.600  2125645.600  2125748.600  2160306.600  2160685.600
   710:  2178514.600  2182027.600  2183280.600  2183459.600  2195278.600
   715:  2228211.600  2228227.600  2229415.600  2229924.600  2241056.600
   720:  2241069.600  2241104.600  2241537.600  2242169.600  2243221.600
   725:  2408433.600  2418712.600  2431589.600  2431629.600  2641246.600
   730:  2688528.600  2698287.600  2706235.600  3077925.600  3078407.600
   735:  3107545.600  3112814.600  3112839.600  3113128.600  3113603.600
   740:  3113656.600  3119399.600  3119581.600  3119639.600  3119700.600
   745:  3127317.600  3127351.600  3128019.600  3131706.600  3132876.600
   750:  3132955.600  3132970.600  3133028.600  3133294.600  3143533.600
   755:  3143832.600  3144488.600  3145191.600  3147756.600  3147812.600
   760:  3147826.600  3147962.600  3148393.600  3148403.600  3173165.600
   765:  3173563.600  3173613.600  3173641.600  3214303.600  3231303.600
   770:  3231360.600  3232237.600  3239931.600  3240558.600  3245126.600
   775:  3257364.600  3258004.600  3274222.600  3274726.600  3284980.600
   780:  3314460.600  3314538.600  3324796.600  3334243.600  3335466.600
   785:  3335572.600  3335670.600  3337293.600  3338077.600  3339003.600
   790:  3339635.600  3363945.600  3365899.600  3365976.600  3366005.600
   795:  3386595.600  3386836.600  3387762.600  3387887.600  3388196.600
   800:  3388521.600  3388945.600  3389658.600  3389781.600  3391538.600
   805:  3391565.600  3391576.600  3392309.600  3800680.600  3800694.600
   810:  4005690.600  4005909.600  4066101.600  4066144.600  4066705.600
   815:  4073174.600  4073827.600  4073866.600  4077998.600  4186044.600
   820:  4189733.600  4189766.600  4199487.600  4200122.600  4201448.600
   825:  4216710.600  4223714.600  4223744.600  4225710.600  4229841.200
   830:  4230087.250  4232686.250  4233388.250  4233744.250  4237281.650
   835:  4237286.650  4237404.650  4237427.650  4238840.650  4238996.650
   840:  4249325.250  4320852.400  4320852.999
E:
     0:        5.200       16.300       28.800       43.200       59.900
     5:       80.100      105.300      139.300      191.600      330.300
F:
     0:        1.000        0.000        1.000        0.000        0.000
     5:        0.000
L:
     0:       81.000      185.000
M:
     0:        0.000        0.000        0.000        0.000        0.000
     5:        0.000
