File: C:\MED-PC IV\DATA\!2023-03-05_18h44m.Subject DF22


Start Date: 03/05/23
End Date: 03/06/23
Subject: DF22
Experiment: delayed_acquisition
Group: 1
Box: 2
Start Time: 18:44:31
End Time:  6:57:24
MSN: Delayed_Acquisition2_w_magmacro
G:       0.000
H:       0.000
I:       0.000
J:       0.000
K:       0.000
N:       0.000
O:       0.000
P:       0.000
Q:       0.000
R:       0.000
S:       0.000
T:       0.000
U:       0.000
V:       0.000
W:       0.000
X:       0.000
Y:       0.000
Z:       0.000
A:
     0:        2.000       60.000  4320000.000        2.000        0.000
     5:        1.000    96000.000        0.000       10.000        0.000
    10:        0.000        0.000        0.000        0.000        0.000
    15:        0.000        0.000        0.000        0.000        0.000
    20:        0.000        0.000        0.000        0.000        0.000
    25:        0.000        0.000        0.000        0.000        0.000
    30:        0.000        0.000        0.000        0.000        0.000
    35:        0.000        0.000        0.000        0.000        0.000
    40:        0.000        0.000        0.000        0.000        0.000
    45:        0.000        0.000        0.000        0.000        0.000
    50:        0.000        0.000        0.000        0.000        0.000
    55:        0.000        0.000        0.000        0.000        0.000
    60:        0.000        0.000        0.000        0.000        0.000
    65:        0.000        0.000        0.000        0.000        0.000
    70:        0.000        0.000        0.000        0.000        0.000
    75:        0.000        0.000        0.000        0.000        0.000
    80:        0.000        0.000        0.000        0.000        0.000
    85:        0.000        0.000        0.000        0.000        0.000
    90:        0.000        0.000        0.000        0.000        0.000
    95:        0.000        0.000        0.000        0.000        0.000
   100:        0.000
B:
     0:  4320000.000  4320852.000        1.000        2.000        0.000
     5:        0.000        0.000        2.000     1772.000     1870.000
    10:        0.000     1750.000        2.000        0.000       92.000
    15:        0.000        2.000        0.000        0.000        0.000
    20:        0.000        0.000        0.000        0.000        0.000
    25:        0.000        0.000        0.000        0.000        0.000
    30:        1.080        0.000        0.000       20.000        0.000
    35:        0.000        0.000        0.000        0.000        0.000
    40:        0.000        0.000        0.000        0.000        0.000
    45:        0.000        0.000        0.000        0.000        0.000
    50:        0.000        0.000        0.000        0.000        0.000
    55:        0.000        0.000        0.000        0.000        0.000
    60:        0.000        0.000        0.000        0.000        0.000
    65:        0.000        0.000        0.000        0.000        0.000
    70:        0.000        0.000        0.000        0.000        0.000
    75:        0.000        0.000        0.000        0.000        0.000
    80:        0.000        0.000        0.000        0.000        0.000
    85:        0.000        0.000        0.000        0.000        0.000
    90:        0.000        0.000        0.000        0.000        0.000
    95:        0.000        0.000        0.000        0.000        0.000
   100:        0.000
C:
     0:      102.300      257.300      299.300     1151.300     1286.300
     5:     2994.300     3006.300     3652.300     6689.300    10677.300
    10:    10723.300    11844.300    11885.300    13288.300    15731.300
    15:    15785.300    18794.300    18819.300    20011.300    20286.300
    20:    20356.300    28396.300    33545.300    34110.300    34351.300
    25:    40083.300    40332.300    44687.300    45253.300    48535.300
    30:    48550.300    48661.300    55641.300    55677.300    58811.300
    35:    62622.300    67537.300    74014.300    76486.300    82317.300
    40:    84594.300    84654.300    84936.300    86527.300    88072.300
    45:    89097.300    98160.300    98664.300    98720.300    99060.300
    50:    99074.300    99108.300    99514.300    99546.300    99903.300
    55:    99922.300   100728.300   100793.300   100807.300   100922.300
    60:   100936.300   100969.300   100981.300   101112.300   101117.300
    65:   101125.300   101197.300   101226.300   101269.300   101291.300
    70:   101327.300   101383.300   101438.300   101818.300   101866.300
    75:   101898.300   101912.300   101991.300   102135.300   107015.300
    80:   107688.300   108144.300   108593.300   110713.300   111945.300
    85:   116617.300   117610.300   128871.300   146033.300   146096.300
    90:   146155.300   154018.300   154407.300   155470.300   162540.300
    95:   162867.300   162922.300   164062.300   164660.300   164697.300
   100:   164736.300   164761.300   164872.300   164921.300   164949.300
   105:   164963.300   165143.300   166822.300   167601.300   168237.300
   110:   168855.300   168906.300   168943.300   169477.300   170941.300
   115:   170981.300   177177.300   179701.300   180503.300   184851.300
   120:   186623.300   187148.300   205060.300   210412.300   213978.300
   125:   215972.300   216531.300   217538.300   217713.300   219524.300
   130:   220677.300   221566.300   222109.300   223937.300   224101.300
   135:   224275.300   239041.300   241445.300   243129.300   246282.300
   140:   246811.300   247159.300   247322.300   254911.300   255086.300
   145:   255238.300   255492.300   255642.300   264492.300   267731.300
   150:   267978.300   269314.300   270184.300   272432.300   276267.300
   155:   285294.300   285456.300   285632.300   286536.300   290314.300
   160:   290715.300   295510.300   304563.300   304676.300   304811.300
   165:   304913.300   305295.300   313098.300   320350.300   320386.300
   170:   321283.300   321317.300   321906.300   325173.300   327215.300
   175:   327834.300   331178.300   331205.300   331245.300   331391.300
   180:   332108.300   332181.300   332300.300   336794.300   337764.300
   185:   337935.300   338084.300   338229.300   339494.300   339552.300
   190:   340760.300   340814.300   341041.300   342853.300   343932.300
   195:   345301.300   346248.300   346250.300   346513.300   346685.300
   200:   347447.300   347495.300   347575.300   348011.300   348988.300
   205:   349600.300   352372.300   357454.300   364537.300   365909.300
   210:   366113.300   375131.300   375981.300   377127.300   377540.300
   215:   379237.300   379275.300   379338.300   379381.300   379489.300
   220:   380557.300   380757.300   381771.300   383168.300   384020.300
   225:   384097.300   384155.300   384476.300   386307.300   388611.300
   230:   388979.300   389876.300   391576.300   391697.300   393206.300
   235:   393885.300   393946.300   393950.300   394066.300   395764.300
   240:   396691.300   396699.300   396732.300   397059.300   401802.300
   245:   403236.300   403988.300   408630.300   409848.300   409891.300
   250:   410425.300   414641.300   414692.300   414745.300   414873.300
   255:   415683.300   433638.300   434853.300   435595.300   436028.300
   260:   437861.300   437917.300   438499.300   442113.300   442907.300
   265:   443132.300   443228.300   452192.300   454277.300   455559.300
   270:   456084.300   456402.300   457040.300   457111.300   457764.300
   275:   457812.300   458885.300   461800.300   465427.300   466525.300
   280:   466570.300   466721.300   466899.300   470084.300   471005.300
   285:   472212.300   476110.300   476209.300   480369.300   480411.300
   290:   481173.300   486393.300   487434.300   490863.300   490909.300
   295:   492049.300   492160.300   494270.300   494389.300   494475.300
   300:   494588.300   496074.300   496739.300   497323.300   498277.300
   305:   500435.300   501688.300   501715.300   502377.300   502592.300
   310:   504489.300   506228.300   508779.300   509918.300   509952.300
   315:   509959.300   509983.300   509988.300   510008.300   510719.300
   320:   512783.300   515584.300   516232.300   517808.300   519776.300
   325:   519801.300   520206.300   521324.300   522903.300   532460.300
   330:   533801.300   534393.300   534425.300   534438.300   534456.300
   335:   534915.300   536245.300   536387.300   536829.300   537780.300
   340:   538653.300   539204.300   539213.300   539367.300   539678.300
   345:   542216.300   543327.300   544038.300   544355.300   544572.300
   350:   545808.300   550027.300   550642.300   551077.300   551525.300
   355:   552034.300   552944.300   553440.300   554131.300   554389.300
   360:   556326.300   559895.300   559915.300   559990.300   561203.300
   365:   566592.300   568168.300   568240.300   568307.300   569025.300
   370:   570882.300   570919.300   570984.300   575759.300   577320.300
   375:   578702.300   579823.300   581068.300   581073.300   581111.300
   380:   607032.300   608255.300   610001.300   610063.300   612239.300
   385:   613557.300   616962.300   618144.300   622977.300   626045.300
   390:   628115.300   629012.300   629316.300   633046.300   635895.300
   395:   638551.300   638607.300   638670.300   638713.300   640480.300
   400:   640511.300   643370.300   643376.300   646297.300   647529.300
   405:   649983.300   652568.300   653598.300   653648.300   654663.300
   410:   654723.300   654856.300   655904.300   656117.300   658362.300
   415:   662698.300   663878.300   663926.300   664012.300   664062.300
   420:   664137.300   670060.300   670104.300   670751.300   671429.300
   425:   671487.300   672108.300   672858.300   672894.300   673116.300
   430:   673234.300   673745.300   674486.300   674506.300   680243.300
   435:   680741.300   681127.300   681873.300   681903.300   682826.300
   440:   683192.300   683200.300   684495.300   685206.300   685469.300
   445:   686893.300   687049.300   688141.300   688367.300   690223.300
   450:   690467.300   691104.300   695727.300   695850.300   697077.300
   455:   710475.300   711410.300   712202.300   713036.300   724986.300
   460:   725664.300   725767.300   731779.300   736130.300   773602.300
   465:   774521.300   774565.300   775381.300   776086.300   776344.300
   470:   776983.300   777495.300   778411.300   779364.300   781548.300
   475:   782053.300   783221.300   783346.300   784406.300   784521.300
   480:   784888.300   786609.300   787729.300   787970.300   792675.300
   485:   794562.300   795673.300   800149.300   800621.300   801479.300
   490:   805625.300   807233.300   807998.300   846538.300   846787.300
   495:   847088.300   847165.300   851460.300   855802.300   856651.300
   500:   857866.300   858072.300   859100.300   860009.300   860989.300
   505:   861899.300   861975.300   863283.300   865536.300   866407.300
   510:   866504.300   869670.300   871342.300   871386.300   873417.300
   515:   874764.300   876154.300   877705.300   878464.300   880141.300
   520:   919539.300   920562.300   921307.300   922758.300   924097.300
   525:   924829.300   925591.300   926009.300   926714.300   927610.300
   530:   928127.300   929059.300   932577.300   935325.300   936348.300
   535:   936606.300   937061.300   937640.300   937727.300   951122.300
   540:   951693.300   952218.300   954600.300   955505.300   956134.300
   545:   957624.300   959261.300   959703.300   961501.300   962107.300
   550:   962236.300   963448.300   964602.300   964698.300   966066.300
   555:   967505.300   967554.300   967746.300   969996.300   970045.300
   560:   972932.300   977231.300   984451.300   986993.300   987231.300
   565:   987369.300   988698.300   989798.300   989872.300   989930.300
   570:   990110.300   990919.300   991901.300   992930.300   993897.300
   575:   994718.300   994751.300  1005756.300  1006821.300  1010634.300
   580:  1010723.300  1012026.300  1012291.300  1012720.300  1012791.300
   585:  1012996.300  1013190.300  1013219.300  1013240.300  1013269.300
   590:  1013299.300  1013377.300  1013450.300  1014102.300  1015236.300
   595:  1015665.300  1016400.300  1017332.300  1018342.300  1026189.300
   600:  1026252.300  1026361.300  1026650.300  1134093.300  1134123.300
   605:  1134891.300  1200366.300  1341026.300  1341225.300  1342005.300
   610:  1342571.300  1344047.300  1363601.300  1363989.300  1365556.300
   615:  1365578.300  1366323.300  1367026.300  1372086.300  1372175.300
   620:  1373431.300  1373631.300  1373676.300  1373682.300  1373865.300
   625:  1374621.300  1376143.300  1376728.300  1376891.300  1377346.300
   630:  1378347.300  1378442.300  1379218.300  1379579.300  1379604.300
   635:  1379671.300  1380327.300  1383121.300  1383838.300  1384218.300
   640:  1387021.300  1388465.300  1390120.300  1391011.300  1391077.300
   645:  1392316.300  1392406.300  1392563.300  1392582.300  1393574.300
   650:  1393695.300  1395563.300  1396513.300  1396617.300  1397360.300
   655:  1397417.300  1397484.300  1398695.300  1399447.300  1400076.300
   660:  1400224.300  1400431.300  1401904.300  1402607.300  1403227.300
   665:  1403399.300  1404627.300  1404930.300  1408640.300  1408840.300
   670:  1414817.300  1414856.300  1415758.300  1415964.300  1416964.300
   675:  1417024.300  1417074.300  1417115.300  1424627.300  1425826.300
   680:  1427136.300  1427360.300  1428422.300  1428454.300  1430374.300
   685:  1431410.300  1432023.300  1433373.300  1434135.300  1434213.300
   690:  1434296.300  1434590.300  1445914.300  1449389.300  1451939.300
   695:  1457810.300  1460649.300  1462497.300  1467061.300  1467118.300
   700:  1467592.300  1467794.300  1467877.300  1467921.300  1469055.300
   705:  1479731.300  1480063.300  1500217.300  1502483.300  1507259.300
   710:  1507593.300  1507862.300  1507942.300  1514081.300  1514278.300
   715:  1515789.100  1611790.200  1611790.200  1611790.200  1611790.200
   720:  1611790.200  1611790.200  1611790.200  1611790.200  1611790.200
   725:  1611790.200  1612902.300  1613264.300  1615740.300  1615758.300
   730:  1615803.300  1616074.300  1616076.300  1616144.300  1616171.300
   735:  1616473.300  1616508.300  1616524.300  1616635.300  1617765.300
   740:  1618949.300  1619259.300  1620070.300  1621193.300  1622059.300
   745:  1622271.300  1622320.300  1623235.300  1624088.300  1626685.300
   750:  1626737.300  1627514.300  1628757.300  1628887.300  1629542.300
   755:  1633634.300  1635056.300  1636822.300  1637155.300  1637192.300
   760:  1638354.300  1640195.300  1640419.300  1643118.300  1645625.300
   765:  1646694.300  1646706.300  1647808.300  1647855.300  1648223.300
   770:  1650010.300  1652573.300  1652621.300  1652706.300  1653636.300
   775:  1654777.300  1656700.300  1657126.300  1657594.300  1658654.300
   780:  1661151.300  1662614.300  1699959.300  1700016.300  1701891.300
   785:  1703021.300  1703028.300  1706115.300  1706157.300  1706217.300
   790:  1707745.300  1708537.300  1708558.300  1709847.300  1710917.300
   795:  1711116.300  1711134.300  1713117.300  1714360.300  1720919.300
   800:  1724598.300  1724995.300  1725198.300  1726107.300  1726379.300
   805:  1726451.300  1726514.300  1726630.300  1726669.300  1728681.300
   810:  1730269.300  1730682.300  1730706.300  1730717.300  1736533.300
   815:  1739872.300  1763139.300  1764413.300  1764930.300  1764944.300
   820:  1765592.300  1765652.300  1768988.300  1770106.300  1771133.300
   825:  1771167.300  1772270.300  1772868.300  1801859.300  1803106.300
   830:  1803356.300  1804643.300  1804693.300  1804786.300  1805174.300
   835:  1805373.300  1807699.300  1811570.300  1818972.300  1839088.300
   840:  1840387.300  1841592.300  1842477.300  1843884.300  1845702.300
   845:  1846320.300  1848070.300  1849059.300  1849542.300  1850162.300
   850:  1851197.300  1851622.300  1856533.300  1857401.300  1860235.300
   855:  1861391.300  1861509.300  1862129.300  1864477.300  1868590.300
   860:  1872175.300  1873240.300  1873347.300  1873500.300  1873881.300
   865:  1874452.300  1874858.300  1875163.300  1877214.300  1881526.300
   870:  1881566.300  1883440.300  1883591.300  1883971.300  1884334.300
   875:  1884483.300  1886578.300  1887426.300  1887473.300  1887483.300
   880:  1887612.300  1887653.300  1888946.300  1889228.300  1890295.300
   885:  1892338.300  1896962.300  1899972.300  1901322.300  1901389.300
   890:  1901476.300  1901529.300  1901566.300  1901626.300  1913673.300
   895:  1915360.300  1915989.300  1916857.300  1917408.300  1917460.300
   900:  1918311.300  1918921.300  1920106.300  1930082.300  1930104.300
   905:  1932927.300  1933719.300  1933996.300  1934014.300  1940539.300
   910:  1940577.300  1941707.300  1941772.300  1943374.300  1943454.300
   915:  1944297.300  1947471.300  1947539.300  1947610.300  1947999.300
   920:  1948090.300  1948147.300  1948179.300  1957408.300  1958218.300
   925:  1961858.300  1961986.300  1970609.300  1971428.300  1972213.300
   930:  1972726.300  1973347.300  1973846.300  1999619.300  1999785.300
   935:  1999827.300  2001361.300  2002903.300  2004289.300  2005467.300
   940:  2006125.300  2007727.300  2007845.300  2009234.300  2010190.300
   945:  2010791.300  2011409.300  2015933.300  2016055.300  2016105.300
   950:  2016705.300  2017949.300  2017956.300  2018103.300  2018584.300
   955:  2019349.300  2019678.300  2019755.300  2019803.300  2019843.300
   960:  2019899.300  2020695.300  2020790.300  2021023.300  2023799.300
   965:  2027165.300  2028932.300  2029327.300  2049086.300  2050705.300
   970:  2051330.300  2052303.300  2053056.300  2059177.300  2059407.300
   975:  2059999.300  2061262.300  2063972.300  2064075.300  2064084.300
   980:  2065354.300  2066301.300  2095559.300  2096056.300  2096709.300
   985:  2098194.300  2098820.300  2103458.300  2104382.300  2104620.300
   990:  2105176.300  2105928.300  2106114.300  2114652.300  2115438.300
   995:  2115499.300  2117806.300  2118419.300  2122498.300  2123019.300
  1000:  2123053.300  2123297.300  2126380.300  2129534.300  2130322.300
  1005:  2130655.300  2130964.300  2131775.300  2131972.300  2132361.300
  1010:  2140507.300  2140545.300  2141523.300  2141599.300  2141634.300
  1015:  2141702.300  2142368.300  2142823.300  2145620.300  2145858.300
  1020:  2148855.300  2148872.300  2149782.300  2155536.300  2156463.300
  1025:  2156655.300  2156810.300  2157285.300  2158107.300  2158609.300
  1030:  2158660.300  2158730.300  2158851.300  2160846.100  2256847.200
  1035:  2256847.200  2256847.200  2256847.200  2256847.200  2256847.200
  1040:  2256847.200  2256847.200  2256847.200  2256847.200  2259909.300
  1045:  2261849.300  2261872.300  2262474.300  2263027.300  2263030.300
  1050:  2263045.300  2263058.300  2266968.300  2267913.300  2269162.300
  1055:  2273290.300  2273632.300  2274148.300  2274788.300  2274821.300
  1060:  2274881.300  2274966.300  2277834.300  2283647.300  2283703.300
  1065:  2283731.300  2283739.300  2284102.300  2286356.300  2287259.300
  1070:  2287697.300  2288382.300  2291682.300  2293663.300  2298763.300
  1075:  2347044.300  2348189.300  2349087.300  2349539.300  2351101.300
  1080:  2352436.300  2352868.300  2353298.300  2353336.300  2353913.300
  1085:  2355001.300  2355773.300  2358691.300  2360029.300  2364904.300
  1090:  2366646.300  2371162.300  2373538.300  2374017.300  2374182.300
  1095:  2374863.300  2374952.300  2379619.300  2382236.300  2382256.300
  1100:  2384487.300  2386713.300  2386841.300  2390330.300  2391302.300
  1105:  2391999.300  2392921.300  2394940.300  2394996.300  2395043.300
  1110:  2395055.300  2396640.300  2397458.300  2397870.300  2402284.300
  1115:  2448323.300  2464787.300  2470813.300  2473034.300  2473913.300
  1120:  2474062.300  2474971.300  2477415.300  2478378.300  2486654.300
  1125:  2487138.300  2487196.300  2487203.300  2487228.300  2487622.300
  1130:  2489794.300  2491725.300  2495101.300  2495492.300  2496192.300
  1135:  2499075.300  2499519.300  2501001.300  2501994.300  2505871.300
  1140:  2506706.300  2506937.300  2507177.300  2509099.300  2510334.300
  1145:  2510461.300  2510753.300  2513709.300  2520989.300  2521021.300
  1150:  2523555.300  2524423.300  2543064.300  2543199.300  2543209.300
  1155:  2545569.300  2546450.300  2546548.300  2547181.300  2548237.300
  1160:  2548279.300  2548687.300  2549310.300  2549491.300  2550599.300
  1165:  2550858.300  2554094.300  2554351.300  2555191.300  2558526.300
  1170:  2559612.300  2559694.300  2560408.300  2563736.300  2609888.300
  1175:  2679267.300  2679717.300  2680645.300  2681730.300  2682626.300
  1180:  2684217.300  2684830.300  2685249.300  2686349.300  2833000.300
  1185:  2835103.300  2838297.300  2839048.300  2842063.300  2842710.300
  1190:  2850639.300  2850741.300  2850789.300  2851218.300  2852348.300
  1195:  2852901.300  2853878.300  2860530.300  2860586.300  2863709.300
  1200:  2863776.300  2863895.300  2865502.300  2865662.300  2865897.300
  1205:  2866030.300  2866234.300  2866417.300  2866470.300  2869456.300
  1210:  2869620.300  2869658.300  2869679.300  2869742.300  2869824.300
  1215:  2870877.300  2871034.300  2871057.300  2871159.300  2871233.300
  1220:  2871271.300  2878546.300  2879384.300  2879770.300  2879840.300
  1225:  2879888.300  2880867.300  2881008.300  2882203.300  2882902.300
  1230:  2884285.300  2888396.300  2889550.300  2890622.300  2892459.300
  1235:  2893682.300  2894844.300  2895870.300  2896695.300  2897061.300
  1240:  2897533.300  2898055.300  2901090.300  2902303.300  2902335.300
  1245:  2903779.300  2912475.300  2914347.300  2914741.300  2929765.300
  1250:  2930838.300  2931189.300  3070968.300  3071564.300  3071652.300
  1255:  3071685.300  3072125.300  3072164.300  3347271.300  3347288.300
  1260:  3358342.300  3358960.300  3359825.300  3360458.300  3361126.300
  1265:  3362071.300  3363017.300  3364381.300  3366568.300  3366714.300
  1270:  3366879.300  3367606.300  3368763.300  3369192.300  3369653.300
  1275:  3387923.300  3388230.300  3388830.300  3391480.300  3392598.300
  1280:  3392646.300  3392663.300  3392793.300  3393784.300  3394640.300
  1285:  3395018.300  3395212.300  3409731.300  3409935.300  3410572.300
  1290:  3411294.300  3411398.300  3412539.300  3415332.300  3415354.300
  1295:  3415436.300  3415592.300  3417995.300  3418104.300  3418534.300
  1300:  3418613.300  3439067.300  3439207.300  3439216.300  3439245.300
  1305:  3439581.300  3440182.300  3477092.300  3477909.300  3478003.300
  1310:  3478152.300  3478519.300  3482922.300  3483719.300  3485034.300
  1315:  3485130.300  3485145.300  3485326.300  3485397.300  3485413.300
  1320:  3485459.300  3494816.300  3495507.300  3495545.300  3495824.300
  1325:  3495862.300  3495902.300  3495909.300  3495927.300  3496774.300
  1330:  3496967.300  3497462.300  3498724.300  3499018.300  3507003.300
  1335:  3508952.300  3533362.300  3533418.300  3534481.300  3534741.300
  1340:  3536756.300  3536872.300  3536973.300  3537030.300  3537880.300
  1345:  3537938.300  3538052.300  3538114.300  3539386.300  3540315.300
  1350:  3545694.300  3545944.300  3546145.300  3547321.300  3548242.300
  1355:  3548390.300  3549481.300  3550063.300  3550084.300  3554851.300
  1360:  3555085.300  3556196.300  3559154.300  3562846.300  3563147.300
  1365:  3563405.300  3563640.300  3563734.300  3563976.300  3564030.300
  1370:  3564152.300  3569597.300  3570466.300  3571167.300  3571260.300
  1375:  3571649.300  3577186.300  3578249.300  3578908.300  3580001.300
  1380:  3580050.300  3581398.300  3581731.300  3581845.300  3581906.300
  1385:  3608664.300  3609807.300  3609921.300  3610109.300  3610290.300
  1390:  3610442.300  3610505.300  3611852.300  3613023.300  3613029.300
  1395:  3613725.300  3614458.300  3615588.300  3617754.300  3618573.300
  1400:  3618730.300  3620233.300  3620950.300  3623742.300  3639445.300
  1405:  3639483.300  3640048.300  3640665.300  3642877.300  3643750.300
  1410:  3646710.300  3648123.300  3652439.300  3657377.300  3658343.300
  1415:  3658381.300  3658604.300  3664990.300  3665219.300  3665345.300
  1420:  3667354.300  3667522.300  3667582.300  3669065.300  3669180.300
  1425:  3669670.300  3671259.300  3671944.300  3686110.300  3686768.300
  1430:  3688943.300  3689484.300  3690116.300  3690228.300  3691029.300
  1435:  3691080.300  3691717.300  3691990.300  3699424.300  3702995.300
  1440:  3703125.300  3703931.300  3704010.300  3727187.300  3735096.300
  1445:  3736563.300  3737571.300  3739285.300  3740884.300  3742282.300
  1450:  3743276.300  3743889.300  3744093.300  3748157.300  3761117.300
  1455:  3761411.300  3761743.300  3762110.300  3762787.300  3764094.300
  1460:  3764664.300  3765445.300  3765496.300  3765524.300  3765584.300
  1465:  3768437.300  3781295.300  3782513.300  3783142.300  3783295.300
  1470:  3783685.300  3783809.300  3783993.300  3784798.300  3785863.300
  1475:  3792936.300  3793071.300  3793136.300  3797293.300  3805533.300
  1480:  3806458.300  3807128.300  3811849.300  3812668.300  3812738.300
  1485:  3840779.300  3841066.300  3842052.300  3845422.300  3845429.300
  1490:  3845448.300  3847445.300  3847496.300  3847598.300  3848974.300
  1495:  3849814.300  3849942.300  3850050.300  3850747.300  3851716.300
  1500:  3859154.300  3862533.300  3862738.300  3863689.300  3863973.300
  1505:  3882411.300  3882500.300  3882539.300  3883973.300  3884666.300
  1510:  3884730.300  3885201.300  3885263.300  3885721.300  3885767.300
  1515:  3885974.300  3886363.300  3886475.300  3887389.300  3888191.300
  1520:  3889341.300  3889443.300  3890152.300  3891217.300  3892169.300
  1525:  3892426.300  3893486.300  3893611.300  3893757.300  3894665.300
  1530:  3896524.300  3897379.300  3897776.300  3898685.300  3898908.300
  1535:  3911877.300  3912574.300  3929266.300  3933099.300  3934284.300
  1540:  3935302.300  3935374.300  3936540.300  3937232.300  3937234.300
  1545:  3938606.300  3938783.300  3942350.300  3945744.300  3946510.300
  1550:  3946789.300  3949919.300  3950869.300  3951489.300  3952175.300
  1555:  3952217.300  3952524.300  3953424.300  3958375.300  3958609.300
  1560:  3961422.300  3961488.300  3964303.300  3964612.300  3966593.300
  1565:  3967488.300  3968642.300  3968707.300  3970480.300  3970888.300
  1570:  3971886.300  3974856.300  3975619.300  3999372.300  4000519.300
  1575:  4001136.300  4001701.300  4001814.300  4001834.300  4002422.300
  1580:  4002472.300  4002769.300  4003932.300  4004071.300  4004150.300
  1585:  4004945.300  4005022.300  4005811.300  4006233.300  4006419.300
  1590:  4007483.300  4007544.300  4010860.300  4010965.300  4011466.300
  1595:  4011533.300  4012014.300  4017470.300  4022024.300  4022168.300
  1600:  4023417.300  4024472.300  4024670.300  4026406.300  4027171.300
  1605:  4045239.300  4045738.300  4049567.300  4051481.300  4051901.300
  1610:  4052865.300  4054136.300  4064316.300  4064341.300  4068438.300
  1615:  4071253.300  4072353.300  4072836.300  4072849.300  4075965.300
  1620:  4079120.300  4083719.300  4085751.300  4085781.300  4086334.300
  1625:  4087317.300  4088363.300  4089422.300  4090218.300  4090888.300
  1630:  4090999.300  4091041.300  4094562.300  4095136.300  4095289.300
  1635:  4101873.300  4106202.300  4106905.300  4109634.300  4110095.300
  1640:  4110289.300  4110369.300  4110559.300  4114446.300  4115075.300
  1645:  4115156.300  4115220.300  4119479.300  4123477.300  4128778.300
  1650:  4128925.300  4129202.300  4129261.300  4134700.300  4135522.300
  1655:  4135584.300  4137825.300  4139246.300  4143450.300  4145931.300
  1660:  4146152.300  4148026.300  4149066.300  4149792.300  4150605.300
  1665:  4151427.300  4152179.300  4152210.300  4152799.300  4155488.300
  1670:  4155514.300  4156040.300  4158116.300  4164183.300  4164854.300
  1675:  4166122.300  4166298.300  4169353.300  4170703.300  4171083.300
  1680:  4171654.300  4174807.300  4179662.300  4180043.300  4180397.300
  1685:  4180465.300  4180610.300  4180673.300  4183646.300  4183669.300
  1690:  4184505.300  4185575.300  4190602.300  4196663.300  4199250.300
  1695:  4202218.300  4206214.300  4206279.300  4206341.300  4207093.300
  1700:  4207178.300  4207747.300  4211114.300  4211566.300  4211706.300
  1705:  4211805.300  4214765.300  4214813.300  4215012.300  4215461.300
  1710:  4215465.300  4215525.300  4215552.300  4217612.300  4218401.300
  1715:  4218467.300  4219470.300  4219547.300  4222022.300  4225806.300
  1720:  4226429.300  4226476.300  4228323.300  4229154.300  4229346.300
  1725:  4231812.300  4232482.300  4240757.300  4241428.300  4241919.300
  1730:  4243905.300  4244432.300  4248572.300  4249566.300  4250009.300
  1735:  4256086.300  4258508.300  4275523.300  4280734.300  4280994.300
  1740:  4281469.300  4281821.300  4282060.300  4283752.300  4283807.300
  1745:  4284756.300  4285901.300  4286476.300  4286667.300  4287092.300
  1750:  4287725.300  4288010.300  4292909.300  4293133.300  4297696.300
  1755:  4298009.300  4298109.300  4300229.300  4300955.300  4301335.300
  1760:  4301377.300  4305288.300  4305888.300  4306582.300  4311469.300
  1765:  4311640.300  4311663.300  4311772.300  4313618.300  4314237.300
  1770:  4314643.300  4317693.300
D:
     0:        0.111      102.600      257.600      299.600     1151.600
     5:     1286.600     2994.600     3006.600     3652.600     6689.600
    10:    10677.600    10723.600    11844.600    11885.600    13288.600
    15:    15731.600    15785.600    18794.600    18819.600    20011.600
    20:    20286.600    20356.600    28396.600    33545.600    34110.600
    25:    34351.600    40083.600    40332.600    44687.600    45253.600
    30:    48535.600    48550.600    48661.600    55641.600    55677.600
    35:    58811.600    62622.600    67537.600    74014.600    76486.600
    40:    82317.600    84594.600    84654.600    84936.600    86527.600
    45:    88072.600    89097.600    98160.600    98664.600    98720.600
    50:    99060.600    99074.600    99108.600    99514.600    99546.600
    55:    99903.600    99922.600   100728.600   100793.600   100807.600
    60:   100922.600   100936.600   100969.600   100981.600   101112.600
    65:   101117.600   101125.600   101197.600   101226.600   101269.600
    70:   101291.600   101327.600   101383.600   101438.600   101818.600
    75:   101866.600   101898.600   101912.600   101991.600   102135.600
    80:   107015.600   107688.600   108144.600   108593.600   110713.600
    85:   111945.600   116617.600   117610.600   128871.600   146033.600
    90:   146096.600   146155.600   154018.600   154407.600   155470.600
    95:   162540.600   162867.600   162922.600   164062.600   164660.600
   100:   164697.600   164736.600   164761.600   164872.600   164921.600
   105:   164949.600   164963.600   165143.600   166822.600   167601.600
   110:   168237.600   168855.600   168906.600   168943.600   169477.600
   115:   170941.600   170981.600   177177.600   179701.600   180503.600
   120:   184851.600   186623.600   187148.600   205060.600   210412.600
   125:   213978.600   215972.600   216531.600   217538.600   217713.600
   130:   219524.600   220677.600   221566.600   222109.600   223937.600
   135:   224101.600   224275.600   239041.600   241445.600   243129.600
   140:   246282.600   246811.600   247159.600   247322.600   254911.600
   145:   255086.600   255238.600   255492.600   255642.600   264492.600
   150:   267731.600   267978.600   269314.600   270184.600   272432.600
   155:   276267.600   285294.600   285456.600   285632.600   286536.600
   160:   290314.600   290715.600   295510.600   304563.600   304676.600
   165:   304811.600   304913.600   305295.600   313098.600   320350.600
   170:   320386.600   321283.600   321317.600   321906.600   325173.600
   175:   327215.600   327834.600   331178.600   331205.600   331245.600
   180:   331391.600   332108.600   332181.600   332300.600   336794.600
   185:   337764.600   337935.600   338084.600   338229.600   339494.600
   190:   339552.600   340760.600   340814.600   341041.600   342853.600
   195:   343932.600   345301.600   346248.600   346250.600   346513.600
   200:   346685.600   347447.600   347495.600   347575.600   348011.600
   205:   348988.600   349600.600   352372.600   357454.600   364537.600
   210:   365909.600   366113.600   375131.600   375981.600   377127.600
   215:   377540.600   379237.600   379275.600   379338.600   379381.600
   220:   379489.600   380557.600   380757.600   381771.600   383168.600
   225:   384020.600   384097.600   384155.600   384476.600   386307.600
   230:   388611.600   388979.600   389876.600   391576.600   391697.600
   235:   393206.600   393885.600   393946.600   393950.600   394066.600
   240:   395764.600   396691.600   396699.600   396732.600   397059.600
   245:   401802.600   403236.600   403988.600   408630.600   409848.600
   250:   409891.600   410425.600   414641.600   414692.600   414745.600
   255:   414873.600   415683.600   433638.600   434853.600   435595.600
   260:   436028.600   437861.600   437917.600   438499.600   442113.600
   265:   442907.600   443132.600   443228.600   452192.600   454277.600
   270:   455559.600   456084.600   456402.600   457040.600   457111.600
   275:   457764.600   457812.600   458885.600   461800.600   465427.600
   280:   466525.600   466570.600   466721.600   466899.600   470084.600
   285:   471005.600   472212.600   476110.600   476209.600   480369.600
   290:   480411.600   481173.600   486393.600   487434.600   490863.600
   295:   490909.600   492049.600   492160.600   494270.600   494389.600
   300:   494475.600   494588.600   496074.600   496739.600   497323.600
   305:   498277.600   500435.600   501688.600   501715.600   502377.600
   310:   502592.600   504489.600   506228.600   508779.600   509918.600
   315:   509952.600   509959.600   509983.600   509988.600   510008.600
   320:   510719.600   512783.600   515584.600   516232.600   517808.600
   325:   519776.600   519801.600   520206.600   521324.600   522903.600
   330:   532460.600   533801.600   534393.600   534425.600   534438.600
   335:   534456.600   534915.600   536245.600   536387.600   536829.600
   340:   537780.600   538653.600   539204.600   539213.600   539367.600
   345:   539678.600   542216.600   543327.600   544038.600   544355.600
   350:   544572.600   545808.600   550027.600   550642.600   551077.600
   355:   551525.600   552034.600   552944.600   553440.600   554131.600
   360:   554389.600   556326.600   559895.600   559915.600   559990.600
   365:   561203.600   566592.600   568168.600   568240.600   568307.600
   370:   569025.600   570882.600   570919.600   570984.600   575759.600
   375:   577320.600   578702.600   579823.600   581068.600   581073.600
   380:   581111.600   607032.600   608255.600   610001.600   610063.600
   385:   612239.600   613557.600   616962.600   618144.600   622977.600
   390:   626045.600   628115.600   629012.600   629316.600   633046.600
   395:   635895.600   638551.600   638607.600   638670.600   638713.600
   400:   640480.600   640511.600   643370.600   643376.600   646297.600
   405:   647529.600   649983.600   652568.600   653598.600   653648.600
   410:   654663.600   654723.600   654856.600   655904.600   656117.600
   415:   658362.600   662698.600   663878.600   663926.600   664012.600
   420:   664062.600   664137.600   670060.600   670104.600   670751.600
   425:   671429.600   671487.600   672108.600   672858.600   672894.600
   430:   673116.600   673234.600   673745.600   674486.600   674506.600
   435:   680243.600   680741.600   681127.600   681873.600   681903.600
   440:   682826.600   683192.600   683200.600   684495.600   685206.600
   445:   685469.600   686893.600   687049.600   688141.600   688367.600
   450:   690223.600   690467.600   691104.600   695727.600   695850.600
   455:   697077.600   710475.600   711410.600   712202.600   713036.600
   460:   724986.600   725664.600   725767.600   731779.600   736130.600
   465:   773602.600   774521.600   774565.600   775381.600   776086.600
   470:   776344.600   776983.600   777495.600   778411.600   779364.600
   475:   781548.600   782053.600   783221.600   783346.600   784406.600
   480:   784521.600   784888.600   786609.600   787729.600   787970.600
   485:   792675.600   794562.600   795673.600   800149.600   800621.600
   490:   801479.600   805625.600   807233.600   807998.600   846538.600
   495:   846787.600   847088.600   847165.600   851460.600   855802.600
   500:   856651.600   857866.600   858072.600   859100.600   860009.600
   505:   860989.600   861899.600   861975.600   863283.600   865536.600
   510:   866407.600   866504.600   869670.600   871342.600   871386.600
   515:   873417.600   874764.600   876154.600   877705.600   878464.600
   520:   880141.600   919539.600   920562.600   921307.600   922758.600
   525:   924097.600   924829.600   925591.600   926009.600   926714.600
   530:   927610.600   928127.600   929059.600   932577.600   935325.600
   535:   936348.600   936606.600   937061.600   937640.600   937727.600
   540:   951122.600   951693.600   952218.600   954600.600   955505.600
   545:   956134.600   957624.600   959261.600   959703.600   961501.600
   550:   962107.600   962236.600   963448.600   964602.600   964698.600
   555:   966066.600   967505.600   967554.600   967746.600   969996.600
   560:   970045.600   972932.600   977231.600   984451.600   986993.600
   565:   987231.600   987369.600   988698.600   989798.600   989872.600
   570:   989930.600   990110.600   990919.600   991901.600   992930.600
   575:   993897.600   994718.600   994751.600  1005756.600  1006821.600
   580:  1010634.600  1010723.600  1012026.600  1012291.600  1012720.600
   585:  1012791.600  1012996.600  1013190.600  1013219.600  1013240.600
   590:  1013269.600  1013299.600  1013377.600  1013450.600  1014102.600
   595:  1015236.600  1015665.600  1016400.600  1017332.600  1018342.600
   600:  1026189.600  1026252.600  1026361.600  1026650.600  1134093.600
   605:  1134123.600  1134891.600  1200366.600  1341026.600  1341225.600
   610:  1342005.600  1342571.600  1344047.600  1363601.600  1363989.600
   615:  1365556.600  1365578.600  1366323.600  1367026.600  1372086.600
   620:  1372175.600  1373431.600  1373631.600  1373676.600  1373682.600
   625:  1373865.600  1374621.600  1376143.600  1376728.600  1376891.600
   630:  1377346.600  1378347.600  1378442.600  1379218.600  1379579.600
   635:  1379604.600  1379671.600  1380327.600  1383121.600  1383838.600
   640:  1384218.600  1387021.600  1388465.600  1390120.600  1391011.600
   645:  1391077.600  1392316.600  1392406.600  1392563.600  1392582.600
   650:  1393574.600  1393695.600  1395563.600  1396513.600  1396617.600
   655:  1397360.600  1397417.600  1397484.600  1398695.600  1399447.600
   660:  1400076.600  1400224.600  1400431.600  1401904.600  1402607.600
   665:  1403227.600  1403399.600  1404627.600  1404930.600  1408640.600
   670:  1408840.600  1414817.600  1414856.600  1415758.600  1415964.600
   675:  1416964.600  1417024.600  1417074.600  1417115.600  1424627.600
   680:  1425826.600  1427136.600  1427360.600  1428422.600  1428454.600
   685:  1430374.600  1431410.600  1432023.600  1433373.600  1434135.600
   690:  1434213.600  1434296.600  1434590.600  1445914.600  1449389.600
   695:  1451939.600  1457810.600  1460649.600  1462497.600  1467061.600
   700:  1467118.600  1467592.600  1467794.600  1467877.600  1467921.600
   705:  1469055.600  1479731.600  1480063.600  1500217.600  1502483.600
   710:  1507259.600  1507593.600  1507862.600  1507942.600  1514081.600
   715:  1514278.600  1515789.200  1518761.650  1523722.650  1529037.650
   720:  1529266.650  1533567.650  1533826.650  1534264.650  1542373.650
   725:  1550733.650  1552207.650  1552929.650  1569934.650  1571474.650
   730:  1572285.650  1572434.650  1572976.650  1573077.650  1573995.650
   735:  1574056.650  1574663.650  1574698.650  1575537.650  1578271.650
   740:  1579148.650  1581175.650  1584525.650  1585879.650  1586852.650
   745:  1588277.650  1589778.650  1589859.650  1590041.650  1591184.650
   750:  1592016.650  1592141.650  1592174.650  1600016.650  1601314.650
   755:  1602063.650  1611790.400  1611835.410  1611884.410  1611889.610
   760:  1611929.410  1611978.410  1612023.410  1612072.410  1612117.410
   765:  1612166.410  1612211.410  1612216.420  1613328.600  1613690.600
   770:  1616166.600  1616184.600  1616229.600  1616500.600  1616502.600
   775:  1616570.600  1616597.600  1616899.600  1616934.600  1616950.600
   780:  1617061.600  1618191.600  1619375.600  1619685.600  1620496.600
   785:  1621619.600  1622485.600  1622697.600  1622746.600  1623661.600
   790:  1624514.600  1627111.600  1627163.600  1627940.600  1629183.600
   795:  1629313.600  1629968.600  1634060.600  1635482.600  1637248.600
   800:  1637581.600  1637618.600  1638780.600  1640621.600  1640845.600
   805:  1643544.600  1646051.600  1647120.600  1647132.600  1648234.600
   810:  1648281.600  1648649.600  1650436.600  1652999.600  1653047.600
   815:  1653132.600  1654062.600  1655203.600  1657126.600  1657552.600
   820:  1658020.600  1659080.600  1661577.600  1663040.600  1700385.600
   825:  1700442.600  1702317.600  1703447.600  1703454.600  1706541.600
   830:  1706583.600  1706643.600  1708171.600  1708963.600  1708984.600
   835:  1710273.600  1711343.600  1711542.600  1711560.600  1713543.600
   840:  1714786.600  1721345.600  1725024.600  1725421.600  1725624.600
   845:  1726533.600  1726805.600  1726877.600  1726940.600  1727056.600
   850:  1727095.600  1729107.600  1730695.600  1731108.600  1731132.600
   855:  1731143.600  1736959.600  1740298.600  1763565.600  1764839.600
   860:  1765356.600  1765370.600  1766018.600  1766078.600  1769414.600
   865:  1770532.600  1771559.600  1771593.600  1772696.600  1773294.600
   870:  1802285.600  1803532.600  1803782.600  1805069.600  1805119.600
   875:  1805212.600  1805600.600  1805799.600  1808125.600  1811996.600
   880:  1819398.600  1839514.600  1840813.600  1842018.600  1842903.600
   885:  1844310.600  1846128.600  1846746.600  1848496.600  1849485.600
   890:  1849968.600  1850588.600  1851623.600  1852048.600  1856959.600
   895:  1857827.600  1860661.600  1861817.600  1861935.600  1862555.600
   900:  1864903.600  1869016.600  1872601.600  1873666.600  1873773.600
   905:  1873926.600  1874307.600  1874878.600  1875284.600  1875589.600
   910:  1877640.600  1881952.600  1881992.600  1883866.600  1884017.600
   915:  1884397.600  1884760.600  1884909.600  1887004.600  1887852.600
   920:  1887899.600  1887909.600  1888038.600  1888079.600  1889372.600
   925:  1889654.600  1890721.600  1892764.600  1897388.600  1900398.600
   930:  1901748.600  1901815.600  1901902.600  1901955.600  1901992.600
   935:  1902052.600  1914099.600  1915786.600  1916415.600  1917283.600
   940:  1917834.600  1917886.600  1918737.600  1919347.600  1920532.600
   945:  1930508.600  1930530.600  1933353.600  1934145.600  1934422.600
   950:  1934440.600  1940965.600  1941003.600  1942133.600  1942198.600
   955:  1943800.600  1943880.600  1944723.600  1947897.600  1947965.600
   960:  1948036.600  1948425.600  1948516.600  1948573.600  1948605.600
   965:  1957834.600  1958644.600  1962284.600  1962412.600  1971035.600
   970:  1971854.600  1972639.600  1973152.600  1973773.600  1974272.600
   975:  2000045.600  2000211.600  2000253.600  2001787.600  2003329.600
   980:  2004715.600  2005893.600  2006551.600  2008153.600  2008271.600
   985:  2009660.600  2010616.600  2011217.600  2011835.600  2016359.600
   990:  2016481.600  2016531.600  2017131.600  2018375.600  2018382.600
   995:  2018529.600  2019010.600  2019775.600  2020104.600  2020181.600
  1000:  2020229.600  2020269.600  2020325.600  2021121.600  2021216.600
  1005:  2021449.600  2024225.600  2027591.600  2029358.600  2029753.600
  1010:  2049512.600  2051131.600  2051756.600  2052729.600  2053482.600
  1015:  2059603.600  2059833.600  2060425.600  2061688.600  2064398.600
  1020:  2064501.600  2064510.600  2065780.600  2066727.600  2095985.600
  1025:  2096482.600  2097135.600  2098620.600  2099246.600  2103884.600
  1030:  2104808.600  2105046.600  2105602.600  2106354.600  2106540.600
  1035:  2115078.600  2115864.600  2115925.600  2118232.600  2118845.600
  1040:  2122924.600  2123445.600  2123479.600  2123723.600  2126806.600
  1045:  2129960.600  2130748.600  2131081.600  2131390.600  2132201.600
  1050:  2132398.600  2132787.600  2140933.600  2140971.600  2141949.600
  1055:  2142025.600  2142060.600  2142128.600  2142794.600  2143249.600
  1060:  2146046.600  2146284.600  2149281.600  2149298.600  2150208.600
  1065:  2155962.600  2156889.600  2157081.600  2157236.600  2157711.600
  1070:  2158533.600  2159035.600  2159086.600  2159156.600  2159277.600
  1075:  2161272.200  2163424.650  2163526.650  2164773.650  2164979.650
  1080:  2165501.650  2165512.650  2165548.650  2165779.650  2167067.650
  1085:  2168143.650  2168546.650  2168595.650  2169007.650  2172072.650
  1090:  2172900.650  2187244.650  2189089.650  2189178.650  2190571.650
  1095:  2205993.650  2206924.650  2206982.650  2207045.650  2208204.650
  1100:  2208369.650  2208854.650  2211034.650  2212212.650  2212282.650
  1105:  2212968.650  2216929.650  2217895.650  2218939.650  2219845.650
  1110:  2219905.650  2220003.650  2221218.650  2224733.650  2225562.650
  1115:  2225625.650  2225937.650  2225994.650  2226147.650  2226404.650
  1120:  2226416.650  2233169.650  2233984.650  2234074.650  2234487.650
  1125:  2235592.650  2235638.650  2235815.650  2238069.650  2257273.400
  1130:  2257318.410  2257367.410  2257392.610  2257412.410  2257461.410
  1135:  2257506.410  2257555.410  2257600.410  2257649.410  2257694.410
  1140:  2257699.420  2260761.600  2262701.600  2262724.600  2263326.600
  1145:  2263879.600  2263882.600  2263897.600  2263910.600  2267820.600
  1150:  2268765.600  2270014.600  2274142.600  2274484.600  2275000.600
  1155:  2275640.600  2275673.600  2275733.600  2275818.600  2278686.600
  1160:  2284499.600  2284555.600  2284583.600  2284591.600  2284954.600
  1165:  2287208.600  2288111.600  2288549.600  2289234.600  2292534.600
  1170:  2294515.600  2299615.600  2347896.600  2349041.600  2349939.600
  1175:  2350391.600  2351953.600  2353288.600  2353720.600  2354150.600
  1180:  2354188.600  2354765.600  2355853.600  2356625.600  2359543.600
  1185:  2360881.600  2365756.600  2367498.600  2372014.600  2374390.600
  1190:  2374869.600  2375034.600  2375715.600  2375804.600  2380471.600
  1195:  2383088.600  2383108.600  2385339.600  2387565.600  2387693.600
  1200:  2391182.600  2392154.600  2392851.600  2393773.600  2395792.600
  1205:  2395848.600  2395895.600  2395907.600  2397492.600  2398310.600
  1210:  2398722.600  2403136.600  2449175.600  2465639.600  2471665.600
  1215:  2473886.600  2474765.600  2474914.600  2475823.600  2478267.600
  1220:  2479230.600  2487506.600  2487990.600  2488048.600  2488055.600
  1225:  2488080.600  2488474.600  2490646.600  2492577.600  2495953.600
  1230:  2496344.600  2497044.600  2499927.600  2500371.600  2501853.600
  1235:  2502846.600  2506723.600  2507558.600  2507789.600  2508029.600
  1240:  2509951.600  2511186.600  2511313.600  2511605.600  2514561.600
  1245:  2521841.600  2521873.600  2524407.600  2525275.600  2543916.600
  1250:  2544051.600  2544061.600  2546421.600  2547302.600  2547400.600
  1255:  2548033.600  2549089.600  2549131.600  2549539.600  2550162.600
  1260:  2550343.600  2551451.600  2551710.600  2554946.600  2555203.600
  1265:  2556043.600  2559378.600  2560464.600  2560546.600  2561260.600
  1270:  2564588.600  2610740.600  2680119.600  2680569.600  2681497.600
  1275:  2682582.600  2683478.600  2685069.600  2685682.600  2686101.600
  1280:  2687201.600  2833852.600  2835955.600  2839149.600  2839900.600
  1285:  2842915.600  2843562.600  2851491.600  2851593.600  2851641.600
  1290:  2852070.600  2853200.600  2853753.600  2854730.600  2861382.600
  1295:  2861438.600  2864561.600  2864628.600  2864747.600  2866354.600
  1300:  2866514.600  2866749.600  2866882.600  2867086.600  2867269.600
  1305:  2867322.600  2870308.600  2870472.600  2870510.600  2870531.600
  1310:  2870594.600  2870676.600  2871729.600  2871886.600  2871909.600
  1315:  2872011.600  2872085.600  2872123.600  2879398.600  2880236.600
  1320:  2880622.600  2880692.600  2880740.600  2881719.600  2881860.600
  1325:  2883055.600  2883754.600  2885137.600  2889248.600  2890402.600
  1330:  2891474.600  2893311.600  2894534.600  2895696.600  2896722.600
  1335:  2897547.600  2897913.600  2898385.600  2898907.600  2901942.600
  1340:  2903155.600  2903187.600  2904631.600  2913327.600  2915199.600
  1345:  2915593.600  2930617.600  2931690.600  2932041.600  3071820.600
  1350:  3072416.600  3072504.600  3072537.600  3072977.600  3073016.600
  1355:  3348123.600  3348140.600  3359194.600  3359812.600  3360677.600
  1360:  3361310.600  3361978.600  3362923.600  3363869.600  3365233.600
  1365:  3367420.600  3367566.600  3367731.600  3368458.600  3369615.600
  1370:  3370044.600  3370505.600  3388775.600  3389082.600  3389682.600
  1375:  3392332.600  3393450.600  3393498.600  3393515.600  3393645.600
  1380:  3394636.600  3395492.600  3395870.600  3396064.600  3410583.600
  1385:  3410787.600  3411424.600  3412146.600  3412250.600  3413391.600
  1390:  3416184.600  3416206.600  3416288.600  3416444.600  3418847.600
  1395:  3418956.600  3419386.600  3419465.600  3439919.600  3440059.600
  1400:  3440068.600  3440097.600  3440433.600  3441034.600  3477944.600
  1405:  3478761.600  3478855.600  3479004.600  3479371.600  3483774.600
  1410:  3484571.600  3485886.600  3485982.600  3485997.600  3486178.600
  1415:  3486249.600  3486265.600  3486311.600  3495668.600  3496359.600
  1420:  3496397.600  3496676.600  3496714.600  3496754.600  3496761.600
  1425:  3496779.600  3497626.600  3497819.600  3498314.600  3499576.600
  1430:  3499870.600  3507855.600  3509804.600  3534214.600  3534270.600
  1435:  3535333.600  3535593.600  3537608.600  3537724.600  3537825.600
  1440:  3537882.600  3538732.600  3538790.600  3538904.600  3538966.600
  1445:  3540238.600  3541167.600  3546546.600  3546796.600  3546997.600
  1450:  3548173.600  3549094.600  3549242.600  3550333.600  3550915.600
  1455:  3550936.600  3555703.600  3555937.600  3557048.600  3560006.600
  1460:  3563698.600  3563999.600  3564257.600  3564492.600  3564586.600
  1465:  3564828.600  3564882.600  3565004.600  3570449.600  3571318.600
  1470:  3572019.600  3572112.600  3572501.600  3578038.600  3579101.600
  1475:  3579760.600  3580853.600  3580902.600  3582250.600  3582583.600
  1480:  3582697.600  3582758.600  3609516.600  3610659.600  3610773.600
  1485:  3610961.600  3611142.600  3611294.600  3611357.600  3612704.600
  1490:  3613875.600  3613881.600  3614577.600  3615310.600  3616440.600
  1495:  3618606.600  3619425.600  3619582.600  3621085.600  3621802.600
  1500:  3624594.600  3640297.600  3640335.600  3640900.600  3641517.600
  1505:  3643729.600  3644602.600  3647562.600  3648975.600  3653291.600
  1510:  3658229.600  3659195.600  3659233.600  3659456.600  3665842.600
  1515:  3666071.600  3666197.600  3668206.600  3668374.600  3668434.600
  1520:  3669917.600  3670032.600  3670522.600  3672111.600  3672796.600
  1525:  3686962.600  3687620.600  3689795.600  3690336.600  3690968.600
  1530:  3691080.600  3691881.600  3691932.600  3692569.600  3692842.600
  1535:  3700276.600  3703847.600  3703977.600  3704783.600  3704862.600
  1540:  3728039.600  3735948.600  3737415.600  3738423.600  3740137.600
  1545:  3741736.600  3743134.600  3744128.600  3744741.600  3744945.600
  1550:  3749009.600  3761969.600  3762263.600  3762595.600  3762962.600
  1555:  3763639.600  3764946.600  3765516.600  3766297.600  3766348.600
  1560:  3766376.600  3766436.600  3769289.600  3782147.600  3783365.600
  1565:  3783994.600  3784147.600  3784537.600  3784661.600  3784845.600
  1570:  3785650.600  3786715.600  3793788.600  3793923.600  3793988.600
  1575:  3798145.600  3806385.600  3807310.600  3807980.600  3812701.600
  1580:  3813520.600  3813590.600  3841631.600  3841918.600  3842904.600
  1585:  3846274.600  3846281.600  3846300.600  3848297.600  3848348.600
  1590:  3848450.600  3849826.600  3850666.600  3850794.600  3850902.600
  1595:  3851599.600  3852568.600  3860006.600  3863385.600  3863590.600
  1600:  3864541.600  3864825.600  3883263.600  3883352.600  3883391.600
  1605:  3884825.600  3885518.600  3885582.600  3886053.600  3886115.600
  1610:  3886573.600  3886619.600  3886826.600  3887215.600  3887327.600
  1615:  3888241.600  3889043.600  3890193.600  3890295.600  3891004.600
  1620:  3892069.600  3893021.600  3893278.600  3894338.600  3894463.600
  1625:  3894609.600  3895517.600  3897376.600  3898231.600  3898628.600
  1630:  3899537.600  3899760.600  3912729.600  3913426.600  3930118.600
  1635:  3933951.600  3935136.600  3936154.600  3936226.600  3937392.600
  1640:  3938084.600  3938086.600  3939458.600  3939635.600  3943202.600
  1645:  3946596.600  3947362.600  3947641.600  3950771.600  3951721.600
  1650:  3952341.600  3953027.600  3953069.600  3953376.600  3954276.600
  1655:  3959227.600  3959461.600  3962274.600  3962340.600  3965155.600
  1660:  3965464.600  3967445.600  3968340.600  3969494.600  3969559.600
  1665:  3971332.600  3971740.600  3972738.600  3975708.600  3976471.600
  1670:  4000224.600  4001371.600  4001988.600  4002553.600  4002666.600
  1675:  4002686.600  4003274.600  4003324.600  4003621.600  4004784.600
  1680:  4004923.600  4005002.600  4005797.600  4005874.600  4006663.600
  1685:  4007085.600  4007271.600  4008335.600  4008396.600  4011712.600
  1690:  4011817.600  4012318.600  4012385.600  4012866.600  4018322.600
  1695:  4022876.600  4023020.600  4024269.600  4025324.600  4025522.600
  1700:  4027258.600  4028023.600  4046091.600  4046590.600  4050419.600
  1705:  4052333.600  4052753.600  4053717.600  4054988.600  4065168.600
  1710:  4065193.600  4069290.600  4072105.600  4073205.600  4073688.600
  1715:  4073701.600  4076817.600  4079972.600  4084571.600  4086603.600
  1720:  4086633.600  4087186.600  4088169.600  4089215.600  4090274.600
  1725:  4091070.600  4091740.600  4091851.600  4091893.600  4095414.600
  1730:  4095988.600  4096141.600  4102725.600  4107054.600  4107757.600
  1735:  4110486.600  4110947.600  4111141.600  4111221.600  4111411.600
  1740:  4115298.600  4115927.600  4116008.600  4116072.600  4120331.600
  1745:  4124329.600  4129630.600  4129777.600  4130054.600  4130113.600
  1750:  4135552.600  4136374.600  4136436.600  4138677.600  4140098.600
  1755:  4144302.600  4146783.600  4147004.600  4148878.600  4149918.600
  1760:  4150644.600  4151457.600  4152279.600  4153031.600  4153062.600
  1765:  4153651.600  4156340.600  4156366.600  4156892.600  4158968.600
  1770:  4165035.600  4165706.600  4166974.600  4167150.600  4170205.600
  1775:  4171555.600  4171935.600  4172506.600  4175659.600  4180514.600
  1780:  4180895.600  4181249.600  4181317.600  4181462.600  4181525.600
  1785:  4184498.600  4184521.600  4185357.600  4186427.600  4191454.600
  1790:  4197515.600  4200102.600  4203070.600  4207066.600  4207131.600
  1795:  4207193.600  4207945.600  4208030.600  4208599.600  4211966.600
  1800:  4212418.600  4212558.600  4212657.600  4215617.600  4215665.600
  1805:  4215864.600  4216313.600  4216317.600  4216377.600  4216404.600
  1810:  4218464.600  4219253.600  4219319.600  4220322.600  4220399.600
  1815:  4222874.600  4226658.600  4227281.600  4227328.600  4229175.600
  1820:  4230006.600  4230198.600  4232664.600  4233334.600  4241609.600
  1825:  4242280.600  4242771.600  4244757.600  4245284.600  4249424.600
  1830:  4250418.600  4250861.600  4256938.600  4259360.600  4276375.600
  1835:  4281586.600  4281846.600  4282321.600  4282673.600  4282912.600
  1840:  4284604.600  4284659.600  4285608.600  4286753.600  4287328.600
  1845:  4287519.600  4287944.600  4288577.600  4288862.600  4293761.600
  1850:  4293985.600  4298548.600  4298861.600  4298961.600  4301081.600
  1855:  4301807.600  4302187.600  4302229.600  4306140.600  4306740.600
  1860:  4307434.600  4312321.600  4312492.600  4312515.600  4312624.600
  1865:  4314470.600  4315089.600  4315495.600  4318545.600  4320852.999
E:
     0:        5.200       16.300       28.800       43.200       59.900
     5:       80.100      105.300      139.300      191.600      330.300
F:
     0:        0.000        0.000        0.000        0.000        0.000
     5:        0.000
L:
     0:       98.000      118.000
M:
     0:        0.000        0.000        0.000        0.000        0.000
     5:        0.000
