File: C:\MED-PC IV\DATA\!2023-03-05_18h44m.Subject DF25


Start Date: 03/05/23
End Date: 03/06/23
Subject: DF25
Experiment: delayed_acquisition
Group: 1
Box: 5
Start Time: 18:44:33
End Time:  6:57:50
MSN: Delayed_AcquisitionYoked2_w_magmacro
G:       0.000
H:       0.000
I:       0.000
J:       0.000
K:       0.000
N:       0.000
O:       0.000
P:       0.000
Q:       0.000
R:       0.000
S:       0.000
T:       0.000
U:       0.000
V:       0.000
W:       0.000
X:      -3.000
Y:       0.000
Z:       0.000
A:
     0:        2.000       60.000  4320000.000        2.000        0.000
     5:        1.000    96000.000        1.000       10.000        0.000
    10:        0.000        0.000        0.000        0.000        0.000
    15:        0.000        0.000        0.000        0.000        0.000
    20:        0.000        0.000        0.000        0.000        0.000
    25:        0.000        0.000        0.000        0.000        0.000
    30:        0.000        0.000        0.000        0.000        0.000
    35:        0.000        0.000        0.000        0.000        0.000
    40:        0.000        0.000        0.000        0.000        0.000
    45:        0.000        0.000        0.000        0.000        0.000
    50:        0.000        0.000        0.000        0.000        0.000
    55:        0.000        0.000        0.000        0.000        0.000
    60:        0.000        0.000        0.000        0.000        0.000
    65:        0.000        0.000        0.000        0.000        0.000
    70:        0.000        0.000        0.000        0.000        0.000
    75:        0.000        0.000        0.000        0.000        0.000
    80:        0.000        0.000        0.000        0.000        0.000
    85:        0.000        0.000        0.000        0.000        0.000
    90:        0.000        0.000        0.000        0.000        0.000
    95:        0.000        0.000        0.000        0.000        0.000
   100:        0.000
B:
     0:  4320000.000  4323408.000        1.000       16.000        0.000
     5:        0.000        0.000        8.000      429.000      513.000
    10:        0.000      333.000       14.000        7.000       53.000
    15:        0.000        8.000        0.000        0.000        0.000
    20:        0.000        0.000        0.000        0.000        0.000
    25:        0.000        0.000        0.000        0.000        0.000
    30:        1.414        0.000        0.000       80.000        0.000
    35:        0.000        0.000        0.000        0.000        0.000
    40:        0.000        0.000        0.000        0.000        0.000
    45:        0.000        0.000        0.000        0.000        0.000
    50:        0.000        0.000        0.000        0.000        0.000
    55:        0.000        0.000        0.000        0.000        0.000
    60:        0.000        0.000        0.000        0.000        0.000
    65:        0.000        0.000        0.000        0.000        0.000
    70:        0.000        0.000        0.000        0.000        0.000
    75:        0.000        0.000        0.000        0.000        0.000
    80:        0.000        0.000        0.000        0.000        0.000
    85:        0.000        0.000        0.000        0.000        0.000
    90:        0.000        0.000        0.000        0.000        0.000
    95:        0.000        0.000        0.000        0.000        0.000
   100:        0.000
C:
     0:       66.100      239.300      260.300      285.300     1102.300
     5:    97867.200    97867.200    97867.200    97867.200    97867.200
    10:    97867.200    97867.200    97867.200    97867.200    97867.200
    15:    98280.300    98283.300    98314.300   102129.300   102151.300
    20:   102241.300   102445.300   102459.300   102498.300   102548.300
    25:   102580.300   102778.300   102795.300   108008.300   108016.300
    30:   111215.300   201024.300   204784.300   204915.300   260742.300
    35:   266050.300   266098.300   522497.300   522523.300   522657.300
    40:   522947.300   523544.100   633591.300   633735.300   731000.100
    45:   756979.300   757036.300   757467.300   842375.300   847856.100
    50:   964419.200   964419.200   964419.200   964419.200   964419.200
    55:   964419.200   964419.200   964419.200   964419.200   964419.200
    60:   965940.300   965967.300   965989.300   966012.300   966030.300
    65:   966046.300   966065.300   966076.300   966082.300   966095.300
    70:   972113.300   972119.300   974153.300  1083483.200  1083483.200
    75:  1083483.200  1083483.200  1083483.200  1083483.200  1083483.200
    80:  1083483.200  1083483.200  1083483.200  1088480.300  1088504.300
    85:  1088517.300  1088528.300  1088550.300  1088570.300  1088597.300
    90:  1088616.300  1088631.300  1088672.300  1088741.300  1088862.300
    95:  1088925.300  1089036.300  1089210.300  1089321.300  1089359.300
   100:  1089376.300  1089386.300  1089569.300  1089625.300  1089671.300
   105:  1091652.300  1398541.300  1406914.300  1410387.300  1504725.300
   110:  1505175.300  1534167.300  1645427.300  1645489.300  1645496.300
   115:  1770385.200  1770385.200  1770385.200  1770385.200  1770385.200
   120:  1770385.200  1770385.200  1770385.200  1770385.200  1770385.200
   125:  1770496.300  1770520.300  1770546.300  1770570.300  1770594.300
   130:  1770618.300  1770642.300  1770667.300  1770687.300  1770736.300
   135:  1770760.300  1770783.300  1770808.300  1770834.300  1770858.300
   140:  1770881.300  1770904.300  1770930.300  1770955.300  1770978.300
   145:  1771003.300  1771021.300  1771047.300  1771068.300  1771092.300
   150:  1771117.300  1771140.300  1771161.300  1771206.300  1771229.300
   155:  1771248.300  1771271.300  1771288.300  1771303.300  1771391.300
   160:  1775717.300  1775741.300  1775802.300  1775819.300  1775828.300
   165:  1775838.300  1775862.300  1775891.300  1775922.300  1775942.300
   170:  1776008.300  1776060.300  1776064.300  1776076.300  1776095.300
   175:  1776204.300  1776498.300  1776524.300  1776580.300  1776610.300
   180:  1776634.300  1776671.300  1776775.300  1776829.300  1776939.300
   185:  1776959.300  1776978.300  1776998.300  1777010.300  1777017.300
   190:  1777098.300  1777117.300  1777151.300  1777156.300  1779219.300
   195:  1779313.300  1779513.300  1892763.300  2056788.100  2066653.300
   200:  2072034.300  2072040.300  2072065.300  2072078.300  2072092.300
   205:  2115235.100  2233490.100  2412263.200  2412263.200  2412263.200
   210:  2412263.200  2412263.200  2412263.200  2412263.200  2412263.200
   215:  2412263.200  2412263.200  2413574.300  2413616.300  2413625.300
   220:  2413631.300  2413652.300  2413679.300  2413703.300  2413750.300
   225:  2413774.300  2413792.300  2413903.300  2413925.300  2413947.300
   230:  2413974.300  2413998.300  2414098.300  2416948.300  2416951.300
   235:  2417031.300  2417036.300  2417046.300  2417065.300  2417087.300
   240:  2417114.300  2417132.300  2417156.300  2417172.300  2417373.300
   245:  2417380.300  2417428.300  2417448.300  2417478.300  2417646.300
   250:  2417874.300  2417894.300  2417934.300  2417950.300  2418563.300
   255:  2423563.300  2497620.300  2589921.100  2593525.300  2593976.300
   260:  2593982.300  2687826.300  2687876.300  2688356.300  2688374.300
   265:  2749433.300  2751649.300  2797634.300  2830852.300  2842088.300
   270:  2868202.100  2868470.300  2896043.100  2909938.300  2910012.300
   275:  2910149.300  2910254.300  2910354.300  2910436.300  2910521.300
   280:  2974399.100  2974500.100  3001899.100  3031638.300  3031682.300
   285:  3031789.300  3031829.300  3032134.300  3035812.100  3092149.300
   290:  3092264.300  3092315.300  3092611.300  3092964.300  3119024.300
   295:  3119186.300  3119338.300  3119353.300  3119508.300  3119791.300
   300:  3119795.300  3144591.300  3144762.300  3145043.300  3145061.300
   305:  3145321.300  3145591.300  3145677.300  3145737.300  3202311.300
   310:  3445318.300  3445439.300  3445530.300  3445604.300  3445867.300
   315:  3445926.300  3445990.300  3446169.300  3460683.100  3560372.200
   320:  3560372.200  3560372.200  3560372.200  3560372.200  3560372.200
   325:  3560372.200  3560372.200  3560372.200  3560372.200  3561035.300
   330:  3561684.300  3561709.300  3561734.300  3561759.300  3561824.300
   335:  3561885.300  3561964.300  3561983.300  3562007.300  3562025.300
   340:  3562030.300  3562045.300  3562062.300  3562088.300  3562104.300
   345:  3562122.300  3562124.300  3562135.300  3562158.300  3562178.300
   350:  3562193.300  3562214.300  3562230.300  3562239.300  3566112.300
   355:  3566190.300  3566200.300  3566227.300  3566504.300  3566517.300
   360:  3567479.300  3567497.300  3567901.300  3572620.300  3578550.300
   365:  3675588.200  3675588.200  3675588.200  3675588.200  3675588.200
   370:  3675588.200  3675588.200  3675588.200  3675588.200  3675588.200
   375:  3679834.300  3679851.300  3679859.300  3679894.300  3679904.300
   380:  3679913.300  3679927.300  3679940.300  3680009.300  3680067.300
   385:  3680601.300  3683291.300  3685348.300  3685363.300  3685972.300
   390:  3691171.300  3740675.300  3740761.300  3744363.300  3744430.300
   395:  3771553.300  4290130.200  4290130.200  4290130.200  4290130.200
   400:  4290130.200  4290130.200  4290130.200  4290130.200  4290130.200
   405:  4290130.200  4291807.300  4291967.300  4292026.300  4292162.300
   410:  4292179.300  4292196.300  4292211.300  4292288.300  4292307.300
   415:  4292331.300  4292392.300  4292514.300  4292773.300  4292781.300
   420:  4292829.300  4292845.300  4293064.300  4293137.300  4294262.300
   425:  4295105.300  4295372.300  4298611.300  4300189.100
D:
     0:        0.111       66.200      239.600      260.600      285.600
     5:     1102.600     6120.250     6449.650     6523.650    14183.250
    10:    15211.650    15482.650    15499.650    15505.650    18087.650
    15:    18337.650    18350.650    18397.650    18432.650    18436.650
    20:    18450.650    18458.650    18597.650    18638.650    18785.650
    25:    19026.650    21662.250    24011.650    24477.650    24614.650
    30:    24638.650    42379.650    42458.650    42605.650    43167.650
    35:    97867.400    97912.410    97961.410    98006.410    98018.610
    40:    98031.610    98055.410    98100.410    98149.410    98194.410
    45:    98243.410    98288.410    98293.420    98706.600    98709.600
    50:    98740.600   102555.600   102577.600   102667.600   102871.600
    55:   102885.600   102924.600   102974.600   103006.600   103204.600
    60:   103221.600   108434.600   108442.600   111641.600   201450.600
    65:   205210.600   205341.600   261168.600   266476.600   266524.600
    70:   522923.600   522949.600   523083.600   523373.600   523970.200
    75:   634017.600   634161.600   731426.200   757405.600   757462.600
    80:   757893.600   842801.600   848282.200   951296.250   951788.250
    85:   958627.250   959481.650   959565.650   959596.650   964845.400
    90:   964890.410   964929.610   964938.610   964939.410   964984.410
    95:   965033.410   965078.410   965127.410   965172.410   965221.410
   100:   965266.410   965271.420   966792.600   966819.600   966841.600
   105:   966864.600   966882.600   966898.600   966917.600   966928.600
   110:   966934.600   966947.600   972965.600   972971.600   975005.600
   115:  1084335.400  1084380.410  1084429.410  1084456.610  1084474.410
   120:  1084523.410  1084568.410  1084617.410  1084662.410  1084711.410
   125:  1084756.410  1084761.420  1089758.600  1089782.600  1089795.600
   130:  1089806.600  1089828.600  1089848.600  1089875.600  1089894.600
   135:  1089909.600  1089950.600  1090019.600  1090140.600  1090203.600
   140:  1090314.600  1090488.600  1090599.600  1090637.600  1090654.600
   145:  1090664.600  1090847.600  1090903.600  1090949.600  1092930.600
   150:  1399819.600  1408192.600  1411665.600  1506003.600  1506453.600
   155:  1535445.600  1646705.600  1646767.600  1646774.600  1685657.650
   160:  1750737.650  1771663.400  1771708.410  1771757.410  1771766.610
   165:  1771772.610  1771782.610  1771802.410  1771851.410  1771896.410
   170:  1771945.410  1771990.410  1772039.410  1772084.410  1772089.420
   175:  1772200.600  1772224.600  1772250.600  1772274.600  1772298.600
   180:  1772322.600  1772346.600  1772371.600  1772391.600  1772440.600
   185:  1772464.600  1772487.600  1772512.600  1772538.600  1772562.600
   190:  1772585.600  1772608.600  1772634.600  1772659.600  1772682.600
   195:  1772707.600  1772725.600  1772751.600  1772772.600  1772796.600
   200:  1772821.600  1772844.600  1772865.600  1772910.600  1772933.600
   205:  1772952.600  1772975.600  1772992.600  1773007.600  1773095.600
   210:  1777421.600  1777445.600  1777506.600  1777523.600  1777532.600
   215:  1777542.600  1777566.600  1777595.600  1777626.600  1777646.600
   220:  1777712.600  1777764.600  1777768.600  1777780.600  1777799.600
   225:  1777908.600  1778202.600  1778228.600  1778284.600  1778314.600
   230:  1778338.600  1778375.600  1778479.600  1778533.600  1778643.600
   235:  1778663.600  1778682.600  1778702.600  1778714.600  1778721.600
   240:  1778802.600  1778821.600  1778855.600  1778860.600  1780923.600
   245:  1781017.600  1781217.600  1894467.600  2058492.200  2068357.600
   250:  2073738.600  2073744.600  2073769.600  2073782.600  2073796.600
   255:  2116939.200  2235194.200  2326893.650  2413967.400  2414012.410
   260:  2414061.410  2414106.410  2414155.410  2414200.410  2414249.410
   265:  2414294.410  2414319.610  2414343.410  2414388.410  2414393.420
   270:  2415704.600  2415746.600  2415755.600  2415761.600  2415782.600
   275:  2415809.600  2415833.600  2415880.600  2415904.600  2415922.600
   280:  2416033.600  2416055.600  2416077.600  2416104.600  2416128.600
   285:  2416228.600  2419078.600  2419081.600  2419161.600  2419166.600
   290:  2419176.600  2419195.600  2419217.600  2419244.600  2419262.600
   295:  2419286.600  2419302.600  2419503.600  2419510.600  2419558.600
   300:  2419578.600  2419608.600  2419776.600  2420004.600  2420024.600
   305:  2420064.600  2420080.600  2420693.600  2425693.600  2499750.600
   310:  2592051.200  2595655.600  2596106.600  2596112.600  2689956.600
   315:  2690006.600  2690486.600  2690504.600  2751563.600  2753779.600
   320:  2799764.600  2832982.600  2844218.600  2870332.200  2870600.600
   325:  2898173.200  2912068.600  2912142.600  2912279.600  2912384.600
   330:  2912484.600  2912566.600  2912651.600  2976529.200  2976630.200
   335:  3004029.200  3033768.600  3033812.600  3033919.600  3033959.600
   340:  3034264.600  3037942.200  3094279.600  3094394.600  3094445.600
   345:  3094741.600  3095094.600  3121154.600  3121316.600  3121468.600
   350:  3121483.600  3121638.600  3121921.600  3121925.600  3146721.600
   355:  3146892.600  3147173.600  3147191.600  3147451.600  3147721.600
   360:  3147807.600  3147867.600  3204441.600  3447448.600  3447569.600
   365:  3447660.600  3447734.600  3447997.600  3448056.600  3448120.600
   370:  3448299.600  3462813.200  3479684.650  3479705.650  3480144.650
   375:  3480177.650  3521049.650  3521162.650  3536157.650  3536215.650
   380:  3562502.400  3562547.410  3562596.410  3562597.610  3562641.410
   385:  3562690.410  3562735.410  3562784.410  3562829.410  3562878.410
   390:  3562923.410  3562928.420  3563591.600  3564240.600  3564265.600
   395:  3564290.600  3564315.600  3564380.600  3564441.600  3564520.600
   400:  3564539.600  3564563.600  3564581.600  3564586.600  3564601.600
   405:  3564618.600  3564644.600  3564660.600  3564678.600  3564680.600
   410:  3564691.600  3564714.600  3564734.600  3564749.600  3564770.600
   415:  3564786.600  3564795.600  3568668.600  3568746.600  3568756.600
   420:  3568783.600  3569060.600  3569073.600  3570035.600  3570053.600
   425:  3570457.600  3575176.600  3581106.600  3584841.650  3584927.650
   430:  3592783.650  3611295.650  3644801.650  3651721.650  3655000.250
   435:  3660081.650  3665406.650  3669430.650  3669491.650  3669522.650
   440:  3672067.650  3672145.650  3678144.400  3678189.410  3678238.410
   445:  3678283.410  3678283.610  3678332.410  3678377.410  3678426.410
   450:  3678471.410  3678520.410  3678565.410  3678570.420  3682816.600
   455:  3682833.600  3682841.600  3682876.600  3682886.600  3682895.600
   460:  3682909.600  3682922.600  3682991.600  3683049.600  3683583.600
   465:  3686273.600  3688330.600  3688345.600  3688954.600  3694153.600
   470:  3743657.600  3743743.600  3747345.600  3747412.600  3774535.600
   475:  4293112.400  4293157.410  4293206.410  4293206.610  4293214.610
   480:  4293217.610  4293251.410  4293300.410  4293345.410  4293394.410
   485:  4293439.410  4293488.410  4293533.410  4293538.420  4295215.600
   490:  4295375.600  4295434.600  4295570.600  4295587.600  4295604.600
   495:  4295619.600  4295696.600  4295715.600  4295739.600  4295800.600
   500:  4295922.600  4296181.600  4296189.600  4296237.600  4296253.600
   505:  4296472.600  4296545.600  4297670.600  4298513.600  4298780.600
   510:  4302019.600  4303597.200  4323408.999
E:
     0:        5.200       16.300       28.800       43.200       59.900
     5:       80.100      105.300      139.300      191.600      330.300
F:
     0:        0.000        0.000        0.000        0.000        0.000
     5:        0.000
L:
     0:      150.000       83.000      120.000      102.000      351.000
     5:       94.000      138.000       93.000
M:
     0:        0.000        0.000        0.000        0.000        0.000
     5:        0.000
