File: C:\MED-PC IV\DATA\!2023-03-01_18h38m.Subject DF25


Start Date: 03/01/23
End Date: 03/02/23
Subject: DF25
Experiment: delayed_acquisition
Group: 1
Box: 5
Start Time: 18:38:32
End Time:  7:00:17
MSN: Delayed_AcquisitionYoked2_w_magmacro
G:       0.000
H:       0.000
I:       0.000
J:       0.000
K:       0.000
N:       0.000
O:       0.000
P:       0.000
Q:       0.000
R:       0.000
S:       0.000
T:       0.000
U:       0.000
V:       0.000
W:       0.000
X:      -3.000
Y:       0.000
Z:       0.000
A:
     0:        2.000       60.000  4320000.000        2.000        0.000
     5:        1.000    96000.000        1.000       10.000        0.000
    10:        0.000        0.000        0.000        0.000        0.000
    15:        0.000        0.000        0.000        0.000        0.000
    20:        0.000        0.000        0.000        0.000        0.000
    25:        0.000        0.000        0.000        0.000        0.000
    30:        0.000        0.000        0.000        0.000        0.000
    35:        0.000        0.000        0.000        0.000        0.000
    40:        0.000        0.000        0.000        0.000        0.000
    45:        0.000        0.000        0.000        0.000        0.000
    50:        0.000        0.000        0.000        0.000        0.000
    55:        0.000        0.000        0.000        0.000        0.000
    60:        0.000        0.000        0.000        0.000        0.000
    65:        0.000        0.000        0.000        0.000        0.000
    70:        0.000        0.000        0.000        0.000        0.000
    75:        0.000        0.000        0.000        0.000        0.000
    80:        0.000        0.000        0.000        0.000        0.000
    85:        0.000        0.000        0.000        0.000        0.000
    90:        0.000        0.000        0.000        0.000        0.000
    95:        0.000        0.000        0.000        0.000        0.000
   100:        0.000
B:
     0:  4320000.000  4323834.000        1.000       13.000        0.000
     5:        0.000        0.000        9.000      499.000      590.000
    10:        0.000      396.000       12.000        4.000       64.000
    15:        0.000        9.000        0.000        0.000        0.000
    20:        0.000        0.000        0.000        0.000        0.000
    25:        0.000        0.000        0.000        0.000        0.000
    30:        1.720        0.000        0.000       90.000        0.000
    35:        0.000        0.000        0.000        0.000        0.000
    40:        0.000        0.000        0.000        0.000        0.000
    45:        0.000        0.000        0.000        0.000        0.000
    50:        0.000        0.000        0.000        0.000        0.000
    55:        0.000        0.000        0.000        0.000        0.000
    60:        0.000        0.000        0.000        0.000        0.000
    65:        0.000        0.000        0.000        0.000        0.000
    70:        0.000        0.000        0.000        0.000        0.000
    75:        0.000        0.000        0.000        0.000        0.000
    80:        0.000        0.000        0.000        0.000        0.000
    85:        0.000        0.000        0.000        0.000        0.000
    90:        0.000        0.000        0.000        0.000        0.000
    95:        0.000        0.000        0.000        0.000        0.000
   100:        0.000
C:
     0:     4718.100     7451.300   103721.200   103721.200   103721.200
     5:   103721.200   103721.200   103721.200   103721.200   103721.200
    10:   103721.200   103721.200   104948.300   104980.300   108127.300
    15:   108218.300   108237.300   108273.300   109794.300   119635.300
    20:   121840.300   149595.300   180596.300   279737.300   280085.300
    25:   280555.300   280630.300   280705.300   296868.300   378951.300
    30:   415824.300   420911.300   420955.300   434041.300   434057.300
    35:   434100.300   460394.300   479109.300   479765.300   491005.300
    40:   491122.300   541207.300   557870.300   595618.300   598353.300
    45:   598600.300   702062.200   702062.200   702062.200   702062.200
    50:   702062.200   702062.200   702062.200   702062.200   702062.200
    55:   702062.200   702393.300   702418.300   702442.300   702457.300
    60:   702484.300   702508.300   702524.300   702552.300   702579.300
    65:   702601.300   702632.300   702643.300   702675.300   702706.300
    70:   702729.300   702754.300   702778.300   702803.300   702825.300
    75:   702851.300   702864.300   702891.300   702917.300   702940.300
    80:   702951.300   702967.300   702993.300   703017.300   703042.300
    85:   703063.300   703090.300   703110.300   703129.300   703151.300
    90:   703173.300   703194.300   703217.300   703241.300   703262.300
    95:   703285.300   703308.300   703385.300   703408.300   703426.300
   100:   703452.300   703474.300   703499.300   703523.300   703546.300
   105:   703567.300   703593.300   703617.300   703645.300   703665.300
   110:   703689.300   703711.300   703736.300   703757.300   703781.300
   115:   703800.300   703826.300   703848.300   703867.300   703910.300
   120:   703951.300   703972.300   703995.300   704014.300   704067.300
   125:   704093.300   704115.300   704134.300   704154.300   705494.300
   130:   705505.300   705724.300   706000.300   706065.300   706115.300
   135:   706202.300   706256.300   707066.300   708377.300   710850.300
   140:   710900.300   711005.300   831795.200   831795.200   831795.200
   145:   831795.200   831795.200   831795.200   831795.200   831795.200
   150:   831795.200   831795.200   835310.300   835987.300   835997.300
   155:   836578.300   836641.300   837585.300   837636.300   838130.300
   160:   838435.300   841253.300   841378.300   841438.300   841544.300
   165:   939558.200   939558.200   939558.200   939558.200   939558.200
   170:   939558.200   939558.200   939558.200   939558.200   939558.200
   175:   941597.300   941667.300   941729.300   941855.300   941869.300
   180:   941876.300   941912.300   941922.300   941940.300   941944.300
   185:   941952.300   941976.300   942138.300   942210.300   942217.300
   190:   942279.300   942284.300   946864.300   946893.300   947071.300
   195:   948675.300   956666.300   957244.100  1054814.300  1054838.300
   200:  1071153.300  1216252.200  1216252.200  1216252.200  1216252.200
   205:  1216252.200  1216252.200  1216252.200  1216252.200  1216252.200
   210:  1216252.200  1220685.300  1220695.300  1220800.300  1220955.300
   215:  1221020.300  1221262.300  1222181.300  1222192.300  1226871.300
   220:  1227282.300  1227367.300  1261283.300  1268667.300  1381178.300
   225:  1385877.300  1385995.300  1386101.300  1386111.300  1389825.300
   230:  1389845.300  1456024.300  1456100.300  1458330.300  1458350.300
   235:  1463946.300  1464176.300  1532055.300  1532150.300  1538913.300
   240:  1539195.300  1548310.300  1584721.300  1620370.300  1649778.300
   245:  1649798.300  1654395.300  1669729.100  1675397.300  1675628.300
   250:  1678615.300  1678653.300  1678982.300  1727786.300  1727838.300
   255:  1727940.300  1727944.300  1728044.300  1752666.300  1753107.300
   260:  1765388.300  1765776.300  1765872.300  1784880.300  1785047.300
   265:  1788333.300  1792313.300  1805232.300  1846358.300  1846383.300
   270:  1846539.300  1863137.300  1975777.200  1975777.200  1975777.200
   275:  1975777.200  1975777.200  1975777.200  1975777.200  1975777.200
   280:  1975777.200  1975777.200  1980398.300  1980420.300  1980432.300
   285:  1980459.300  1980475.300  1980492.300  1980550.300  1980622.300
   290:  1980740.300  1980901.300  1980980.300  1980993.300  1980996.300
   295:  1981357.300  1981378.300  1981500.300  1981594.300  1981616.300
   300:  1982093.300  1982100.300  1982298.300  1983672.300  1983677.300
   305:  2089372.200  2089372.200  2089372.200  2089372.200  2089372.200
   310:  2089372.200  2089372.200  2089372.200  2089372.200  2089372.200
   315:  2093155.300  2093380.300  2093446.300  2093464.300  2093531.300
   320:  2093762.300  2093778.300  2094340.300  2234240.300  2234467.300
   325:  2239048.300  2288229.300  2300833.300  2301135.300  2310621.300
   330:  2365842.300  2418746.300  2418755.300  2460713.300  2460737.300
   335:  2460975.300  2486565.100  2562638.300  2562657.300  2562708.300
   340:  2571967.300  2619400.300  2704345.300  2709838.300  2822413.300
   345:  2822669.300  2823020.300  2823239.300  2823264.300  2823276.300
   350:  2871177.300  2871210.300  2871339.300  2871370.300  2871391.300
   355:  2871474.300  2897824.100  2902362.100  2902927.100  2920813.300
   360:  2921063.300  2970105.300  2970400.300  3040056.300  3089594.300
   365:  3112086.300  3226081.200  3226081.200  3226081.200  3226081.200
   370:  3226081.200  3226081.200  3226081.200  3226081.200  3226081.200
   375:  3226081.200  3226384.300  3226407.300  3226429.300  3226451.300
   380:  3226474.300  3226494.300  3226514.300  3226540.300  3226561.300
   385:  3226583.300  3226783.300  3229495.300  3229515.300  3229537.300
   390:  3229557.300  3229575.300  3229596.300  3229599.300  3229613.300
   395:  3229630.300  3229671.300  3229689.300  3229719.300  3229738.300
   400:  3229759.300  3229777.300  3229800.300  3229823.300  3229842.300
   405:  3229863.300  3229880.300  3229902.300  3229923.300  3229942.300
   410:  3229959.300  3229979.300  3229991.300  3230025.300  3230048.300
   415:  3230179.300  3230214.300  3230251.300  3230279.300  3230367.300
   420:  3230526.300  3230555.300  3230686.300  3231332.300  3231514.300
   425:  3231891.300  3231945.300  3231955.300  3233602.300  3235565.300
   430:  3235620.300  3235753.300  3506509.300  3506789.300  3509785.100
   435:  3509848.100  3533065.100  3541734.100  3622072.300  3634612.300
   440:  3634718.300  3634895.300  3635028.300  3637875.100  3644768.300
   445:  3688562.300  3696765.300  3699801.300  3705736.100  3724675.300
   450:  3730524.300  3730677.300  3730785.300  3730952.300  3731090.300
   455:  3737215.300  4202952.200  4202952.200  4202952.200  4202952.200
   460:  4202952.200  4202952.200  4202952.200  4202952.200  4202952.200
   465:  4202952.200  4204032.300  4204484.300  4204504.300  4204530.300
   470:  4204681.300  4205103.300  4205128.300  4205153.300  4205173.300
   475:  4205222.300  4205695.300  4205718.300  4205764.300  4205876.300
   480:  4206621.300  4207062.300  4207068.300  4207073.300  4209013.300
   485:  4209715.300  4210313.300  4214098.300  4214989.300  4215056.300
   490:  4217700.300  4217716.300  4218052.300  4218140.300  4220069.300
   495:  4220622.300  4220651.300  4220708.300  4230215.300
D:
     0:        0.111     4718.200     7451.600    11014.250    11370.650
     5:    11568.650    13111.250    16381.650    16592.650    25472.650
    10:    26060.650    26193.650    26263.650    26271.650    55911.650
    15:    55945.650    56324.650    59727.650    59788.650    69929.250
    20:    69971.250    78060.650    78570.650    84587.650   103721.400
    25:   103766.410   103815.410   103836.610   103860.410   103909.410
    30:   103954.410   104003.410   104048.410   104097.410   104142.410
    35:   104147.420   105374.600   105406.600   108553.600   108644.600
    40:   108663.600   108699.600   110220.600   120061.600   122266.600
    45:   150021.600   181022.600   280163.600   280511.600   280981.600
    50:   281056.600   281131.600   297294.600   379377.600   416250.600
    55:   421337.600   421381.600   434467.600   434483.600   434526.600
    60:   460820.600   479535.600   480191.600   491431.600   491548.600
    65:   541633.600   558296.600   596044.600   598779.600   599026.600
    70:   649962.650   649996.650   650270.650   650465.650   702488.400
    75:   702533.410   702582.410   702615.610   702627.410   702676.410
    80:   702721.410   702770.410   702815.410   702864.410   702909.410
    85:   702914.420   703245.600   703270.600   703294.600   703309.600
    90:   703336.600   703360.600   703376.600   703404.600   703431.600
    95:   703453.600   703484.600   703495.600   703527.600   703558.600
   100:   703581.600   703606.600   703630.600   703655.600   703677.600
   105:   703703.600   703716.600   703743.600   703769.600   703792.600
   110:   703803.600   703819.600   703845.600   703869.600   703894.600
   115:   703915.600   703942.600   703962.600   703981.600   704003.600
   120:   704025.600   704046.600   704069.600   704093.600   704114.600
   125:   704137.600   704160.600   704237.600   704260.600   704278.600
   130:   704304.600   704326.600   704351.600   704375.600   704398.600
   135:   704419.600   704445.600   704469.600   704497.600   704517.600
   140:   704541.600   704563.600   704588.600   704609.600   704633.600
   145:   704652.600   704678.600   704700.600   704719.600   704762.600
   150:   704803.600   704824.600   704847.600   704866.600   704919.600
   155:   704945.600   704967.600   704986.600   705006.600   706346.600
   160:   706357.600   706576.600   706852.600   706917.600   706967.600
   165:   707054.600   707108.600   707918.600   709229.600   711702.600
   170:   711752.600   711857.600   781399.650   832647.400   832692.410
   175:   832741.410   832786.410   832835.410   832880.410   832923.610
   180:   832929.410   832974.410   833023.410   833068.410   833073.420
   185:   836588.600   837265.600   837275.600   837856.600   837919.600
   190:   838863.600   838914.600   839408.600   839713.600   842531.600
   195:   842656.600   842716.600   842822.600   845955.650   846251.650
   200:   846265.650   846336.650   846548.650   846972.650   847029.650
   205:   847473.650   847658.650   910220.650   910267.650   910303.650
   210:   916562.650   916574.650   916791.650   924637.650   940836.400
   215:   940881.410   940930.410   940968.610   940975.410   940981.610
   220:   940986.610   941024.410   941069.410   941118.410   941163.410
   225:   941212.410   941257.410   941262.420   943301.600   943371.600
   230:   943433.600   943559.600   943573.600   943580.600   943616.600
   235:   943626.600   943644.600   943648.600   943656.600   943680.600
   240:   943842.600   943914.600   943921.600   943983.600   943988.600
   245:   948568.600   948597.600   948775.600   950379.600   958370.600
   250:   958948.200  1056518.600  1056542.600  1072857.600  1169224.650
   255:  1169299.650  1195054.650  1195063.650  1195087.650  1214212.650
   260:  1214222.650  1214291.650  1214302.650  1214314.650  1214323.650
   265:  1214325.650  1217956.400  1218001.410  1218047.610  1218050.410
   270:  1218095.410  1218144.410  1218189.410  1218238.410  1218283.410
   275:  1218332.410  1218377.410  1218382.420  1222815.600  1222825.600
   280:  1222930.600  1223085.600  1223150.600  1223392.600  1224311.600
   285:  1224322.600  1229001.600  1229412.600  1229497.600  1263413.600
   290:  1270797.600  1383308.600  1388007.600  1388125.600  1388231.600
   295:  1388241.600  1391955.600  1391975.600  1458154.600  1458230.600
   300:  1460460.600  1460480.600  1466076.600  1466306.600  1534185.600
   305:  1534280.600  1541043.600  1541325.600  1550440.600  1586851.600
   310:  1622500.600  1651908.600  1651928.600  1656525.600  1671859.200
   315:  1677527.600  1677758.600  1680745.600  1680783.600  1681112.600
   320:  1729916.600  1729968.600  1730070.600  1730074.600  1730174.600
   325:  1754796.600  1755237.600  1767518.600  1767906.600  1768002.600
   330:  1787010.600  1787177.600  1790463.600  1794443.600  1807362.600
   335:  1848488.600  1848513.600  1848669.600  1865267.600  1905252.650
   340:  1919762.650  1927241.650  1927273.650  1937700.650  1937780.650
   345:  1952295.650  1952542.650  1959850.650  1977907.400  1977952.410
   350:  1978001.410  1978046.410  1978055.610  1978095.410  1978140.410
   355:  1978189.410  1978234.410  1978283.410  1978328.410  1978333.420
   360:  1982954.600  1982976.600  1982988.600  1983015.600  1983031.600
   365:  1983048.600  1983106.600  1983178.600  1983296.600  1983457.600
   370:  1983536.600  1983549.600  1983552.600  1983913.600  1983934.600
   375:  1984056.600  1984150.600  1984172.600  1984649.600  1984656.600
   380:  1984854.600  1986228.600  1986233.600  2048861.650  2091928.400
   385:  2091973.410  2092022.410  2092065.610  2092067.410  2092116.410
   390:  2092161.410  2092210.410  2092255.410  2092304.410  2092349.410
   395:  2092354.420  2096137.600  2096362.600  2096428.600  2096446.600
   400:  2096513.600  2096744.600  2096760.600  2097322.600  2237222.600
   405:  2237449.600  2242030.600  2291211.600  2303815.600  2304117.600
   410:  2313603.600  2368824.600  2421728.600  2421737.600  2463695.600
   415:  2463719.600  2463957.600  2489547.200  2565620.600  2565639.600
   420:  2565690.600  2574949.600  2622382.600  2707327.600  2712820.600
   425:  2825395.600  2825651.600  2826002.600  2826221.600  2826246.600
   430:  2826258.600  2874159.600  2874192.600  2874321.600  2874352.600
   435:  2874373.600  2874456.600  2900806.200  2905344.200  2905909.200
   440:  2923795.600  2924045.600  2973087.600  2973382.600  3043038.600
   445:  3092576.600  3115068.600  3188601.650  3188744.650  3198361.650
   450:  3220440.650  3229063.400  3229108.410  3229157.410  3229202.410
   455:  3229209.610  3229231.610  3229251.410  3229296.410  3229345.410
   460:  3229390.410  3229439.410  3229484.410  3229489.420  3229792.600
   465:  3229815.600  3229837.600  3229859.600  3229882.600  3229902.600
   470:  3229922.600  3229948.600  3229969.600  3229991.600  3230191.600
   475:  3232903.600  3232923.600  3232945.600  3232965.600  3232983.600
   480:  3233004.600  3233007.600  3233021.600  3233038.600  3233079.600
   485:  3233097.600  3233127.600  3233146.600  3233167.600  3233185.600
   490:  3233208.600  3233231.600  3233250.600  3233271.600  3233288.600
   495:  3233310.600  3233331.600  3233350.600  3233367.600  3233387.600
   500:  3233399.600  3233433.600  3233456.600  3233587.600  3233622.600
   505:  3233659.600  3233687.600  3233775.600  3233934.600  3233963.600
   510:  3234094.600  3234740.600  3234922.600  3235299.600  3235353.600
   515:  3235363.600  3237010.600  3238973.600  3239028.600  3239161.600
   520:  3509917.600  3510197.600  3513193.200  3513256.200  3536473.200
   525:  3545142.200  3625480.600  3638020.600  3638126.600  3638303.600
   530:  3638436.600  3641283.200  3648176.600  3691970.600  3700173.600
   535:  3703209.600  3709144.200  3728083.600  3733932.600  3734085.600
   540:  3734193.600  3734360.600  3734498.600  3740623.600  4206360.400
   545:  4206405.410  4206454.410  4206499.410  4206548.410  4206593.410
   550:  4206642.410  4206687.410  4206736.410  4206745.610  4206781.410
   555:  4206786.420  4207866.600  4208318.600  4208338.600  4208364.600
   560:  4208515.600  4208937.600  4208962.600  4208987.600  4209007.600
   565:  4209056.600  4209529.600  4209552.600  4209598.600  4209710.600
   570:  4210455.600  4210896.600  4210902.600  4210907.600  4212847.600
   575:  4213549.600  4214147.600  4217932.600  4218823.600  4218890.600
   580:  4221534.600  4221550.600  4221886.600  4221974.600  4223903.600
   585:  4224456.600  4224485.600  4224542.600  4234049.600  4323834.999
E:
     0:        5.200       16.300       28.800       43.200       59.900
     5:       80.100      105.300      139.300      191.600      330.300
F:
     0:        0.000        0.000        0.000        0.000        0.000
     5:        0.000
L:
     0:      114.000      126.000      275.000      131.000       90.000
     5:      147.000      136.000      145.000      384.000
M:
     0:        0.000        0.000        0.000        0.000        0.000
     5:        0.000
