File: C:\MED-PC IV\DATA\!2023-03-07_18h55m.Subject DF25


Start Date: 03/07/23
End Date: 03/08/23
Subject: DF25
Experiment: delayed_acquisition
Group: 1
Box: 5
Start Time: 18:55:48
End Time:  7:12:14
MSN: Delayed_AcquisitionYoked2_w_magmacro
G:       0.000
H:       0.000
I:       0.000
J:       0.000
K:       0.000
N:       0.000
O:       0.000
P:       0.000
Q:       0.000
R:       0.000
S:       0.000
T:       0.000
U:       0.000
V:       0.000
W:       0.000
X:      -3.000
Y:       0.000
Z:       0.000
A:
     0:        2.000       60.000  4320000.000        2.000        0.000
     5:        1.000    96000.000        1.000       10.000        0.000
    10:        0.000        0.000        0.000        0.000        0.000
    15:        0.000        0.000        0.000        0.000        0.000
    20:        0.000        0.000        0.000        0.000        0.000
    25:        0.000        0.000        0.000        0.000        0.000
    30:        0.000        0.000        0.000        0.000        0.000
    35:        0.000        0.000        0.000        0.000        0.000
    40:        0.000        0.000        0.000        0.000        0.000
    45:        0.000        0.000        0.000        0.000        0.000
    50:        0.000        0.000        0.000        0.000        0.000
    55:        0.000        0.000        0.000        0.000        0.000
    60:        0.000        0.000        0.000        0.000        0.000
    65:        0.000        0.000        0.000        0.000        0.000
    70:        0.000        0.000        0.000        0.000        0.000
    75:        0.000        0.000        0.000        0.000        0.000
    80:        0.000        0.000        0.000        0.000        0.000
    85:        0.000        0.000        0.000        0.000        0.000
    90:        0.000        0.000        0.000        0.000        0.000
    95:        0.000        0.000        0.000        0.000        0.000
   100:        0.000
B:
     0:  4320000.000  4323408.000        1.000       35.000        0.000
     5:        0.000        0.000        8.000      609.000      680.000
    10:        0.000      494.000       10.000       12.000       39.000
    15:        0.000        8.000        0.000        0.000        0.000
    20:        0.000        0.000        0.000        0.000        0.000
    25:        0.000        0.000        0.000        0.000        0.000
    30:        1.024        0.000        0.000       80.000        0.000
    35:        0.000        0.000        0.000        0.000        0.000
    40:        0.000        0.000        0.000        0.000        0.000
    45:        0.000        0.000        0.000        0.000        0.000
    50:        0.000        0.000        0.000        0.000        0.000
    55:        0.000        0.000        0.000        0.000        0.000
    60:        0.000        0.000        0.000        0.000        0.000
    65:        0.000        0.000        0.000        0.000        0.000
    70:        0.000        0.000        0.000        0.000        0.000
    75:        0.000        0.000        0.000        0.000        0.000
    80:        0.000        0.000        0.000        0.000        0.000
    85:        0.000        0.000        0.000        0.000        0.000
    90:        0.000        0.000        0.000        0.000        0.000
    95:        0.000        0.000        0.000        0.000        0.000
   100:        0.000
C:
     0:      499.300     8545.300     8594.300   107012.200   107012.200
     5:   107012.200   107012.200   107012.200   107012.200   107012.200
    10:   107012.200   107012.200   107012.200   108072.300   108119.300
    15:   108135.300   108151.300   108174.300   108196.300   108223.300
    20:   108235.300   108257.300   108313.300   108354.300   108374.300
    25:   108396.300   108424.300   108597.300   108673.300   108697.300
    30:   108722.300   108760.300   108778.300   108798.300   108817.300
    35:   108834.300   108855.300   108869.300   108888.300   108905.300
    40:   108940.300   108995.300   109002.300   109019.300   109063.300
    45:   110517.300   110578.300   110602.300   110612.300   110692.300
    50:   110737.300   110740.300   110870.300   111059.300   113063.300
    55:   113351.300   115651.300   115679.300   116450.300   124513.300
    60:   239320.300   239465.300   268971.300   271849.300   381751.200
    65:   381751.200   381751.200   381751.200   381751.200   381751.200
    70:   381751.200   381751.200   381751.200   381751.200   386562.300
    75:   386592.300   386638.300   386661.300   386733.300   386797.300
    80:   387267.300   387288.300   387816.300   387823.300   390407.300
    85:   390456.300   394708.300   395037.300   395115.300   395191.300
    90:   395197.300   395231.300   395249.300   395261.300   395299.300
    95:   395317.300   395353.300   395371.300   395388.300   395408.300
   100:   395422.300   395438.300   399261.300   399304.300   399462.300
   105:   399468.300   399499.300   399537.300   399572.300   399594.300
   110:   399612.300   399632.300   399648.300   400145.300   402701.300
   115:   402752.300   402860.300   402873.300   402976.300   403056.300
   120:   403077.300   403090.300   403128.300   403171.300   403187.300
   125:   403221.300   403243.300   403260.300   403294.300   403317.300
   130:   403333.300   403350.300   403370.300   403382.300   403401.300
   135:   403910.300   403947.300   404122.300   404661.300   404760.300
   140:   404790.300   404854.300   404866.300   404882.300   404893.300
   145:   404907.300   404920.300   404996.300   411778.300   411815.300
   150:   411944.300   411962.300   411995.300   412008.300   412170.300
   155:   415768.300   416075.300   416129.300   416263.300   416377.300
   160:   416611.300   416909.300   417017.300   417059.300   523743.300
   165:   527150.300   527617.300   613743.300   649989.300   650110.300
   170:   650165.300   650550.300   652552.300   798443.200   798443.200
   175:   798443.200   798443.200   798443.200   798443.200   798443.200
   180:   798443.200   798443.200   798443.200   804256.300   804556.300
   185:   804615.300   809295.100   811585.300   811625.300   912729.300
   190:   913658.300   913691.300  1032418.300  1092124.300  1092130.300
   195:  1092285.300  1093263.300  1093397.300  1096342.300  1110609.300
   200:  1137626.300  1253299.200  1253299.200  1253299.200  1253299.200
   205:  1253299.200  1253299.200  1253299.200  1253299.200  1253299.200
   210:  1253299.200  1254204.300  1254209.300  1254232.300  1254257.300
   215:  1254280.300  1254302.300  1254326.300  1254902.300  1254929.300
   220:  1254945.300  1258242.300  1258831.300  1259517.300  1259781.300
   225:  1259800.300  1260005.300  1260104.300  1260114.300  1260187.300
   230:  1263066.300  1263109.300  1415920.300  1450474.100  1565563.300
   235:  1566200.300  1566217.300  1611295.100  1658787.100  1659830.300
   240:  1659919.300  1660142.300  1722787.300  1770561.300  1780312.300
   245:  1780935.300  1781474.100  1804916.300  1804950.300  1814294.100
   250:  1925523.300  1927854.300  2023868.300  2026624.100  2029616.300
   255:  2029620.300  2064819.100  2070260.300  2070269.300  2073192.300
   260:  2077100.300  2180729.200  2180729.200  2180729.200  2180729.200
   265:  2180729.200  2180729.200  2180729.200  2180729.200  2180729.200
   270:  2180729.200  2181018.300  2181041.300  2181066.300  2181087.300
   275:  2181111.300  2181134.300  2181156.300  2181178.300  2181202.300
   280:  2181225.300  2181250.300  2181273.300  2181299.300  2181317.300
   285:  2181339.300  2181360.300  2181384.300  2181401.300  2181427.300
   290:  2181452.300  2181472.300  2181495.300  2181518.300  2181572.300
   295:  2181597.300  2181620.300  2181647.300  2181671.300  2181695.300
   300:  2181719.300  2181738.300  2181762.300  2181809.300  2181831.300
   305:  2181855.300  2181877.300  2181896.300  2181937.300  2181959.300
   310:  2182006.300  2182029.300  2182073.300  2182114.300  2182137.300
   315:  2182214.300  2182244.300  2182256.300  2182279.300  2182299.300
   320:  2182318.300  2182341.300  2182363.300  2182387.300  2182405.300
   325:  2182422.300  2182442.300  2182459.300  2184664.300  2184687.300
   330:  2184704.300  2184722.300  2184738.300  2184772.300  2184869.300
   335:  2184884.300  2184893.300  2184939.300  2185012.300  2185079.300
   340:  2185223.300  2187090.300  2190274.300  2190298.300  2195421.300
   345:  2307692.200  2307692.200  2307692.200  2307692.200  2307692.200
   350:  2307692.200  2307692.200  2307692.200  2307692.200  2307692.200
   355:  2308590.300  2308672.300  2308698.300  2308716.300  2308755.300
   360:  2308762.300  2308781.300  2308825.300  2308867.300  2308890.300
   365:  2308894.300  2308911.300  2308918.300  2308939.300  2308958.300
   370:  2308976.300  2308998.300  2309003.300  2309030.300  2309048.300
   375:  2309066.300  2309089.300  2309111.300  2309132.300  2309156.300
   380:  2309177.300  2309196.300  2309224.300  2309246.300  2309269.300
   385:  2309292.300  2309314.300  2309337.300  2309357.300  2309380.300
   390:  2309401.300  2309478.300  2309499.300  2309523.300  2309551.300
   395:  2309572.300  2309704.300  2309746.300  2309832.300  2309869.300
   400:  2309911.300  2310029.300  2310179.300  2310263.300  2311073.300
   405:  2311243.300  2311461.300  2311535.300  2311595.300  2312535.300
   410:  2312567.300  2313941.300  2313989.300  2313993.300  2391312.300
   415:  2519610.200  2519610.200  2519610.200  2519610.200  2519610.200
   420:  2519610.200  2519610.200  2519610.200  2519610.200  2519610.200
   425:  2520721.300  2520950.300  2524316.300  2524478.300  2524495.300
   430:  2524502.300  2524517.300  2524587.300  2524649.300  2525158.300
   435:  2525180.300  2525794.300  2529143.300  2586549.100  2587359.300
   440:  2684726.100  2684953.100  2685165.100  2685186.100  2700875.300
   445:  2700897.300  2701071.300  2721355.300  2721389.300  2721516.300
   450:  2753375.300  2758180.300  2767321.300  2783205.300  2824621.300
   455:  2824646.300  2862922.300  2863101.300  2971211.300  2976479.300
   460:  2984900.300  2985197.300  2985333.300  2988380.100  2993125.300
   465:  3021017.300  3025117.100  3025254.100  3040045.300  3046968.100
   470:  3056261.300  3065710.300  3072364.300  3081062.300  3081176.300
   475:  3081256.300  3091779.100  3107481.300  3107492.300  3109846.100
   480:  3120518.300  3121970.300  3123330.100  3145821.300  3145836.300
   485:  3145852.300  3173378.300  3207298.300  3210027.300  3210107.300
   490:  3210151.300  3215210.300  3237998.300  3247502.100  3247570.100
   495:  3286345.100  3327124.300  3332518.300  3446312.100  3450197.300
   500:  3450206.300  3466855.100  3477690.300  3477708.300  3506973.300
   505:  3507191.300  3507231.300  3507410.300  3515476.300  3522090.300
   510:  3522127.300  3524842.100  3525398.300  3532578.300  3532793.300
   515:  3532798.300  3534607.300  3546968.100  3582156.300  3582561.300
   520:  3584212.300  3586496.300  3589836.300  3589855.300  3622367.300
   525:  3647703.300  3671912.100  3677858.300  3677932.300  3678009.300
   530:  3678576.100  3715424.300  3719146.300  3719312.300  3719380.300
   535:  3719483.300  3748393.300  3751342.100  3758778.300  3758816.300
   540:  3758864.300  3761569.300  3769621.100  3769786.300  3783533.300
   545:  3783640.300  3786281.100  3786479.100  3812212.300  3974391.300
   550:  3974525.300  3974532.300  4021030.300  4027992.100  4043942.300
   555:  4059347.300  4059410.300  4157586.200  4157586.200  4157586.200
   560:  4157586.200  4157586.200  4157586.200  4157586.200  4157586.200
   565:  4157586.200  4157586.200  4157857.300  4158038.300  4159014.300
   570:  4159506.300  4160353.300  4160766.300  4160815.300  4160822.300
   575:  4160899.300  4160970.300  4160973.300  4161021.300  4161067.300
   580:  4161169.300  4161684.300  4162679.300  4162748.300  4163023.300
   585:  4163051.300  4163238.300  4163393.300  4164635.300  4165017.300
   590:  4165134.300  4169325.300  4169374.300  4169425.300  4169528.300
   595:  4169576.300  4173491.300  4177180.300  4177231.300  4188251.300
   600:  4202962.300  4203211.300  4265004.300  4265029.300  4265117.300
   605:  4299896.100  4301813.300  4301981.300  4302412.300
D:
     0:        0.111      499.600     8545.600     8594.600    13575.250
     5:    13653.250    13861.250    13971.250    14198.250    14321.250
    10:    16013.650    16297.650    16324.650    16328.650    17061.250
    15:    17138.250    18468.650    18854.650    21325.250    24535.650
    20:    24554.650    24672.650    24748.650    24771.650    24783.650
    25:    24795.650    24856.650    24912.650    25025.650    46044.650
    30:    46052.650    46451.650    47021.650    47669.650    54342.650
    35:   107012.400   107057.410   107106.410   107151.410   107154.610
    40:   107200.410   107245.410   107294.410   107339.410   107388.410
    45:   107433.410   107438.420   108498.600   108545.600   108561.600
    50:   108577.600   108600.600   108622.600   108649.600   108661.600
    55:   108683.600   108739.600   108780.600   108800.600   108822.600
    60:   108850.600   109023.600   109099.600   109123.600   109148.600
    65:   109186.600   109204.600   109224.600   109243.600   109260.600
    70:   109281.600   109295.600   109314.600   109331.600   109366.600
    75:   109421.600   109428.600   109445.600   109489.600   110943.600
    80:   111004.600   111028.600   111038.600   111118.600   111163.600
    85:   111166.600   111296.600   111485.600   113489.600   113777.600
    90:   116077.600   116105.600   116876.600   124939.600   239746.600
    95:   239891.600   269397.600   272275.600   382177.400   382222.410
   100:   382271.410   382294.610   382316.410   382365.410   382410.410
   105:   382459.410   382504.410   382553.410   382598.410   382603.420
   110:   387414.600   387444.600   387490.600   387513.600   387585.600
   115:   387649.600   388119.600   388140.600   388668.600   388675.600
   120:   391259.600   391308.600   395560.600   395889.600   395967.600
   125:   396043.600   396049.600   396083.600   396101.600   396113.600
   130:   396151.600   396169.600   396205.600   396223.600   396240.600
   135:   396260.600   396274.600   396290.600   400113.600   400156.600
   140:   400314.600   400320.600   400351.600   400389.600   400424.600
   145:   400446.600   400464.600   400484.600   400500.600   400997.600
   150:   403553.600   403604.600   403712.600   403725.600   403828.600
   155:   403908.600   403929.600   403942.600   403980.600   404023.600
   160:   404039.600   404073.600   404095.600   404112.600   404146.600
   165:   404169.600   404185.600   404202.600   404222.600   404234.600
   170:   404253.600   404762.600   404799.600   404974.600   405513.600
   175:   405612.600   405642.600   405706.600   405718.600   405734.600
   180:   405745.600   405759.600   405772.600   405848.600   412630.600
   185:   412667.600   412796.600   412814.600   412847.600   412860.600
   190:   413022.600   416620.600   416927.600   416981.600   417115.600
   195:   417229.600   417463.600   417761.600   417869.600   417911.600
   200:   524595.600   528002.600   528469.600   614595.600   650841.600
   205:   650962.600   651017.600   651402.600   653404.600   703986.250
   210:   706956.650   755609.650   759038.650   759211.650   799295.400
   215:   799340.410   799377.610   799389.410   799434.410   799483.410
   220:   799528.410   799577.410   799622.410   799671.410   799716.410
   225:   799721.420   805534.600   805834.600   805893.600   810573.200
   230:   812863.600   812903.600   914007.600   914936.600   914969.600
   235:  1033696.600  1093402.600  1093408.600  1093563.600  1094541.600
   240:  1094675.600  1097620.600  1111887.600  1138904.600  1211068.650
   245:  1245160.250  1245851.650  1245907.650  1254577.400  1254622.410
   250:  1254671.410  1254681.610  1254716.410  1254765.410  1254810.410
   255:  1254859.410  1254904.410  1254953.410  1254998.410  1255003.420
   260:  1255908.600  1255913.600  1255936.600  1255961.600  1255984.600
   265:  1256006.600  1256030.600  1256606.600  1256633.600  1256649.600
   270:  1259946.600  1260535.600  1261221.600  1261485.600  1261504.600
   275:  1261709.600  1261808.600  1261818.600  1261891.600  1264770.600
   280:  1264813.600  1417624.600  1452178.200  1567267.600  1567904.600
   285:  1567921.600  1612999.200  1660491.200  1661534.600  1661623.600
   290:  1661846.600  1724491.600  1772265.600  1782016.600  1782639.600
   295:  1783178.200  1806620.600  1806654.600  1815998.200  1927227.600
   300:  1929558.600  2025572.600  2028328.200  2031320.600  2031324.600
   305:  2066523.200  2071964.600  2071973.600  2074896.600  2078804.600
   310:  2121072.650  2182433.400  2182478.410  2182522.610  2182527.410
   315:  2182572.410  2182621.410  2182666.410  2182715.410  2182760.410
   320:  2182809.410  2182854.410  2182859.420  2183148.600  2183171.600
   325:  2183196.600  2183217.600  2183241.600  2183264.600  2183286.600
   330:  2183308.600  2183332.600  2183355.600  2183380.600  2183403.600
   335:  2183429.600  2183447.600  2183469.600  2183490.600  2183514.600
   340:  2183531.600  2183557.600  2183582.600  2183602.600  2183625.600
   345:  2183648.600  2183702.600  2183727.600  2183750.600  2183777.600
   350:  2183801.600  2183825.600  2183849.600  2183868.600  2183892.600
   355:  2183939.600  2183961.600  2183985.600  2184007.600  2184026.600
   360:  2184067.600  2184089.600  2184136.600  2184159.600  2184203.600
   365:  2184244.600  2184267.600  2184344.600  2184374.600  2184386.600
   370:  2184409.600  2184429.600  2184448.600  2184471.600  2184493.600
   375:  2184517.600  2184535.600  2184552.600  2184572.600  2184589.600
   380:  2186794.600  2186817.600  2186834.600  2186852.600  2186868.600
   385:  2186902.600  2186999.600  2187014.600  2187023.600  2187069.600
   390:  2187142.600  2187209.600  2187353.600  2189220.600  2192404.600
   395:  2192428.600  2197551.600  2309822.400  2309867.410  2309883.610
   400:  2309916.410  2309961.410  2310010.410  2310055.410  2310104.410
   405:  2310149.410  2310198.410  2310243.410  2310248.420  2311146.600
   410:  2311228.600  2311254.600  2311272.600  2311311.600  2311318.600
   415:  2311337.600  2311381.600  2311423.600  2311446.600  2311450.600
   420:  2311467.600  2311474.600  2311495.600  2311514.600  2311532.600
   425:  2311554.600  2311559.600  2311586.600  2311604.600  2311622.600
   430:  2311645.600  2311667.600  2311688.600  2311712.600  2311733.600
   435:  2311752.600  2311780.600  2311802.600  2311825.600  2311848.600
   440:  2311870.600  2311893.600  2311913.600  2311936.600  2311957.600
   445:  2312034.600  2312055.600  2312079.600  2312107.600  2312128.600
   450:  2312260.600  2312302.600  2312388.600  2312425.600  2312467.600
   455:  2312585.600  2312735.600  2312819.600  2313629.600  2313799.600
   460:  2314017.600  2314091.600  2314151.600  2315091.600  2315123.600
   465:  2316497.600  2316545.600  2316549.600  2393868.600  2445808.650
   470:  2446766.650  2447312.650  2447420.650  2508223.250  2515956.650
   475:  2516275.650  2516425.650  2522166.400  2522211.410  2522229.610
   480:  2522235.610  2522260.410  2522305.410  2522354.410  2522399.410
   485:  2522448.410  2522493.410  2522542.410  2522587.410  2522592.420
   490:  2523703.600  2523932.600  2527298.600  2527460.600  2527477.600
   495:  2527484.600  2527499.600  2527569.600  2527631.600  2528140.600
   500:  2528162.600  2528776.600  2532125.600  2589531.200  2590341.600
   505:  2687708.200  2687935.200  2688147.200  2688168.200  2703857.600
   510:  2703879.600  2704053.600  2724337.600  2724371.600  2724498.600
   515:  2756357.600  2761162.600  2770303.600  2786187.600  2827603.600
   520:  2827628.600  2865904.600  2866083.600  2974193.600  2979461.600
   525:  2987882.600  2988179.600  2988315.600  2991362.200  2996107.600
   530:  3023999.600  3028099.200  3028236.200  3043027.600  3049950.200
   535:  3059243.600  3068692.600  3075346.600  3084044.600  3084158.600
   540:  3084238.600  3094761.200  3110463.600  3110474.600  3112828.200
   545:  3123500.600  3124952.600  3126312.200  3148803.600  3148818.600
   550:  3148834.600  3176360.600  3210280.600  3213009.600  3213089.600
   555:  3213133.600  3218192.600  3240980.600  3250484.200  3250552.200
   560:  3289327.200  3330106.600  3335500.600  3449294.200  3453179.600
   565:  3453188.600  3469837.200  3480672.600  3480690.600  3509955.600
   570:  3510173.600  3510213.600  3510392.600  3518458.600  3525072.600
   575:  3525109.600  3527824.200  3528380.600  3535560.600  3535775.600
   580:  3535780.600  3537589.600  3549950.200  3585138.600  3585543.600
   585:  3587194.600  3589478.600  3592818.600  3592837.600  3625349.600
   590:  3650685.600  3674894.200  3680840.600  3680914.600  3680991.600
   595:  3681558.200  3718406.600  3722128.600  3722294.600  3722362.600
   600:  3722465.600  3751375.600  3754324.200  3761760.600  3761798.600
   605:  3761846.600  3764551.600  3772603.200  3772768.600  3786515.600
   610:  3786622.600  3789263.200  3789461.200  3815194.600  3977373.600
   615:  3977507.600  3977514.600  4024012.600  4030974.200  4046924.600
   620:  4062329.600  4062392.600  4108399.650  4108441.650  4160568.400
   625:  4160613.410  4160662.410  4160707.410  4160737.610  4160753.610
   630:  4160756.410  4160801.410  4160850.410  4160895.410  4160944.410
   635:  4160989.410  4160994.420  4161265.600  4161446.600  4162422.600
   640:  4162914.600  4163761.600  4164174.600  4164223.600  4164230.600
   645:  4164307.600  4164378.600  4164381.600  4164429.600  4164475.600
   650:  4164577.600  4165092.600  4166087.600  4166156.600  4166431.600
   655:  4166459.600  4166646.600  4166801.600  4168043.600  4168425.600
   660:  4168542.600  4172733.600  4172782.600  4172833.600  4172936.600
   665:  4172984.600  4176899.600  4180588.600  4180639.600  4191659.600
   670:  4206370.600  4206619.600  4268412.600  4268437.600  4268525.600
   675:  4303304.200  4305221.600  4305389.600  4305820.600  4323408.999
E:
     0:        5.200       16.300       28.800       43.200       59.900
     5:       80.100      105.300      139.300      191.600      330.300
F:
     0:        0.000        0.000        0.000        0.000        0.000
     5:        0.000
L:
     0:      141.000      116.000       81.000      103.000       88.000
     5:       60.000       62.000      168.000
M:
     0:        0.000        0.000        0.000        0.000        0.000
     5:        0.000
