File: C:\MED-PC IV\DATA\!2023-02-25_18h39m.Subject DF23


Start Date: 02/25/23
End Date: 02/26/23
Subject: DF23
Experiment: delayed_acquisition
Group: 1
Box: 3
Start Time: 18:39:49
End Time:  6:58:46
MSN: Delayed_AcquisitionYoked2_w_magmacro
G:       0.000
H:       0.000
I:       0.000
J:       0.000
K:       0.000
N:       0.000
O:       0.000
P:       0.000
Q:       0.000
R:       0.000
S:       0.000
T:       0.000
U:       0.000
V:       0.000
W:       0.000
X:       2.000
Y:       0.000
Z:       0.000
A:
     0:        2.000       60.000  4320000.000        1.000        0.000
     5:        1.000    96000.000        1.000       10.000        0.000
    10:        0.000        0.000        0.000        0.000        0.000
    15:        0.000        0.000        0.000        0.000        0.000
    20:        0.000        0.000        0.000        0.000        0.000
    25:        0.000        0.000        0.000        0.000        0.000
    30:        0.000        0.000        0.000        0.000        0.000
    35:        0.000        0.000        0.000        0.000        0.000
    40:        0.000        0.000        0.000        0.000        0.000
    45:        0.000        0.000        0.000        0.000        0.000
    50:        0.000        0.000        0.000        0.000        0.000
    55:        0.000        0.000        0.000        0.000        0.000
    60:        0.000        0.000        0.000        0.000        0.000
    65:        0.000        0.000        0.000        0.000        0.000
    70:        0.000        0.000        0.000        0.000        0.000
    75:        0.000        0.000        0.000        0.000        0.000
    80:        0.000        0.000        0.000        0.000        0.000
    85:        0.000        0.000        0.000        0.000        0.000
    90:        0.000        0.000        0.000        0.000        0.000
    95:        0.000        0.000        0.000        0.000        0.000
   100:        0.000
B:
     0:  4320000.000  4322982.000        1.000       13.000        0.000
     5:        0.000        0.000        7.000      898.000     1039.000
    10:        0.000      815.000        8.000        0.000      124.000
    15:        0.000        7.000        0.000        0.000        0.000
    20:        0.000        0.000        0.000        0.000        0.000
    25:        0.000        0.000        0.000        0.000        0.000
    30:        1.120        0.000        0.000       70.000        0.000
    35:        0.000        0.000        0.000        0.000        0.000
    40:        0.000        0.000        0.000        0.000        0.000
    45:        0.000        0.000        0.000        0.000        0.000
    50:        0.000        0.000        0.000        0.000        0.000
    55:        0.000        0.000        0.000        0.000        0.000
    60:        0.000        0.000        0.000        0.000        0.000
    65:        0.000        0.000        0.000        0.000        0.000
    70:        0.000        0.000        0.000        0.000        0.000
    75:        0.000        0.000        0.000        0.000        0.000
    80:        0.000        0.000        0.000        0.000        0.000
    85:        0.000        0.000        0.000        0.000        0.000
    90:        0.000        0.000        0.000        0.000        0.000
    95:        0.000        0.000        0.000        0.000        0.000
   100:        0.000
C:
     0:      163.300      263.300     4866.300    12450.300    13071.300
     5:    13448.300    13903.300   110029.200   110029.200   110029.200
    10:   110029.200   110029.200   110029.200   110029.200   110029.200
    15:   110029.200   110029.200   114597.300   114615.300   115072.300
    20:   115077.300   115084.300   115273.300   115283.300   120244.300
    25:   120476.300   125101.300   125257.300   125915.300   126301.300
    30:   126645.300   126736.300   126756.300   127782.300   133434.300
    35:   148167.300   183131.300   183397.300   183430.300   183898.300
    40:   190862.300   218310.300   218402.300   218451.300   218459.300
    45:   223195.300   225842.300   234836.300   235694.300   242768.300
    50:   242875.300   243068.300   245626.300   245675.300   245852.300
    55:   245893.300   246147.300   246229.300   246257.300   246322.300
    60:   258559.300   259040.300   264220.300   264370.300   264481.300
    65:   265039.300   265247.300   281631.300   281992.300   282808.300
    70:   295957.300   295966.300   296164.300   296400.300   296430.300
    75:   296452.300   296495.300   296867.300   298580.300   298608.300
    80:   298846.300   316268.300   317001.300   318983.300   320182.300
    85:   320584.300   320630.300   331872.300   338284.300   349602.300
    90:   349606.300   455254.200   455254.200   455254.200   455254.200
    95:   455254.200   455254.200   455254.200   455254.200   455254.200
   100:   455254.200   459538.300   459833.300   459881.300   459893.300
   105:   459910.300   459920.300   459939.300   459972.300   460009.300
   110:   460027.300   460057.300   460104.300   460135.300   460141.300
   115:   460158.300   460291.300   460332.300   460347.300   460358.300
   120:   460378.300   460446.300   460500.300   460927.300   463500.300
   125:   463525.300   466073.300   466084.300   467767.300   467781.300
   130:   468913.300   469056.300   469152.300   469165.300   469178.300
   135:   471193.300   471330.300   475334.300   475341.300   475471.300
   140:   476064.300   476077.300   495233.300   497520.300   498084.300
   145:   530648.300   530948.300   530970.300   532477.300   532512.300
   150:   543780.300   544068.300   547626.300   565715.300   565847.300
   155:   570678.300   570704.300   570894.300   571829.300   577905.300
   160:   595382.300   628380.300   628911.300   628917.300   629357.300
   165:   629600.300   630398.300   630414.300   661375.300   662110.300
   170:   686974.300   692065.300   699301.300   699344.300   699353.300
   175:   699394.300   700209.300   707291.300   707852.300   714356.300
   180:   716702.300   722142.300   722306.300   722516.300   722905.300
   185:   742083.300   742087.300   742145.300   743141.300   785299.300
   190:   785674.300   795730.300   795739.300   796116.300   809364.300
   195:   809550.300   811964.300   817397.300   817724.300   866699.300
   200:   868743.300   868797.300   868894.300   869206.300   876992.300
   205:   905720.300   905977.300   906010.300   906301.300   906759.300
   210:   936979.300   937412.300   946818.300   952247.300   976507.300
   215:   976709.300   977031.300   977781.300   980020.300  1001276.300
   220:  1002503.300  1004025.300  1004109.300  1004117.300  1004190.300
   225:  1004368.300  1010482.300  1025970.300  1026525.300  1079058.300
   230:  1079554.300  1079856.300  1080681.300  1083276.300  1083775.300
   235:  1083862.300  1083979.300  1088721.300  1089531.300  1089700.300
   240:  1089743.300  1089836.300  1089840.300  1103039.300  1104033.300
   245:  1104994.300  1145698.300  1148728.300  1155332.300  1155476.300
   250:  1155494.300  1160229.300  1162685.300  1162752.300  1163324.300
   255:  1163374.300  1163877.300  1163902.300  1181670.300  1203281.300
   260:  1203319.300  1203335.300  1203441.300  1203752.300  1205649.300
   265:  1213736.300  1214248.300  1214400.300  1214452.300  1217735.300
   270:  1217742.300  1258103.300  1265693.300  1265984.300  1266444.300
   275:  1266883.300  1268178.300  1337302.300  1337357.300  1348300.100
   280:  1348556.100  1348635.100  1351932.300  1352005.300  1358881.300
   285:  1359161.300  1359314.300  1366754.300  1367656.300  1369549.300
   290:  1373725.300  1373740.300  1374177.300  1374351.300  1374364.300
   295:  1374391.300  1374565.300  1374610.300  1374625.300  1374647.300
   300:  1375836.300  1375844.300  1375900.300  1375912.300  1375982.300
   305:  1376023.300  1392890.300  1455856.300  1456318.300  1456476.300
   310:  1484006.300  1484677.300  1484908.300  1484955.300  1484993.300
   315:  1495414.300  1529112.300  1538361.300  1538997.300  1670182.200
   320:  1670182.200  1670182.200  1670182.200  1670182.200  1670182.200
   325:  1670182.200  1670182.200  1670182.200  1670182.200  1673671.300
   330:  1673676.300  1673703.300  1673715.300  1673731.300  1673764.300
   335:  1673777.300  1673799.300  1673811.300  1673832.300  1673875.300
   340:  1673911.300  1673941.300  1673950.300  1673971.300  1673989.300
   345:  1674003.300  1674035.300  1674056.300  1674072.300  1674088.300
   350:  1674101.300  1674112.300  1674128.300  1674149.300  1674183.300
   355:  1674369.300  1674476.300  1674528.300  1674558.300  1674571.300
   360:  1674580.300  1674590.300  1675399.300  1675733.300  1676121.300
   365:  1676189.300  1676326.300  1676344.300  1676383.300  1676412.300
   370:  1676501.300  1676519.300  1676542.300  1676546.300  1676555.300
   375:  1677401.300  1677427.300  1678035.300  1679009.300  1680468.300
   380:  1682849.300  1685348.300  1687640.300  1694763.300  1694872.300
   385:  1701042.300  1701112.300  1701399.300  1701465.300  1702279.300
   390:  1702760.300  1702814.300  1702870.300  1702881.300  1703605.300
   395:  1703630.300  1715162.300  1727952.300  1728062.300  1728131.300
   400:  1728233.300  1843629.300  1843799.300  1851224.300  1851368.300
   405:  1852879.300  1853065.300  1882353.300  1890142.300  1891763.300
   410:  1891840.300  1906805.300  1923879.300  1938125.300  1938399.300
   415:  1941731.300  1952062.100  1952168.100  1953118.300  1963733.300
   420:  1975631.300  1975715.300  1975738.300  1975763.300  1975803.300
   425:  1976853.300  1982063.300  1982252.300  1982336.300  2025063.300
   430:  2025999.300  2052840.300  2055314.300  2060361.300  2081071.300
   435:  2085480.300  2085751.300  2225651.200  2225651.200  2225651.200
   440:  2225651.200  2225651.200  2225651.200  2225651.200  2225651.200
   445:  2225651.200  2225651.200  2229764.300  2229776.300  2229783.300
   450:  2229794.300  2229886.300  2229981.300  2230042.300  2230080.300
   455:  2230130.300  2230188.300  2230247.300  2230258.300  2230287.300
   460:  2230309.300  2230352.300  2230422.300  2230443.300  2230458.300
   465:  2230489.300  2231697.300  2231779.300  2231809.300  2231857.300
   470:  2231869.300  2231927.300  2231932.300  2231946.300  2231997.300
   475:  2232003.300  2232014.300  2232055.300  2232152.300  2232202.300
   480:  2232257.300  2232310.300  2232411.300  2232443.300  2232457.300
   485:  2232478.300  2232547.300  2233370.300  2233519.300  2233634.300
   490:  2233649.300  2233702.300  2233727.300  2233756.300  2235111.300
   495:  2235125.300  2235146.300  2235157.300  2236020.300  2236401.300
   500:  2236413.300  2236473.300  2236519.300  2236532.300  2236600.300
   505:  2236664.300  2236710.300  2236778.300  2238241.300  2239291.300
   510:  2239489.300  2244196.300  2264571.300  2266229.300  2266319.300
   515:  2344290.300  2345154.300  2345209.300  2345338.300  2345834.300
   520:  2345837.300  2359748.300  2366565.300  2371201.300  2371920.300
   525:  2371974.300  2372332.300  2372356.300  2543114.200  2543114.200
   530:  2543114.200  2543114.200  2543114.200  2543114.200  2543114.200
   535:  2543114.200  2543114.200  2543114.200  2545919.300  2546220.300
   540:  2546273.300  2546910.300  2547469.300  2547731.300  2547742.300
   545:  2547801.300  2547902.300  2547955.300  2548046.300  2548957.300
   550:  2548960.300  2549457.300  2549470.300  2549880.300  2549948.300
   555:  2550649.300  2552291.300  2552325.300  2553295.300  2554358.300
   560:  2556077.300  2556086.300  2556111.300  2556586.300  2558703.300
   565:  2558714.300  2563878.300  2567144.300  2570633.300  2577783.300
   570:  2580857.300  2581765.300  2582001.300  2582034.300  2633716.300
   575:  2643239.300  2654716.300  2656695.300  2672902.300  2684197.300
   580:  2691526.300  2700304.300  2700751.300  2700767.300  2700777.300
   585:  2700789.300  2700798.300  2700804.300  2700814.300  2701526.300
   590:  2706090.300  2735056.300  2735119.300  2735233.300  2735710.300
   595:  2735719.300  2735985.300  2736017.300  2736094.300  2736129.300
   600:  2736140.300  2736429.300  2741464.300  2750517.300  2753783.300
   605:  2756585.300  2757311.300  2757419.300  2762927.300  2763569.300
   610:  2767068.300  2781984.300  2782291.300  2790691.300  2790711.300
   615:  2798309.300  2799652.300  2799924.300  2799994.300  2800710.300
   620:  2800730.300  2800775.300  2800785.300  2800789.300  2800808.300
   625:  2800952.300  2801153.300  2802063.300  2811233.300  2836286.300
   630:  2842551.300  2842706.300  2842769.300  2842801.300  2845195.300
   635:  2851550.300  2851603.300  2851769.300  2860047.300  2860223.300
   640:  2860440.300  2860782.300  2861030.300  2868298.300  2868538.300
   645:  2868560.300  2868919.300  2869231.300  2869839.300  2870107.300
   650:  2870183.300  2870956.300  2871123.300  2871178.300  2871378.300
   655:  2871435.300  2871709.300  2878540.300  2879245.300  2879514.300
   660:  2879602.300  2879624.300  2879998.300  2880035.300  2891403.300
   665:  2894766.300  2895562.300  2895576.300  2906310.300  2906408.300
   670:  2911232.300  2915151.300  2921002.300  2921049.300  2921059.300
   675:  2927164.300  2927462.300  2927513.300  2928208.300  2928262.300
   680:  2931018.300  2931107.300  2937028.300  2937925.300  2938319.300
   685:  2942682.300  2980334.300  2980470.300  2982868.300  2986214.300
   690:  2986239.300  3011378.300  3017026.300  3020211.300  3023690.300
   695:  3024322.300  3024326.300  3024456.300  3057486.300  3057508.300
   700:  3057572.300  3085208.300  3085499.300  3086308.300  3088109.300
   705:  3094262.300  3094648.300  3095549.300  3095560.300  3095566.300
   710:  3095573.300  3097434.300  3098556.300  3098590.300  3100634.300
   715:  3101153.300  3101196.300  3101221.300  3125361.100  3126432.100
   720:  3128190.300  3128305.300  3132099.300  3132923.300  3139189.300
   725:  3155847.300  3155999.300  3156630.300  3157498.300  3157515.300
   730:  3157711.300  3157867.300  3179841.300  3181050.300  3181872.300
   735:  3182066.300  3182422.300  3182519.300  3182641.300  3198568.300
   740:  3253228.300  3253258.300  3255466.300  3260392.300  3260527.300
   745:  3263750.300  3263928.300  3414028.200  3414028.200  3414028.200
   750:  3414028.200  3414028.200  3414028.200  3414028.200  3414028.200
   755:  3414028.200  3414028.200  3414308.300  3414335.300  3414365.300
   760:  3414384.300  3414417.300  3414447.300  3414474.300  3414534.300
   765:  3416364.300  3416957.300  3416962.300  3417017.300  3418952.300
   770:  3418963.300  3422666.300  3422688.300  3425041.300  3437306.300
   775:  3443411.300  3443441.300  3452371.100  3452411.100  3452690.100
   780:  3452726.300  3454701.100  3458993.100  3459169.100  3460693.300
   785:  3466679.300  3466863.300  3467919.300  3467924.300  3467942.300
   790:  3468214.300  3468574.300  3468816.300  3468910.300  3916165.200
   795:  3916165.200  3916165.200  3916165.200  3916165.200  3916165.200
   800:  3916165.200  3916165.200  3916165.200  3916165.200  3918490.300
   805:  3918542.300  3918575.300  3918608.300  3918632.300  3918649.300
   810:  3918680.300  3918704.300  3918739.300  3918768.300  3918793.300
   815:  3918900.300  3918908.300  3918989.300  3919035.300  3919408.300
   820:  3919577.300  3919652.300  3919662.300  3919669.300  3919692.300
   825:  3919733.300  3919742.300  3919768.300  3919789.300  3919809.300
   830:  3919828.300  3919847.300  3920839.300  3920870.300  3920883.300
   835:  3920916.300  3920920.300  3920952.300  3920989.300  3921009.300
   840:  3921072.300  3921105.300  3921117.300  3921128.300  3921156.300
   845:  3921222.300  3921331.300  3921809.300  3925629.300  3925725.300
   850:  3925865.300  3925877.300  3925891.300  3926509.300  3928407.300
   855:  3929073.300  3929371.300  4067333.300  4067437.300  4067590.300
   860:  4068064.300  4068152.300  4070899.300  4071783.300  4072892.300
   865:  4079834.300  4080159.300  4085599.300  4088043.300  4088270.300
   870:  4088529.300  4091251.300  4092927.300  4093505.300  4093545.300
   875:  4093755.300  4093779.300  4093923.300  4102831.300  4104503.300
   880:  4105781.300  4105877.300  4106260.300  4106306.300  4114625.300
   885:  4140102.300  4152450.300  4152479.300  4191226.300  4191352.300
   890:  4191815.300  4206271.300  4223569.300  4225356.300  4225439.300
   895:  4248595.300  4249083.300  4249177.300
D:
     0:        0.111      163.600      263.600     4866.600    12450.600
     5:    13071.600    13448.600    13903.600    14286.650    21838.650
    10:    25216.650    28314.650    28602.650    29269.650    29307.650
    15:    29534.650    29593.650    29706.650    29845.650    32023.650
    20:    32236.650    33477.650    46811.650    48108.650    48259.650
    25:    49554.650    49593.650    49624.650    59476.650    59679.650
    30:    59897.650    60234.650    60328.650    61022.650    61195.650
    35:    61259.650    61490.650    62131.650    62169.650    62514.650
    40:    62560.650    62567.650    62734.650    62745.650    62762.650
    45:    62769.650    62782.650    62799.650    62815.650    62835.650
    50:    64742.650    70980.650    74437.650    81374.650    96670.650
    55:    96848.650    96857.650    96865.650    96914.650   101345.650
    60:   108239.650   108246.650   110029.400   110074.410   110123.410
    65:   110140.610   110168.410   110217.410   110262.410   110311.410
    70:   110356.410   110405.410   110450.410   110455.420   115023.600
    75:   115041.600   115498.600   115503.600   115510.600   115699.600
    80:   115709.600   120670.600   120902.600   125527.600   125683.600
    85:   126341.600   126727.600   127071.600   127162.600   127182.600
    90:   128208.600   133860.600   148593.600   183557.600   183823.600
    95:   183856.600   184324.600   191288.600   218736.600   218828.600
   100:   218877.600   218885.600   223621.600   226268.600   235262.600
   105:   236120.600   243194.600   243301.600   243494.600   246052.600
   110:   246101.600   246278.600   246319.600   246573.600   246655.600
   115:   246683.600   246748.600   258985.600   259466.600   264646.600
   120:   264796.600   264907.600   265465.600   265673.600   282057.600
   125:   282418.600   283234.600   296383.600   296392.600   296590.600
   130:   296826.600   296856.600   296878.600   296921.600   297293.600
   135:   299006.600   299034.600   299272.600   316694.600   317427.600
   140:   319409.600   320608.600   321010.600   321056.600   332298.600
   145:   338710.600   350028.600   350032.600   378515.650   379103.650
   150:   411425.650   411444.650   411584.650   412236.650   416422.650
   155:   416500.650   423865.650   423875.650   427099.650   432276.650
   160:   436855.650   437065.650   437068.650   437140.650   437199.650
   165:   437210.650   437379.650   437930.650   438093.650   438863.650
   170:   455680.400   455725.410   455774.410   455780.610   455819.410
   175:   455868.410   455913.410   455962.410   456007.410   456056.410
   180:   456101.410   456106.420   460390.600   460685.600   460733.600
   185:   460745.600   460762.600   460772.600   460791.600   460824.600
   190:   460861.600   460879.600   460909.600   460956.600   460987.600
   195:   460993.600   461010.600   461143.600   461184.600   461199.600
   200:   461210.600   461230.600   461298.600   461352.600   461779.600
   205:   464352.600   464377.600   466925.600   466936.600   468619.600
   210:   468633.600   469765.600   469908.600   470004.600   470017.600
   215:   470030.600   472045.600   472182.600   476186.600   476193.600
   220:   476323.600   476916.600   476929.600   496085.600   498372.600
   225:   498936.600   531500.600   531800.600   531822.600   533329.600
   230:   533364.600   544632.600   544920.600   548478.600   566567.600
   235:   566699.600   571530.600   571556.600   571746.600   572681.600
   240:   578757.600   596234.600   629232.600   629763.600   629769.600
   245:   630209.600   630452.600   631250.600   631266.600   662227.600
   250:   662962.600   687826.600   692917.600   700153.600   700196.600
   255:   700205.600   700246.600   701061.600   708143.600   708704.600
   260:   715208.600   717554.600   722994.600   723158.600   723368.600
   265:   723757.600   742935.600   742939.600   742997.600   743993.600
   270:   786151.600   786526.600   796582.600   796591.600   796968.600
   275:   810216.600   810402.600   812816.600   818249.600   818576.600
   280:   867551.600   869595.600   869649.600   869746.600   870058.600
   285:   877844.600   906572.600   906829.600   906862.600   907153.600
   290:   907611.600   937831.600   938264.600   947670.600   953099.600
   295:   977359.600   977561.600   977883.600   978633.600   980872.600
   300:  1002128.600  1003355.600  1004877.600  1004961.600  1004969.600
   305:  1005042.600  1005220.600  1011334.600  1026822.600  1027377.600
   310:  1079910.600  1080406.600  1080708.600  1081533.600  1084128.600
   315:  1084627.600  1084714.600  1084831.600  1089573.600  1090383.600
   320:  1090552.600  1090595.600  1090688.600  1090692.600  1103891.600
   325:  1104885.600  1105846.600  1146550.600  1149580.600  1156184.600
   330:  1156328.600  1156346.600  1161081.600  1163537.600  1163604.600
   335:  1164176.600  1164226.600  1164729.600  1164754.600  1182522.600
   340:  1204133.600  1204171.600  1204187.600  1204293.600  1204604.600
   345:  1206501.600  1214588.600  1215100.600  1215252.600  1215304.600
   350:  1218587.600  1218594.600  1258955.600  1266545.600  1266836.600
   355:  1267296.600  1267735.600  1269030.600  1338154.600  1338209.600
   360:  1349152.200  1349408.200  1349487.200  1352784.600  1352857.600
   365:  1359733.600  1360013.600  1360166.600  1367606.600  1368508.600
   370:  1370401.600  1374577.600  1374592.600  1375029.600  1375203.600
   375:  1375216.600  1375243.600  1375417.600  1375462.600  1375477.600
   380:  1375499.600  1376688.600  1376696.600  1376752.600  1376764.600
   385:  1376834.600  1376875.600  1393742.600  1456708.600  1457170.600
   390:  1457328.600  1484858.600  1485529.600  1485760.600  1485807.600
   395:  1485845.600  1496266.600  1529964.600  1539213.600  1539849.600
   400:  1623213.650  1671034.400  1671079.410  1671128.410  1671144.610
   405:  1671173.410  1671222.410  1671267.410  1671316.410  1671361.410
   410:  1671410.410  1671455.410  1671460.420  1674949.600  1674954.600
   415:  1674981.600  1674993.600  1675009.600  1675042.600  1675055.600
   420:  1675077.600  1675089.600  1675110.600  1675153.600  1675189.600
   425:  1675219.600  1675228.600  1675249.600  1675267.600  1675281.600
   430:  1675313.600  1675334.600  1675350.600  1675366.600  1675379.600
   435:  1675390.600  1675406.600  1675427.600  1675461.600  1675647.600
   440:  1675754.600  1675806.600  1675836.600  1675849.600  1675858.600
   445:  1675868.600  1676677.600  1677011.600  1677399.600  1677467.600
   450:  1677604.600  1677622.600  1677661.600  1677690.600  1677779.600
   455:  1677797.600  1677820.600  1677824.600  1677833.600  1678679.600
   460:  1678705.600  1679313.600  1680287.600  1681746.600  1684127.600
   465:  1686626.600  1688918.600  1696041.600  1696150.600  1702320.600
   470:  1702390.600  1702677.600  1702743.600  1703557.600  1704038.600
   475:  1704092.600  1704148.600  1704159.600  1704883.600  1704908.600
   480:  1716440.600  1729230.600  1729340.600  1729409.600  1729511.600
   485:  1844907.600  1845077.600  1852502.600  1852646.600  1854157.600
   490:  1854343.600  1883631.600  1891420.600  1893041.600  1893118.600
   495:  1908083.600  1925157.600  1939403.600  1939677.600  1943009.600
   500:  1953340.200  1953446.200  1954396.600  1965011.600  1976909.600
   505:  1976993.600  1977016.600  1977041.600  1977081.600  1978131.600
   510:  1983341.600  1983530.600  1983614.600  2026341.600  2027277.600
   515:  2054118.600  2056592.600  2061639.600  2082349.600  2086758.600
   520:  2087029.600  2192586.650  2192638.650  2196659.650  2197515.650
   525:  2197839.650  2200797.650  2201550.650  2208016.650  2208053.650
   530:  2214059.650  2226929.400  2226974.410  2227023.410  2227068.410
   535:  2227069.610  2227117.410  2227162.410  2227211.410  2227256.410
   540:  2227305.410  2227350.410  2227355.420  2231468.600  2231480.600
   545:  2231487.600  2231498.600  2231590.600  2231685.600  2231746.600
   550:  2231784.600  2231834.600  2231892.600  2231951.600  2231962.600
   555:  2231991.600  2232013.600  2232056.600  2232126.600  2232147.600
   560:  2232162.600  2232193.600  2233401.600  2233483.600  2233513.600
   565:  2233561.600  2233573.600  2233631.600  2233636.600  2233650.600
   570:  2233701.600  2233707.600  2233718.600  2233759.600  2233856.600
   575:  2233906.600  2233961.600  2234014.600  2234115.600  2234147.600
   580:  2234161.600  2234182.600  2234251.600  2235074.600  2235223.600
   585:  2235338.600  2235353.600  2235406.600  2235431.600  2235460.600
   590:  2236815.600  2236829.600  2236850.600  2236861.600  2237724.600
   595:  2238105.600  2238117.600  2238177.600  2238223.600  2238236.600
   600:  2238304.600  2238368.600  2238414.600  2238482.600  2239945.600
   605:  2240995.600  2241193.600  2245900.600  2266275.600  2267933.600
   610:  2268023.600  2345994.600  2346858.600  2346913.600  2347042.600
   615:  2347538.600  2347541.600  2361452.600  2368269.600  2372905.600
   620:  2373624.600  2373678.600  2374036.600  2374060.600  2496827.650
   625:  2496972.650  2523807.650  2524038.650  2524043.650  2524342.650
   630:  2527921.650  2528231.650  2528293.650  2528351.650  2528385.650
   635:  2528397.650  2528436.650  2537457.650  2537480.650  2539932.650
   640:  2539960.650  2540707.650  2540710.650  2540761.650  2544818.400
   645:  2544863.410  2544884.610  2544912.410  2544957.410  2545006.410
   650:  2545051.410  2545100.410  2545145.410  2545194.410  2545239.410
   655:  2545244.420  2548049.600  2548350.600  2548403.600  2549040.600
   660:  2549599.600  2549861.600  2549872.600  2549931.600  2550032.600
   665:  2550085.600  2550176.600  2551087.600  2551090.600  2551587.600
   670:  2551600.600  2552010.600  2552078.600  2552779.600  2554421.600
   675:  2554455.600  2555425.600  2556488.600  2558207.600  2558216.600
   680:  2558241.600  2558716.600  2560833.600  2560844.600  2566008.600
   685:  2569274.600  2572763.600  2579913.600  2582987.600  2583895.600
   690:  2584131.600  2584164.600  2635846.600  2645369.600  2656846.600
   695:  2658825.600  2675032.600  2686327.600  2693656.600  2702434.600
   700:  2702881.600  2702897.600  2702907.600  2702919.600  2702928.600
   705:  2702934.600  2702944.600  2703656.600  2708220.600  2737186.600
   710:  2737249.600  2737363.600  2737840.600  2737849.600  2738115.600
   715:  2738147.600  2738224.600  2738259.600  2738270.600  2738559.600
   720:  2743594.600  2752647.600  2755913.600  2758715.600  2759441.600
   725:  2759549.600  2765057.600  2765699.600  2769198.600  2784114.600
   730:  2784421.600  2792821.600  2792841.600  2800439.600  2801782.600
   735:  2802054.600  2802124.600  2802840.600  2802860.600  2802905.600
   740:  2802915.600  2802919.600  2802938.600  2803082.600  2803283.600
   745:  2804193.600  2813363.600  2838416.600  2844681.600  2844836.600
   750:  2844899.600  2844931.600  2847325.600  2853680.600  2853733.600
   755:  2853899.600  2862177.600  2862353.600  2862570.600  2862912.600
   760:  2863160.600  2870428.600  2870668.600  2870690.600  2871049.600
   765:  2871361.600  2871969.600  2872237.600  2872313.600  2873086.600
   770:  2873253.600  2873308.600  2873508.600  2873565.600  2873839.600
   775:  2880670.600  2881375.600  2881644.600  2881732.600  2881754.600
   780:  2882128.600  2882165.600  2893533.600  2896896.600  2897692.600
   785:  2897706.600  2908440.600  2908538.600  2913362.600  2917281.600
   790:  2923132.600  2923179.600  2923189.600  2929294.600  2929592.600
   795:  2929643.600  2930338.600  2930392.600  2933148.600  2933237.600
   800:  2939158.600  2940055.600  2940449.600  2944812.600  2982464.600
   805:  2982600.600  2984998.600  2988344.600  2988369.600  3013508.600
   810:  3019156.600  3022341.600  3025820.600  3026452.600  3026456.600
   815:  3026586.600  3059616.600  3059638.600  3059702.600  3087338.600
   820:  3087629.600  3088438.600  3090239.600  3096392.600  3096778.600
   825:  3097679.600  3097690.600  3097696.600  3097703.600  3099564.600
   830:  3100686.600  3100720.600  3102764.600  3103283.600  3103326.600
   835:  3103351.600  3127491.200  3128562.200  3130320.600  3130435.600
   840:  3134229.600  3135053.600  3141319.600  3157977.600  3158129.600
   845:  3158760.600  3159628.600  3159645.600  3159841.600  3159997.600
   850:  3181971.600  3183180.600  3184002.600  3184196.600  3184552.600
   855:  3184649.600  3184771.600  3200698.600  3255358.600  3255388.600
   860:  3257596.600  3262522.600  3262657.600  3265880.600  3266058.600
   865:  3416158.400  3416203.410  3416252.410  3416297.410  3416346.410
   870:  3416358.610  3416367.610  3416391.410  3416440.410  3416485.410
   875:  3416534.410  3416579.410  3416584.420  3416864.600  3416891.600
   880:  3416921.600  3416940.600  3416973.600  3417003.600  3417030.600
   885:  3417090.600  3418920.600  3419513.600  3419518.600  3419573.600
   890:  3421508.600  3421519.600  3425222.600  3425244.600  3427597.600
   895:  3439862.600  3445967.600  3445997.600  3454927.200  3454967.200
   900:  3455246.200  3455282.600  3457257.200  3461549.200  3461725.200
   905:  3463249.600  3469235.600  3469419.600  3470475.600  3470480.600
   910:  3470498.600  3470770.600  3471130.600  3471372.600  3471466.600
   915:  3837652.650  3837657.650  3884239.650  3886809.650  3887433.650
   920:  3887786.650  3890904.650  3891012.650  3891071.650  3892041.650
   925:  3892079.650  3892179.650  3892341.650  3902356.650  3914622.650
   930:  3915218.650  3916916.650  3918721.400  3918766.410  3918785.610
   935:  3918815.410  3918860.410  3918909.410  3918954.410  3919003.410
   940:  3919048.410  3919097.410  3919142.410  3919147.420  3921472.600
   945:  3921524.600  3921557.600  3921590.600  3921614.600  3921631.600
   950:  3921662.600  3921686.600  3921721.600  3921750.600  3921775.600
   955:  3921882.600  3921890.600  3921971.600  3922017.600  3922390.600
   960:  3922559.600  3922634.600  3922644.600  3922651.600  3922674.600
   965:  3922715.600  3922724.600  3922750.600  3922771.600  3922791.600
   970:  3922810.600  3922829.600  3923821.600  3923852.600  3923865.600
   975:  3923898.600  3923902.600  3923934.600  3923971.600  3923991.600
   980:  3924054.600  3924087.600  3924099.600  3924110.600  3924138.600
   985:  3924204.600  3924313.600  3924791.600  3928611.600  3928707.600
   990:  3928847.600  3928859.600  3928873.600  3929491.600  3931389.600
   995:  3932055.600  3932353.600  4070315.600  4070419.600  4070572.600
  1000:  4071046.600  4071134.600  4073881.600  4074765.600  4075874.600
  1005:  4082816.600  4083141.600  4088581.600  4091025.600  4091252.600
  1010:  4091511.600  4094233.600  4095909.600  4096487.600  4096527.600
  1015:  4096737.600  4096761.600  4096905.600  4105813.600  4107485.600
  1020:  4108763.600  4108859.600  4109242.600  4109288.600  4117607.600
  1025:  4143084.600  4155432.600  4155461.600  4194208.600  4194334.600
  1030:  4194797.600  4209253.600  4226551.600  4228338.600  4228421.600
  1035:  4251577.600  4252065.600  4252159.600  4322982.999
E:
     0:        5.200       16.300       28.800       43.200       59.900
     5:       80.100      105.300      139.300      191.600      330.300
F:
     0:        0.000        0.000        0.000        0.000        0.000
     5:        0.000
L:
     0:      110.000       99.000      109.000      139.000       65.000
     5:      199.000       63.000
M:
     0:        0.000        0.000        0.000        0.000        0.000
     5:        0.000
