File: C:\MED-PC IV\DATA\!2020-03-11_08h59m.Subject EB11


Start Date: 03/11/20
End Date: 03/11/20
Subject: EB11
Experiment: MagThin
Group: 2
Box: 1
Start Time:  8:59:08
End Time:  9:32:08
MSN: MagThin
G:       0.000
H:       0.000
I:       0.000
J:       0.000
K:       0.000
L:       0.000
M:       0.000
N:       0.000
O:       0.000
P:       0.000
Q:       0.000
R:       0.000
S:       0.000
T:       0.000
U:       0.000
V:       0.000
W:       0.000
X:       0.000
Y:       0.000
Z:       0.000
A:
     0:        2.000        6.000        6.000       15.000        0.000
     5:    60000.000       11.000     1000.000        0.000        9.000
    10:        7.000       10.000       12.000        0.000        0.000
    15:        0.000
B:
     0:      539.000      869.000        1.000    60000.000    98905.000
     5:      413.000       30.000        0.000        0.000        0.000
    10:       81.000       31.000      186.000        0.000      444.500
    15:     1000.000        0.000       31.000       95.000        0.000
    20:        0.000
C:
     0:      106.100      134.100      235.300      415.100      438.100
     5:      448.100      491.100      554.300      589.300      677.300
    10:      751.100      760.100      766.100      773.100      778.100
    15:      788.100      813.100      819.100      827.100      849.100
    20:      915.100      942.100      954.100      968.100      981.100
    25:      996.100     1005.100     1021.100     1055.100     1074.100
    30:     1090.100     1338.300     1426.300     1453.300     2525.300
    35:     2540.300     2671.300     3132.100     3133.200     3231.100
    40:     3605.100     3626.100     3719.100     3819.100     3837.100
    45:     3854.100     3866.100     3873.100     3898.100     3922.100
    50:     4125.300     4168.300     4274.100     4292.100     4441.100
    55:     4471.100     4577.100     4615.100     4629.100     4690.100
    60:     4705.100     4711.100     4723.100     4773.300     4802.300
    65:     4905.300     5118.300     5206.300     5366.100     5393.100
    70:     5400.100     5420.100     5431.100     5548.300     5605.300
    75:     6631.100     6632.200     6858.100     6927.100     6982.100
    80:     7084.100     7099.100     7121.100     7132.100     7150.100
    85:     7160.100     7171.100     7192.100     7210.100     7216.100
    90:     7576.100     7625.100     7672.100     7689.100     7755.300
    95:     7787.300     7939.300     8135.100     8164.100     8182.100
   100:     8282.100     8308.100     8328.100     8337.100     8342.100
   105:     8350.100     8354.100     8369.100     8379.100     8391.100
   110:     8405.100     8416.100     8429.100     8447.100     8461.100
   115:     8471.100     8760.100     8776.100     8826.100     8836.100
   120:     8843.100     8854.100    10048.100    10120.100    10159.100
   125:    10176.100    10213.300    10217.300    10260.300    10483.100
   130:    10518.100    10528.100    10543.100    10671.100    10705.100
   135:    10735.100    10742.100    10751.100    10765.100    10771.100
   140:    10778.100    10790.100    10803.100    10824.100    10856.100
   145:    10867.100    10882.100    10888.100    10897.100    10986.100
   150:    10999.100    11008.100    11060.100    11076.100    11085.100
   155:    11101.100    11200.300    11234.300    11372.100    12975.100
   160:    12976.200    13050.100    13197.100    13229.100    13245.100
   165:    13260.100    13274.100    13294.100    13310.100    13314.100
   170:    13325.100    13401.100    13425.100    13457.100    13487.100
   175:    13495.100    13507.100    13512.100    13689.100    14355.100
   180:    14368.100    14431.300    14492.100    15967.100    15968.200
   185:    15973.300    16177.100    16178.200    16181.300    16335.100
   190:    16369.100    16388.100    16484.100    16502.100    16529.100
   195:    16623.100    16656.100    16679.100    16692.100    16701.100
   200:    16708.100    16722.100    16792.100    16807.100    16818.100
   205:    16902.100    16903.200    16910.100    17111.100    17133.100
   210:    17152.100    17153.200    17572.300    17822.100    17872.100
   215:    17963.100    18000.100    18051.100    18095.100    18304.100
   220:    18346.100    18360.100    18374.100    18395.100    18403.100
   225:    18410.100    18423.100    18498.300    18741.100    18742.200
   230:    18844.100    18857.100    18863.100    18902.100    19015.300
   235:    19248.100    19337.100    19411.300    19664.100    19665.200
   240:    19742.300    19838.100    19882.100    19955.300    19969.300
   245:    20068.100    20092.100    20172.300    20364.100    20365.200
   250:    20458.100    20514.100    20529.100    20546.100    20728.100
   255:    20740.100    20764.100    20780.100    20789.100    20796.100
   260:    20817.100    20885.300    20929.300    21026.100    21050.100
   265:    21089.100    21142.300    21151.300    21197.300    21317.300
   270:    21390.100    21412.100    21428.100    21442.100    21448.100
   275:    21493.300    21683.300    21810.100    21839.100    21857.100
   280:    21864.100    21911.300    22116.100    22255.100    22272.100
   285:    22319.100    22336.100    22353.100    22368.100    22388.100
   290:    22401.100    22417.100    22432.100    22704.100    22705.200
   295:    22845.100    23026.100    23043.100    23048.100    23063.100
   300:    23081.100    23094.100    23103.100    23134.100    23151.100
   305:    23304.100    23414.100    23426.100    23432.100    23631.100
   310:    23649.100    23666.100    23683.100    23802.100    23875.100
   315:    23885.100    23993.100    24594.100    25004.100    25165.100
   320:    25322.100    25333.100    25528.300    26875.100    26876.200
   325:    26959.100    27052.100    27350.100    27444.100    27979.100
   330:    28053.100    28071.100    28170.300    28234.300    28327.300
   335:    28420.100    29270.300    29574.100    29727.100    29744.100
   340:    29756.100    29764.100    29771.100    29788.100    29828.300
   345:    29891.300    29977.100    30241.100    30299.100    30332.100
   350:    30368.100    30382.100    30426.300    30852.100    32106.100
   355:    32107.200    32121.100    32238.100    32258.100    32279.100
   360:    32302.100    32332.100    32363.100    32386.100    32403.100
   365:    32836.100    32837.200    32929.100    33075.100    33306.100
   370:    33307.200    33323.300    33326.300    33370.300    33381.300
   375:    33386.300    33393.300    33655.100    34006.300    34116.300
   380:    34144.300    34246.100    34247.200    34364.100    34365.200
   385:    35036.300    35049.300    35328.100    35329.200    35650.100
   390:    36053.100    36304.100    36409.300    36452.300    36995.100
   395:    36996.200    37001.300    37166.100    37239.100    37408.100
   400:    37451.100    37479.100    37494.100    37518.100    37543.100
   405:    37566.100    37733.300    38641.100    38642.200    38843.100
   410:    39419.100    39474.100    39587.300    39987.100    40181.100
   415:    40304.100    40374.100    40440.300    40490.300    40570.300
   420:    41162.100    41163.200    41163.100    41332.100    41412.100
   425:    41592.100    41643.100    41947.100    42071.100    42118.100
   430:    42532.100    42631.100    42825.100    43253.100    43342.100
   435:    43354.100    43361.100    43376.100    43404.100    43462.300
   440:    45262.100    45299.100    45333.100    45640.300    45660.300
   445:    45797.100    45921.100    46061.300    46091.300    46373.100
   450:    46374.200    46542.100    46647.100    46680.100    46774.300
   455:    46921.100    47145.100    47900.100    47901.200    47983.100
   460:    48212.300    48504.100    48505.200    48820.100    49386.100
   465:    49478.100    49548.300    49658.100    49810.100    49819.100
   470:    49837.100    49850.100    49909.300    50043.100    50103.100
   475:    50120.100    50139.100    50202.300    50246.300    50414.100
   480:    50467.100    50498.100    50583.100    50642.300    51264.100
   485:    51306.100    51354.300    51530.100    51531.200    51655.100
   490:    51902.100    51963.100    52019.300    52166.100    52167.200
   495:    52941.100    52942.200    52949.100    53649.300    53757.100
   500:    53758.200    53975.100    54102.100    54328.300    54599.100
   505:    54718.100    54719.200    54846.100    55394.300    55489.300
   510:    55511.300    55621.100    55661.100    55682.100    55743.100
   515:    55762.100    55781.100    55937.100    56028.100    56058.100
   520:    56151.100    56167.100    56188.100    56278.300    56324.300
   525:    56761.100    56762.200    57656.100    58353.100    58354.200
   530:    58576.100    59072.100    59161.100    59462.100    59505.100
   535:    59797.100    59858.100    59897.100    59942.100
D:
     0:        0.111      106.200      134.200      235.700      415.200
     5:      438.200      448.200      491.200      554.700      589.700
    10:      677.700      751.200      760.200      766.200      773.200
    15:      778.200      788.200      813.200      819.200      827.200
    20:      849.200      915.200      942.200      954.200      968.200
    25:      981.200      996.200     1005.200     1021.200     1055.200
    30:     1074.200     1090.200     1338.700     1426.700     1453.700
    35:     2525.700     2540.700     2671.700     3132.200     3133.500
    40:     3133.510     3183.510     3210.710     3233.510     3283.510
    45:     3333.510     3383.510     3619.710     3764.710     3788.710
    50:     3849.710     4099.710     4169.710     4388.520     4486.200
    55:     4860.200     4881.200     4974.200     5074.200     5092.200
    60:     5109.200     5121.200     5128.200     5153.200     5177.200
    65:     5380.700     5423.700     5529.200     5547.200     5696.200
    70:     5726.200     5832.200     5870.200     5884.200     5945.200
    75:     5960.200     5966.200     5978.200     6028.700     6057.700
    80:     6160.700     6373.700     6461.700     6621.200     6648.200
    85:     6655.200     6675.200     6686.200     6803.700     6860.700
    90:     7886.200     7887.500     7887.510     7937.510     7963.710
    95:     7987.510     8037.510     8087.510     8137.510     8529.210
   100:     8590.210     8699.710     8726.710     8847.710     9059.210
   105:     9142.520     9368.200     9437.200     9492.200     9594.200
   110:     9609.200     9631.200     9642.200     9660.200     9670.200
   115:     9681.200     9702.200     9720.200     9726.200    10086.200
   120:    10135.200    10182.200    10199.200    10265.700    10297.700
   125:    10449.700    10645.200    10674.200    10692.200    10792.200
   130:    10818.200    10838.200    10847.200    10852.200    10860.200
   135:    10864.200    10879.200    10889.200    10901.200    10915.200
   140:    10926.200    10939.200    10957.200    10971.200    10981.200
   145:    11270.200    11286.200    11336.200    11346.200    11353.200
   150:    11364.200    12558.200    12630.200    12669.200    12686.200
   155:    12723.700    12727.700    12770.700    12993.200    13028.200
   160:    13038.200    13053.200    13181.200    13215.200    13245.200
   165:    13252.200    13261.200    13275.200    13281.200    13288.200
   170:    13300.200    13313.200    13334.200    13366.200    13377.200
   175:    13392.200    13398.200    13407.200    13496.200    13509.200
   180:    13518.200    13570.200    13586.200    13595.200    13611.200
   185:    13710.700    13744.700    13882.200    15485.200    15486.500
   190:    15486.510    15536.510    15570.710    15586.510    15636.510
   195:    15686.510    15736.510    16419.710    16533.210    16741.520
   200:    16815.200    16962.200    16994.200    17010.200    17025.200
   205:    17039.200    17059.200    17075.200    17079.200    17090.200
   210:    17166.200    17190.200    17222.200    17252.200    17260.200
   215:    17272.200    17277.200    17454.200    18120.200    18133.200
   220:    18196.700    18257.200    19732.200    19733.500    19733.510
   225:    19783.510    19809.710    19833.510    19883.510    19933.510
   230:    19983.510    20988.520    20993.700    21197.200    21198.500
   235:    21198.510    21248.510    21283.710    21298.510    21348.510
   240:    21398.510    21448.510    21800.710    21807.710    22150.710
   245:    22324.210    22453.520    22456.700    22610.200    22644.200
   250:    22663.200    22759.200    22777.200    22804.200    22898.200
   255:    22931.200    22954.200    22967.200    22976.200    22983.200
   260:    22997.200    23067.200    23082.200    23093.200    23177.200
   265:    23178.500    23178.510    23228.510    23234.710    23278.510
   270:    23328.510    23378.510    23428.510    24097.210    24216.710
   275:    24247.710    24294.710    24433.520    24440.200    24641.200
   280:    24663.200    24682.200    24683.500    24683.510    24733.510
   285:    24743.710    24765.710    24783.510    24833.510    24883.510
   290:    24933.510    25472.710    25938.520    26357.700    26607.200
   295:    26657.200    26748.200    26785.200    26836.200    26880.200
   300:    27089.200    27131.200    27145.200    27159.200    27180.200
   305:    27188.200    27195.200    27208.200    27283.700    27526.200
   310:    27527.500    27527.510    27577.510    27595.710    27627.510
   315:    27677.510    27727.510    27777.510    28149.210    28635.710
   320:    28689.710    28711.710    28769.710    28782.520    28884.200
   325:    28897.200    28903.200    28942.200    29055.700    29288.200
   330:    29377.200    29451.700    29704.200    29705.500    29705.510
   335:    29755.510    29781.710    29805.510    29855.510    29905.510
   340:    29955.510    30731.210    30925.710    30960.520    31037.700
   345:    31133.200    31177.200    31250.700    31264.700    31363.200
   350:    31387.200    31467.700    31659.200    31660.500    31660.510
   355:    31710.510    31739.710    31760.510    31810.510    31860.510
   360:    31910.510    32350.210    32915.520    33008.200    33064.200
   365:    33079.200    33096.200    33278.200    33290.200    33314.200
   370:    33330.200    33339.200    33346.200    33367.200    33435.700
   375:    33479.700    33576.200    33600.200    33639.200    33692.700
   380:    33701.700    33747.700    33867.700    33940.200    33962.200
   385:    33978.200    33992.200    33998.200    34043.700    34233.700
   390:    34360.200    34389.200    34407.200    34414.200    34461.700
   395:    34666.200    34805.200    34822.200    34869.200    34886.200
   400:    34903.200    34918.200    34938.200    34951.200    34967.200
   405:    34982.200    35254.200    35255.500    35255.510    35305.510
   410:    35316.710    35355.510    35405.510    35455.510    35505.510
   415:    36035.210    36169.710    36267.210    36383.210    36507.710
   420:    36510.520    36650.200    36831.200    36848.200    36853.200
   425:    36868.200    36886.200    36899.200    36908.200    36939.200
   430:    36956.200    37109.200    37219.200    37231.200    37237.200
   435:    37436.200    37454.200    37471.200    37488.200    37607.200
   440:    37680.200    37690.200    37798.200    38399.200    38809.200
   445:    38970.200    39127.200    39138.200    39333.700    40680.200
   450:    40681.500    40681.510    40731.510    40754.710    40781.510
   455:    40803.710    40831.510    40881.510    40931.510    41708.710
   460:    41777.710    41858.210    41936.520    42019.200    42112.200
   465:    42410.200    42504.200    43039.200    43113.200    43131.200
   470:    43230.700    43294.700    43387.700    43480.200    44330.700
   475:    44634.200    44787.200    44804.200    44816.200    44824.200
   480:    44831.200    44848.200    44888.700    44951.700    45037.200
   485:    45301.200    45359.200    45392.200    45428.200    45442.200
   490:    45486.700    45912.200    47166.200    47167.500    47167.510
   495:    47217.510    47237.710    47267.510    47317.510    47367.510
   500:    47417.510    47705.210    47945.710    47995.710    48101.210
   505:    48217.710    48422.520    48436.200    48553.200    48573.200
   510:    48594.200    48617.200    48647.200    48678.200    48701.200
   515:    48718.200    49151.200    49152.500    49152.510    49202.510
   520:    49241.710    49252.510    49262.710    49302.510    49352.510
   525:    49402.510    49748.710    49958.210    50184.710    50407.520
   530:    50499.200    50645.200    50876.200    50877.500    50877.510
   535:    50927.510    50964.710    50977.510    51027.510    51077.510
   540:    51127.510    51836.210    51975.710    52034.710    52132.520
   545:    52148.700    52151.700    52195.700    52206.700    52211.700
   550:    52218.700    52480.200    52831.700    52941.700    52969.700
   555:    53071.200    53072.500    53072.510    53122.510    53156.710
   560:    53172.510    53222.510    53272.510    53322.510    54327.520
   565:    54444.200    54445.500    54445.510    54495.510    54541.710
   570:    54545.510    54595.510    54645.510    54695.510    55269.710
   575:    55700.520    56371.700    56384.700    56663.200    56664.500
   580:    56664.510    56714.510    56764.510    56771.710    56814.510
   585:    56864.510    56914.510    57919.520    58240.200    58643.200
   590:    58894.200    58999.700    59042.700    59585.200    59586.500
   595:    59586.510    59636.510    59670.710    59686.510    59736.510
   600:    59786.510    59836.510    60296.210    60581.210    60722.710
   605:    60808.710    60841.520    60846.700    61011.200    61084.200
   610:    61253.200    61296.200    61324.200    61339.200    61363.200
   615:    61388.200    61411.200    61578.700    62486.200    62487.500
   620:    62487.510    62537.510    62561.710    62587.510    62637.510
   625:    62687.510    62737.510    62836.710    63368.210    63452.710
   630:    63536.710    63642.210    63742.520    63943.200    64519.200
   635:    64574.200    64687.700    65087.200    65281.200    65404.200
   640:    65474.200    65540.700    65590.700    65670.700    66262.200
   645:    66263.500    66263.510    66313.510    66336.710    66363.510
   650:    66400.710    66413.510    66463.510    66513.510    67259.710
   655:    67295.710    67518.520    67518.200    67687.200    67767.200
   660:    67947.200    67998.200    68302.200    68426.200    68473.200
   665:    68887.200    68986.200    69180.200    69608.200    69697.200
   670:    69709.200    69716.200    69731.200    69759.200    69817.700
   675:    71617.200    71654.200    71688.200    71995.700    72015.700
   680:    72152.200    72276.200    72416.700    72446.700    72728.200
   685:    72729.500    72729.510    72779.510    72810.710    72829.510
   690:    72879.510    72929.510    72979.510    73266.210    73692.210
   695:    73811.210    73962.710    73984.520    74152.200    74257.200
   700:    74290.200    74384.700    74531.200    74755.200    75510.200
   705:    75511.500    75511.510    75561.510    75610.710    75611.510
   710:    75661.510    75711.510    75761.510    76057.210    76766.520
   715:    76848.200    77077.700    77369.200    77370.500    77370.510
   720:    77420.510    77464.710    77470.510    77484.710    77520.510
   725:    77570.510    77620.510    78625.520    78940.200    79506.200
   730:    79598.200    79668.700    79778.200    79930.200    79939.200
   735:    79957.200    79970.200    80029.700    80163.200    80223.200
   740:    80240.200    80259.200    80322.700    80366.700    80534.200
   745:    80587.200    80618.200    80703.200    80762.700    81384.200
   750:    81426.200    81474.700    81650.200    81651.500    81651.510
   755:    81701.510    81710.710    81727.710    81751.510    81801.510
   760:    81851.510    81901.510    82530.210    82843.710    82906.520
   765:    83030.200    83277.200    83338.200    83394.700    83541.200
   770:    83542.500    83542.510    83592.510    83594.210    83642.510
   775:    83651.710    83692.510    83742.510    83792.510    84316.210
   780:    84797.520    85571.200    85572.500    85572.510    85622.510
   785:    85658.710    85672.510    85722.510    85772.510    85822.510
   790:    86827.520    86834.200    87534.700    87642.200    87643.500
   795:    87643.510    87693.510    87743.510    87789.710    87793.510
   800:    87843.510    87893.510    88898.520    89115.200    89242.200
   805:    89468.700    89739.200    89858.200    89859.500    89859.510
   810:    89909.510    89917.710    89945.710    89959.510    90009.510
   815:    90059.510    90109.510    91046.210    91114.520    91241.200
   820:    91789.700    91884.700    91906.700    92016.200    92056.200
   825:    92077.200    92138.200    92157.200    92176.200    92332.200
   830:    92423.200    92453.200    92546.200    92562.200    92583.200
   835:    92673.700    92719.700    93156.200    93157.500    93157.510
   840:    93207.510    93238.710    93257.510    93307.510    93357.510
   845:    93407.510    94228.210    94412.520    95306.200    96003.200
   850:    96004.500    96004.510    96054.510    96088.710    96104.510
   855:    96154.510    96204.510    96254.510    97259.520    97481.200
   860:    97977.200    98066.200    98367.200    98410.200    98702.200
   865:    98763.200    98802.200    98847.200    98905.999
E:
     0:        5.200       16.300       28.800       43.200       59.900
     5:       80.100      105.300      139.300      191.600      330.300
F:
     0:        0.000        0.000        0.000
