File: C:\MED-PC IV\DATA\!2023-02-23_18h49m.Subject DF29


Start Date: 02/23/23
End Date: 02/24/23
Subject: DF29
Experiment: delayed_acquisition
Group: 1
Box: 9
Start Time: 18:49:08
End Time:  7:10:33
MSN: Delayed_AcquisitionYoked2_w_magmacro
G:       0.000
H:       0.000
I:       0.000
J:       0.000
K:       0.000
N:       0.000
O:       0.000
P:       0.000
Q:       0.000
R:       0.000
S:       0.000
T:       0.000
U:       0.000
V:       0.000
W:       0.000
X:       7.000
Y:       0.000
Z:       0.000
A:
     0:        2.000       60.000  4320000.000        2.000        0.000
     5:        1.000    96000.000        1.000       10.000        0.000
    10:        0.000        0.000        0.000        0.000        0.000
    15:        0.000        0.000        0.000        0.000        0.000
    20:        0.000        0.000        0.000        0.000        0.000
    25:        0.000        0.000        0.000        0.000        0.000
    30:        0.000        0.000        0.000        0.000        0.000
    35:        0.000        0.000        0.000        0.000        0.000
    40:        0.000        0.000        0.000        0.000        0.000
    45:        0.000        0.000        0.000        0.000        0.000
    50:        0.000        0.000        0.000        0.000        0.000
    55:        0.000        0.000        0.000        0.000        0.000
    60:        0.000        0.000        0.000        0.000        0.000
    65:        0.000        0.000        0.000        0.000        0.000
    70:        0.000        0.000        0.000        0.000        0.000
    75:        0.000        0.000        0.000        0.000        0.000
    80:        0.000        0.000        0.000        0.000        0.000
    85:        0.000        0.000        0.000        0.000        0.000
    90:        0.000        0.000        0.000        0.000        0.000
    95:        0.000        0.000        0.000        0.000        0.000
   100:        0.000
B:
     0:  4320000.000  4320426.000        1.000       36.000        0.000
     5:        0.000        0.000        1.000     1157.000     1247.000
    10:        0.000     1111.000        3.000        9.000       75.000
    15:        0.000        1.000        0.000        0.000        0.000
    20:        0.000        0.000        0.000        0.000        0.000
    25:        0.000        0.000        0.000        0.000        0.000
    30:        2.880        0.000        0.000       10.000        0.000
    35:        0.000        0.000        0.000        0.000        0.000
    40:        0.000        0.000        0.000        0.000        0.000
    45:        0.000        0.000        0.000        0.000        0.000
    50:        0.000        0.000        0.000        0.000        0.000
    55:        0.000        0.000        0.000        0.000        0.000
    60:        0.000        0.000        0.000        0.000        0.000
    65:        0.000        0.000        0.000        0.000        0.000
    70:        0.000        0.000        0.000        0.000        0.000
    75:        0.000        0.000        0.000        0.000        0.000
    80:        0.000        0.000        0.000        0.000        0.000
    85:        0.000        0.000        0.000        0.000        0.000
    90:        0.000        0.000        0.000        0.000        0.000
    95:        0.000        0.000        0.000        0.000        0.000
   100:        0.000
C:
     0:     4026.300     6722.300     6919.300     7105.300   104458.200
     5:   104458.200   104458.200   104458.200   104458.200   104458.200
    10:   104458.200   104458.200   104458.200   104458.200   105277.300
    15:   105336.300   107070.300   107086.300   108774.300   109095.300
    20:   109399.300   109512.300   109634.300   109794.300   109928.300
    25:   110207.300   110936.300   111009.300   111798.300   112078.300
    30:   112365.300   112378.300   112442.300   114377.300   114558.300
    35:   117132.300   117229.300   120122.300   121010.300   121090.300
    40:   127488.300   127729.300   128187.300   129167.300   129199.300
    45:   129356.300   129765.300   129981.300   130025.300   130073.300
    50:   133878.300   135170.300   135218.300   136045.300   136131.300
    55:   138619.300   138740.300   139013.300   139153.300   139280.300
    60:   139359.300   139384.300   139761.300   139812.300   141389.300
    65:   141576.300   141609.300   149128.300   150319.300   151380.300
    70:   161335.300   161340.300   161349.300   161492.300   161563.300
    75:   161808.300   162074.300   162398.300   168449.300   177674.300
    80:   177723.300   177878.300   180708.300   181746.100   182195.100
    85:   182587.100   182774.300   183147.100   187839.300   188399.300
    90:   227519.300   230245.300   239509.100   256344.300   261806.300
    95:   263150.300   263288.300   263867.300   264062.300   264675.300
   100:   265296.300   265496.300   265633.300   267102.300   269482.300
   105:   269832.300   270479.300   271706.300   271770.300   271783.300
   110:   273405.300   274021.300   286482.300   287274.300   287375.300
   115:   287595.300   288081.300   288216.300   288759.300   288919.300
   120:   289689.300   290112.300   290297.300   290341.300   290449.300
   125:   290481.300   290560.300   290671.300   290706.300   290741.300
   130:   290915.300   290967.300   291032.300   291070.300   291100.300
   135:   291134.300   291940.300   292249.300   292291.300   292323.300
   140:   292369.300   292485.300   300609.300   300800.300   310735.300
   145:   312268.300   322865.100   323411.300   323575.300   323729.300
   150:   331641.300   331772.300   331806.300   331913.300   333245.300
   155:   335270.300   335607.300   339366.300   341405.300   341580.300
   160:   348608.300   348762.300   348799.300   348842.300   349668.300
   165:   363809.300   363885.300   364814.300   366481.300   375220.300
   170:   375604.300   375638.300   375708.300   375880.300   377573.300
   175:   377658.300   377787.300   377933.300   379277.300   379474.300
   180:   379615.300   379896.300   380060.300   380124.300   380310.300
   185:   380420.300   451409.300   451586.300   452536.300   452619.300
   190:   452655.300   452671.300   452687.300   452723.300   452795.300
   195:   452802.300   452806.300   452836.300   452841.300   452854.300
   200:   452877.300   452889.300   452912.300   452962.300   452980.300
   205:   452984.300   452997.300   453037.300   453055.300   453074.300
   210:   453092.300   453112.300   453246.300   453264.300   453295.300
   215:   463539.100   463691.300   463800.300   464058.300   472558.100
   220:   472600.100   473108.300   473182.300   477170.100   477582.300
   225:   477627.300   477780.300   477852.300   477885.300   498790.300
   230:   499022.300   499058.300   499108.300   499197.300   499283.300
   235:   500038.300   500075.300   509754.300   509990.300   514401.300
   240:   515371.300   515520.300   516057.300   516167.300   516312.300
   245:   518357.300   518386.300   518719.300   520139.300   520310.300
   250:   520828.300   522145.300   527009.300   528751.300   529016.300
   255:   530034.300   532997.300   541344.300   542308.300   543303.300
   260:   547571.300   547590.300   557170.300   559276.300   561182.300
   265:   561216.300   561263.300   571139.300   571265.300   573622.300
   270:   575782.300   641895.300   642099.300   643538.300   643974.300
   275:   644180.300   644320.300   644332.300   644516.300   644552.300
   280:   684218.300   684469.300   685001.300   687452.300   687699.300
   285:   687757.300   687804.300   687840.300   687890.300   687923.300
   290:   687958.300   688017.300   719024.300   721428.300   723531.300
   295:   723792.300   723970.300   727325.300   728620.300   728674.300
   300:   729213.300   729385.300   729616.300   731234.300   768465.300
   305:   768963.300   769898.300   770447.300   770553.300   770565.300
   310:   771182.300   822382.300   822408.300   822436.300   824269.300
   315:   864673.300   864726.300   864733.300   864806.300   864844.300
   320:   864870.300   864877.300   864942.300   864960.300   865378.300
   325:   865464.300   865582.300   865588.300   865747.300   865785.300
   330:   879404.300   879444.300   879455.300   879522.300   879581.300
   335:   879609.300   879813.300   880538.300   880594.300   880642.300
   340:   880652.300   880681.300   880717.300   880740.300   880754.300
   345:   880779.300   880798.300   880868.300   880905.300   880919.300
   350:   880955.300   880990.300   881009.300   881048.300   881054.300
   355:   881066.300   881086.300   881100.300   881139.300   881155.300
   360:   881171.300   881185.300   881190.300   881230.300   881869.300
   365:   982888.300   982970.300   987092.300   987103.300   987321.300
   370:   987550.300   987835.300   988038.300   988086.300   988156.300
   375:   988171.300   988226.300   988330.300   988361.300   988395.300
   380:   988400.300   988415.300   988499.300   988582.300   989300.300
   385:   993061.300   993886.300   994277.300   994555.300   994587.300
   390:   994692.300   994763.300   994812.300   994876.300   994912.300
   395:   994948.300   994998.300   995048.300   995098.300   995131.300
   400:   995181.300   995198.300   995618.300   995928.300   996255.300
   405:   996330.300  1027358.300  1028487.300  1107883.300  1107958.300
   410:  1107990.300  1109111.300  1122471.300  1122551.300  1123404.300
   415:  1125543.300  1125862.300  1125875.300  1125985.300  1126456.300
   420:  1126489.300  1126498.300  1126522.300  1128349.300  1129651.300
   425:  1129661.300  1129695.300  1130313.300  1130641.300  1130798.300
   430:  1130823.300  1130858.300  1131030.300  1131220.300  1131300.300
   435:  1131348.300  1131358.300  1131376.300  1131410.300  1131437.300
   440:  1131494.300  1131518.300  1131527.300  1131585.300  1131668.300
   445:  1131832.300  1131854.300  1131857.300  1131919.300  1131932.300
   450:  1131954.300  1131977.300  1131993.300  1132034.300  1132089.300
   455:  1132114.300  1132229.300  1132261.300  1132320.300  1132324.300
   460:  1132834.300  1132846.300  1132863.300  1133318.300  1133735.300
   465:  1134001.300  1134517.300  1134650.300  1134667.300  1134719.300
   470:  1138170.300  1138229.300  1138276.300  1138323.300  1138352.300
   475:  1138380.300  1138386.300  1138390.300  1138425.300  1138450.300
   480:  1138482.300  1138496.300  1138522.300  1142482.100  1142818.300
   485:  1143227.300  1143336.300  1143351.300  1143384.300  1143415.300
   490:  1143468.300  1149519.300  1165444.300  1166763.300  1168646.300
   495:  1168802.300  1169011.300  1169018.300  1169077.300  1172282.300
   500:  1172786.300  1172855.300  1172972.300  1198425.300  1198507.300
   505:  1198669.300  1199134.300  1199171.300  1199256.300  1199273.300
   510:  1199959.300  1199999.300  1200057.300  1200099.300  1218320.300
   515:  1218338.300  1218367.300  1218381.300  1218438.300  1218457.300
   520:  1218472.300  1218489.300  1218507.300  1218523.300  1218532.300
   525:  1218550.300  1220079.300  1220224.300  1220258.300  1220293.300
   530:  1220672.300  1221672.300  1222098.300  1222219.300  1222271.300
   535:  1224962.300  1225291.300  1226797.300  1228878.300  1229066.300
   540:  1229110.300  1229143.300  1229157.300  1229174.300  1229865.300
   545:  1230817.300  1231224.300  1231370.300  1231461.300  1231473.300
   550:  1231513.300  1231577.300  1231635.300  1231684.300  1241654.300
   555:  1255170.300  1258431.300  1258557.300  1259233.300  1259311.300
   560:  1260199.300  1260439.300  1261555.300  1263571.300  1263825.300
   565:  1267895.300  1268068.300  1268129.300  1268262.300  1268315.300
   570:  1268342.300  1268364.300  1268399.300  1268449.300  1268752.300
   575:  1269477.300  1269524.300  1269572.300  1269982.300  1270261.300
   580:  1270274.300  1270293.300  1270329.300  1270343.300  1270361.300
   585:  1270374.300  1270393.300  1270408.300  1271282.300  1271331.300
   590:  1272147.300  1272179.300  1272214.300  1272418.300  1272467.300
   595:  1334522.300  1334641.300  1335380.300  1337716.300  1338341.300
   600:  1338394.300  1338458.300  1338468.300  1339269.300  1339528.300
   605:  1339615.300  1339681.300  1342312.300  1347421.300  1348186.300
   610:  1348222.300  1348292.300  1348480.300  1348556.300  1348818.300
   615:  1349704.300  1350233.300  1353674.300  1355445.300  1355538.300
   620:  1355623.300  1355642.300  1355660.300  1355699.300  1355714.300
   625:  1355734.300  1355750.300  1355788.300  1355803.300  1355838.300
   630:  1355854.300  1355872.300  1355888.300  1355923.300  1382434.300
   635:  1382854.300  1382886.300  1382922.300  1383047.300  1383079.300
   640:  1383113.300  1383808.300  1385172.300  1386241.300  1387819.300
   645:  1390207.300  1390303.300  1390405.300  1391666.300  1393236.300
   650:  1395869.300  1395961.300  1396032.300  1396136.300  1396171.300
   655:  1396205.300  1396360.300  1396392.300  1396426.300  1396462.300
   660:  1396500.300  1396534.300  1396615.300  1396824.300  1400874.300
   665:  1401172.300  1401242.300  1403030.300  1403750.300  1403911.300
   670:  1406895.300  1407030.300  1407168.300  1407301.300  1407352.300
   675:  1407383.300  1407410.300  1407446.300  1407478.300  1407541.300
   680:  1409305.300  1409497.300  1409561.300  1409888.300  1413481.300
   685:  1413620.300  1414173.300  1414310.300  1416762.300  1417289.300
   690:  1417318.300  1417368.300  1418021.300  1418671.300  1419428.300
   695:  1419540.300  1422650.300  1423492.300  1424541.300  1424782.300
   700:  1429846.300  1430247.300  1430561.300  1432539.300  1433355.300
   705:  1433386.300  1435844.300  1468671.300  1470544.300  1471502.300
   710:  1471565.300  1471693.300  1472325.300  1472899.300  1473279.300
   715:  1478409.300  1478479.300  1478617.300  1478651.300  1478753.300
   720:  1479030.300  1479172.300  1479555.300  1483826.300  1483896.300
   725:  1483927.300  1483955.300  1483971.300  1483990.300  1484001.300
   730:  1484019.300  1484037.300  1484050.300  1484085.300  1484120.300
   735:  1484214.300  1484220.300  1484259.300  1484295.300  1484311.300
   740:  1484367.300  1484380.300  1484429.300  1484572.300  1484592.300
   745:  1484606.300  1484629.300  1500283.100  1509363.300  1509529.300
   750:  1509562.300  1509596.300  1509652.300  1509708.300  1509739.300
   755:  1509775.300  1509785.300  1517408.300  1523630.300  1524040.300
   760:  1524323.300  1525385.300  1525435.300  1525445.300  1525480.300
   765:  1525866.300  1526315.300  1555209.300  1555571.300  1579097.300
   770:  1579249.300  1585390.300  1590363.300  1590614.300  1592282.300
   775:  1592414.300  1592588.300  1592617.300  1593411.300  1593567.300
   780:  1593715.300  1594080.300  1594127.300  1594327.300  1621982.300
   785:  1622018.300  1622160.300  1629145.300  1629265.300  1644895.300
   790:  1644926.300  1645832.300  1646383.300  1646539.300  1646633.300
   795:  1646682.300  1646747.300  1647922.300  1648019.300  1648319.300
   800:  1648414.300  1648600.300  1648783.300  1648930.300  1649122.300
   805:  1657341.100  1684776.300  1684898.300  1688658.300  1688712.300
   810:  1690631.300  1691461.300  1691608.300  1693984.300  1731539.300
   815:  1731571.300  1731808.300  1731864.300  1733212.300  1733299.300
   820:  1734821.300  1734837.300  1734869.300  1735030.300  1735083.300
   825:  1739781.300  1739859.300  1740872.300  1741869.300  1742026.300
   830:  1742741.300  1742939.300  1743476.300  1743678.300  1744397.300
   835:  1744618.300  1744635.300  1744835.300  1745852.300  1746987.300
   840:  1747518.300  1747602.300  1749488.300  1749601.300  1750420.300
   845:  1752422.300  1757777.100  1757913.100  1758983.300  1759595.300
   850:  1759686.300  1760226.300  1760303.300  1760335.300  1760426.300
   855:  1795186.300  1796061.300  1796254.300  1796337.300  1796369.300
   860:  1796403.300  1796439.300  1796456.300  1796484.300  1796530.300
   865:  1797530.300  1798231.300  1799190.300  1810746.300  1810803.300
   870:  1810866.300  1811152.300  1811215.300  1811281.300  1811317.300
   875:  1811333.300  1811380.300  1820592.300  1821642.300  1821674.300
   880:  1822489.300  1823137.300  1823259.300  1823508.300  1823678.300
   885:  1823785.300  1825201.300  1825279.300  1825528.300  1827136.300
   890:  1827362.300  1827444.300  1827474.300  1828122.300  1828792.300
   895:  1872159.100  1878974.300  1879329.300  1879974.300  1880577.300
   900:  1880877.300  1987039.300  1987359.300  1987711.300  1990207.300
   905:  1990938.300  2017598.300  2018890.300  2020873.300  2020930.300
   910:  2021651.300  2032415.300  2032516.300  2044977.100  2045261.100
   915:  2046076.100  2046562.300  2046803.300  2047207.300  2047355.300
   920:  2047418.300  2047460.300  2047464.300  2047515.300  2047535.300
   925:  2047597.300  2047644.300  2047684.300  2047725.300  2047734.300
   930:  2047766.300  2047786.300  2047886.300  2103666.300  2103776.300
   935:  2103786.300  2106686.300  2107615.300  2107855.300  2107962.300
   940:  2108044.300  2108080.300  2108097.300  2108119.300  2108139.300
   945:  2108159.300  2108176.300  2108194.300  2108209.300  2108227.300
   950:  2108245.300  2108262.300  2108267.300  2108285.300  2108294.300
   955:  2108420.300  2108452.300  2108472.300  2108548.300  2108585.300
   960:  2108621.300  2108680.300  2109351.300  2114969.300  2186245.300
   965:  2187878.300  2188053.300  2188266.300  2192072.100  2192496.100
   970:  2192828.100  2193455.300  2193933.300  2194259.300  2194692.300
   975:  2194874.300  2195167.300  2195209.300  2195229.300  2195325.300
   980:  2195561.300  2220813.100  2294666.300  2295919.300  2301625.300
   985:  2301731.300  2301874.300  2307273.300  2307548.300  2308636.300
   990:  2310820.300  2310875.300  2312318.300  2313048.300  2314276.300
   995:  2332183.100  2332292.100  2333268.300  2333353.300  2334599.300
  1000:  2701383.300  2701659.300  2891712.300  2891764.300  2891807.300
  1005:  2891927.300  2891951.300  2891971.300  2891995.300  2892016.300
  1010:  2892060.300  2913945.100  2926316.300  2926543.300  2941841.100
  1015:  2971945.300  2973211.300  2973283.300  2973363.300  2973492.300
  1020:  3004926.300  3005808.300  3005882.300  3008749.300  3009272.300
  1025:  3010017.300  3011501.300  3011504.300  3011857.300  3011860.300
  1030:  3012101.300  3013843.300  3013973.300  3013997.300  3014013.300
  1035:  3014029.300  3014032.300  3014063.300  3014081.300  3014101.300
  1040:  3014125.300  3014174.300  3014599.300  3014638.300  3014655.300
  1045:  3015623.300  3015636.300  3015696.300  3016045.300  3016063.300
  1050:  3016100.300  3016149.300  3016190.300  3017013.300  3017031.300
  1055:  3017290.300  3017318.300  3017461.300  3017496.300  3018485.300
  1060:  3023933.300  3025166.300  3025484.300  3026561.300  3028888.300
  1065:  3039760.300  3053468.300  3059581.100  3059668.100  3068763.300
  1070:  3068801.300  3068824.300  3068832.300  3068918.300  3090672.100
  1075:  3128194.300  3128218.300  3129740.300  3220718.300  3220735.300
  1080:  3220872.300  3220940.300  3220979.300  3221025.300  3221071.300
  1085:  3221084.300  3221123.300  3221162.300  3221203.300  3221236.300
  1090:  3221317.300  3221358.300  3221390.300  3221505.300  3221517.300
  1095:  3222048.300  3224796.300  3224808.300  3237399.300  3238000.300
  1100:  3238060.300  3238138.300  3238353.300  3238399.300  3238458.300
  1105:  3252857.100  3256701.100  3256725.100  3265286.100  3297574.100
  1110:  3298771.300  3298949.300  3298985.300  3299131.300  3299795.300
  1115:  3301831.300  3303853.300  3303888.300  3304005.300  3305440.300
  1120:  3306811.300  3306937.300  3306955.300  4134938.300  4134975.300
  1125:  4135141.300  4230885.100  4241874.300  4241970.300  4241994.300
  1130:  4242007.300  4242044.300  4242133.300  4242163.300  4242260.300
  1135:  4242308.300  4242432.300  4242951.300  4254415.300  4261610.300
  1140:  4263466.300  4263533.300  4264650.300  4264672.300  4264678.300
  1145:  4264701.300  4264716.300  4265529.300  4266385.300  4266542.300
  1150:  4266561.300  4266645.300  4266655.300  4272905.300  4274528.300
  1155:  4274847.300  4275053.300
D:
     0:        0.111     4026.600     6722.600     6919.600     7105.600
     5:    10922.650    12814.650    15530.250    15736.650    17461.650
    10:    17540.650    17835.650    17851.650    17865.650    18129.650
    15:    18420.650    19254.650    20268.650    20279.650    20309.650
    20:    24873.650    24891.650    24944.650    26438.650    29239.250
    25:    30064.250    30290.250    30477.650    30818.650    30837.650
    30:    30857.650    31014.650    32923.650    33314.650    38287.650
    35:    38483.650    38516.650    45325.650    45331.650    45588.650
    40:    45981.650    46019.650    46067.650    46406.650    46427.650
    45:    55121.650    57301.650    57512.650    58063.250    58318.650
    50:    58369.650    58446.650    58460.650    58521.650    59398.650
    55:    59966.250    60025.650    60161.650    60266.650    61935.250
    60:    62089.650    62097.650    62178.650    62203.650    62217.650
    65:    62383.650    62428.650    63079.250    63365.250    63587.650
    70:    74444.650    74457.650    80182.650    80264.650    80476.650
    75:    84427.650    84733.650    85561.650    87181.650    90078.650
    80:    90253.650    90394.650    90491.650    93871.650    94179.650
    85:    94211.650    94717.650    94810.650   100334.650   104458.400
    90:   104503.410   104552.410   104597.410   104646.410   104691.410
    95:   104740.410   104747.610   104777.610   104785.410   104790.610
   100:   104834.410   104879.410   104884.420   105703.600   105762.600
   105:   107496.600   107512.600   109200.600   109521.600   109825.600
   110:   109938.600   110060.600   110220.600   110354.600   110633.600
   115:   111362.600   111435.600   112224.600   112504.600   112791.600
   120:   112804.600   112868.600   114803.600   114984.600   117558.600
   125:   117655.600   120548.600   121436.600   121516.600   127914.600
   130:   128155.600   128613.600   129593.600   129625.600   129782.600
   135:   130191.600   130407.600   130451.600   130499.600   134304.600
   140:   135596.600   135644.600   136471.600   136557.600   139045.600
   145:   139166.600   139439.600   139579.600   139706.600   139785.600
   150:   139810.600   140187.600   140238.600   141815.600   142002.600
   155:   142035.600   149554.600   150745.600   151806.600   161761.600
   160:   161766.600   161775.600   161918.600   161989.600   162234.600
   165:   162500.600   162824.600   168875.600   178100.600   178149.600
   170:   178304.600   181134.600   182172.200   182621.200   183013.200
   175:   183200.600   183573.200   188265.600   188825.600   227945.600
   180:   230671.600   239935.200   256770.600   262232.600   263576.600
   185:   263714.600   264293.600   264488.600   265101.600   265722.600
   190:   265922.600   266059.600   267528.600   269908.600   270258.600
   195:   270905.600   272132.600   272196.600   272209.600   273831.600
   200:   274447.600   286908.600   287700.600   287801.600   288021.600
   205:   288507.600   288642.600   289185.600   289345.600   290115.600
   210:   290538.600   290723.600   290767.600   290875.600   290907.600
   215:   290986.600   291097.600   291132.600   291167.600   291341.600
   220:   291393.600   291458.600   291496.600   291526.600   291560.600
   225:   292366.600   292675.600   292717.600   292749.600   292795.600
   230:   292911.600   301035.600   301226.600   311161.600   312694.600
   235:   323291.200   323837.600   324001.600   324155.600   332067.600
   240:   332198.600   332232.600   332339.600   333671.600   335696.600
   245:   336033.600   339792.600   341831.600   342006.600   349034.600
   250:   349188.600   349225.600   349268.600   350094.600   364235.600
   255:   364311.600   365240.600   366907.600   375646.600   376030.600
   260:   376064.600   376134.600   376306.600   377999.600   378084.600
   265:   378213.600   378359.600   379703.600   379900.600   380041.600
   270:   380322.600   380486.600   380550.600   380736.600   380846.600
   275:   451835.600   452012.600   452962.600   453045.600   453081.600
   280:   453097.600   453113.600   453149.600   453221.600   453228.600
   285:   453232.600   453262.600   453267.600   453280.600   453303.600
   290:   453315.600   453338.600   453388.600   453406.600   453410.600
   295:   453423.600   453463.600   453481.600   453500.600   453518.600
   300:   453538.600   453672.600   453690.600   453721.600   463965.200
   305:   464117.600   464226.600   464484.600   472984.200   473026.200
   310:   473534.600   473608.600   477596.200   478008.600   478053.600
   315:   478206.600   478278.600   478311.600   499216.600   499448.600
   320:   499484.600   499534.600   499623.600   499709.600   500464.600
   325:   500501.600   510180.600   510416.600   514827.600   515797.600
   330:   515946.600   516483.600   516593.600   516738.600   518783.600
   335:   518812.600   519145.600   520565.600   520736.600   521254.600
   340:   522571.600   527435.600   529177.600   529442.600   530460.600
   345:   533423.600   541770.600   542734.600   543729.600   547997.600
   350:   548016.600   557596.600   559702.600   561608.600   561642.600
   355:   561689.600   571565.600   571691.600   574048.600   576208.600
   360:   642321.600   642525.600   643964.600   644400.600   644606.600
   365:   644746.600   644758.600   644942.600   644978.600   684644.600
   370:   684895.600   685427.600   687878.600   688125.600   688183.600
   375:   688230.600   688266.600   688316.600   688349.600   688384.600
   380:   688443.600   719450.600   721854.600   723957.600   724218.600
   385:   724396.600   727751.600   729046.600   729100.600   729639.600
   390:   729811.600   730042.600   731660.600   768891.600   769389.600
   395:   770324.600   770873.600   770979.600   770991.600   771608.600
   400:   822808.600   822834.600   822862.600   824695.600   865099.600
   405:   865152.600   865159.600   865232.600   865270.600   865296.600
   410:   865303.600   865368.600   865386.600   865804.600   865890.600
   415:   866008.600   866014.600   866173.600   866211.600   879830.600
   420:   879870.600   879881.600   879948.600   880007.600   880035.600
   425:   880239.600   880964.600   881020.600   881068.600   881078.600
   430:   881107.600   881143.600   881166.600   881180.600   881205.600
   435:   881224.600   881294.600   881331.600   881345.600   881381.600
   440:   881416.600   881435.600   881474.600   881480.600   881492.600
   445:   881512.600   881526.600   881565.600   881581.600   881597.600
   450:   881611.600   881616.600   881656.600   882295.600   983314.600
   455:   983396.600   987518.600   987529.600   987747.600   987976.600
   460:   988261.600   988464.600   988512.600   988582.600   988597.600
   465:   988652.600   988756.600   988787.600   988821.600   988826.600
   470:   988841.600   988925.600   989008.600   989726.600   993487.600
   475:   994312.600   994703.600   994981.600   995013.600   995118.600
   480:   995189.600   995238.600   995302.600   995338.600   995374.600
   485:   995424.600   995474.600   995524.600   995557.600   995607.600
   490:   995624.600   996044.600   996354.600   996681.600   996756.600
   495:  1027784.600  1028913.600  1108309.600  1108384.600  1108416.600
   500:  1109537.600  1122897.600  1122977.600  1123830.600  1125969.600
   505:  1126288.600  1126301.600  1126411.600  1126882.600  1126915.600
   510:  1126924.600  1126948.600  1128775.600  1130077.600  1130087.600
   515:  1130121.600  1130739.600  1131067.600  1131224.600  1131249.600
   520:  1131284.600  1131456.600  1131646.600  1131726.600  1131774.600
   525:  1131784.600  1131802.600  1131836.600  1131863.600  1131920.600
   530:  1131944.600  1131953.600  1132011.600  1132094.600  1132258.600
   535:  1132280.600  1132283.600  1132345.600  1132358.600  1132380.600
   540:  1132403.600  1132419.600  1132460.600  1132515.600  1132540.600
   545:  1132655.600  1132687.600  1132746.600  1132750.600  1133260.600
   550:  1133272.600  1133289.600  1133744.600  1134161.600  1134427.600
   555:  1134943.600  1135076.600  1135093.600  1135145.600  1138596.600
   560:  1138655.600  1138702.600  1138749.600  1138778.600  1138806.600
   565:  1138812.600  1138816.600  1138851.600  1138876.600  1138908.600
   570:  1138922.600  1138948.600  1142908.200  1143244.600  1143653.600
   575:  1143762.600  1143777.600  1143810.600  1143841.600  1143894.600
   580:  1149945.600  1165870.600  1167189.600  1169072.600  1169228.600
   585:  1169437.600  1169444.600  1169503.600  1172708.600  1173212.600
   590:  1173281.600  1173398.600  1198851.600  1198933.600  1199095.600
   595:  1199560.600  1199597.600  1199682.600  1199699.600  1200385.600
   600:  1200425.600  1200483.600  1200525.600  1218746.600  1218764.600
   605:  1218793.600  1218807.600  1218864.600  1218883.600  1218898.600
   610:  1218915.600  1218933.600  1218949.600  1218958.600  1218976.600
   615:  1220505.600  1220650.600  1220684.600  1220719.600  1221098.600
   620:  1222098.600  1222524.600  1222645.600  1222697.600  1225388.600
   625:  1225717.600  1227223.600  1229304.600  1229492.600  1229536.600
   630:  1229569.600  1229583.600  1229600.600  1230291.600  1231243.600
   635:  1231650.600  1231796.600  1231887.600  1231899.600  1231939.600
   640:  1232003.600  1232061.600  1232110.600  1242080.600  1255596.600
   645:  1258857.600  1258983.600  1259659.600  1259737.600  1260625.600
   650:  1260865.600  1261981.600  1263997.600  1264251.600  1268321.600
   655:  1268494.600  1268555.600  1268688.600  1268741.600  1268768.600
   660:  1268790.600  1268825.600  1268875.600  1269178.600  1269903.600
   665:  1269950.600  1269998.600  1270408.600  1270687.600  1270700.600
   670:  1270719.600  1270755.600  1270769.600  1270787.600  1270800.600
   675:  1270819.600  1270834.600  1271708.600  1271757.600  1272573.600
   680:  1272605.600  1272640.600  1272844.600  1272893.600  1334948.600
   685:  1335067.600  1335806.600  1338142.600  1338767.600  1338820.600
   690:  1338884.600  1338894.600  1339695.600  1339954.600  1340041.600
   695:  1340107.600  1342738.600  1347847.600  1348612.600  1348648.600
   700:  1348718.600  1348906.600  1348982.600  1349244.600  1350130.600
   705:  1350659.600  1354100.600  1355871.600  1355964.600  1356049.600
   710:  1356068.600  1356086.600  1356125.600  1356140.600  1356160.600
   715:  1356176.600  1356214.600  1356229.600  1356264.600  1356280.600
   720:  1356298.600  1356314.600  1356349.600  1382860.600  1383280.600
   725:  1383312.600  1383348.600  1383473.600  1383505.600  1383539.600
   730:  1384234.600  1385598.600  1386667.600  1388245.600  1390633.600
   735:  1390729.600  1390831.600  1392092.600  1393662.600  1396295.600
   740:  1396387.600  1396458.600  1396562.600  1396597.600  1396631.600
   745:  1396786.600  1396818.600  1396852.600  1396888.600  1396926.600
   750:  1396960.600  1397041.600  1397250.600  1401300.600  1401598.600
   755:  1401668.600  1403456.600  1404176.600  1404337.600  1407321.600
   760:  1407456.600  1407594.600  1407727.600  1407778.600  1407809.600
   765:  1407836.600  1407872.600  1407904.600  1407967.600  1409731.600
   770:  1409923.600  1409987.600  1410314.600  1413907.600  1414046.600
   775:  1414599.600  1414736.600  1417188.600  1417715.600  1417744.600
   780:  1417794.600  1418447.600  1419097.600  1419854.600  1419966.600
   785:  1423076.600  1423918.600  1424967.600  1425208.600  1430272.600
   790:  1430673.600  1430987.600  1432965.600  1433781.600  1433812.600
   795:  1436270.600  1469097.600  1470970.600  1471928.600  1471991.600
   800:  1472119.600  1472751.600  1473325.600  1473705.600  1478835.600
   805:  1478905.600  1479043.600  1479077.600  1479179.600  1479456.600
   810:  1479598.600  1479981.600  1484252.600  1484322.600  1484353.600
   815:  1484381.600  1484397.600  1484416.600  1484427.600  1484445.600
   820:  1484463.600  1484476.600  1484511.600  1484546.600  1484640.600
   825:  1484646.600  1484685.600  1484721.600  1484737.600  1484793.600
   830:  1484806.600  1484855.600  1484998.600  1485018.600  1485032.600
   835:  1485055.600  1500709.200  1509789.600  1509955.600  1509988.600
   840:  1510022.600  1510078.600  1510134.600  1510165.600  1510201.600
   845:  1510211.600  1517834.600  1524056.600  1524466.600  1524749.600
   850:  1525811.600  1525861.600  1525871.600  1525906.600  1526292.600
   855:  1526741.600  1555635.600  1555997.600  1579523.600  1579675.600
   860:  1585816.600  1590789.600  1591040.600  1592708.600  1592840.600
   865:  1593014.600  1593043.600  1593837.600  1593993.600  1594141.600
   870:  1594506.600  1594553.600  1594753.600  1622408.600  1622444.600
   875:  1622586.600  1629571.600  1629691.600  1645321.600  1645352.600
   880:  1646258.600  1646809.600  1646965.600  1647059.600  1647108.600
   885:  1647173.600  1648348.600  1648445.600  1648745.600  1648840.600
   890:  1649026.600  1649209.600  1649356.600  1649548.600  1657767.200
   895:  1685202.600  1685324.600  1689084.600  1689138.600  1691057.600
   900:  1691887.600  1692034.600  1694410.600  1731965.600  1731997.600
   905:  1732234.600  1732290.600  1733638.600  1733725.600  1735247.600
   910:  1735263.600  1735295.600  1735456.600  1735509.600  1740207.600
   915:  1740285.600  1741298.600  1742295.600  1742452.600  1743167.600
   920:  1743365.600  1743902.600  1744104.600  1744823.600  1745044.600
   925:  1745061.600  1745261.600  1746278.600  1747413.600  1747944.600
   930:  1748028.600  1749914.600  1750027.600  1750846.600  1752848.600
   935:  1758203.200  1758339.200  1759409.600  1760021.600  1760112.600
   940:  1760652.600  1760729.600  1760761.600  1760852.600  1795612.600
   945:  1796487.600  1796680.600  1796763.600  1796795.600  1796829.600
   950:  1796865.600  1796882.600  1796910.600  1796956.600  1797956.600
   955:  1798657.600  1799616.600  1811172.600  1811229.600  1811292.600
   960:  1811578.600  1811641.600  1811707.600  1811743.600  1811759.600
   965:  1811806.600  1821018.600  1822068.600  1822100.600  1822915.600
   970:  1823563.600  1823685.600  1823934.600  1824104.600  1824211.600
   975:  1825627.600  1825705.600  1825954.600  1827562.600  1827788.600
   980:  1827870.600  1827900.600  1828548.600  1829218.600  1872585.200
   985:  1879400.600  1879755.600  1880400.600  1881003.600  1881303.600
   990:  1987465.600  1987785.600  1988137.600  1990633.600  1991364.600
   995:  2018024.600  2019316.600  2021299.600  2021356.600  2022077.600
  1000:  2032841.600  2032942.600  2045403.200  2045687.200  2046502.200
  1005:  2046988.600  2047229.600  2047633.600  2047781.600  2047844.600
  1010:  2047886.600  2047890.600  2047941.600  2047961.600  2048023.600
  1015:  2048070.600  2048110.600  2048151.600  2048160.600  2048192.600
  1020:  2048212.600  2048312.600  2104092.600  2104202.600  2104212.600
  1025:  2107112.600  2108041.600  2108281.600  2108388.600  2108470.600
  1030:  2108506.600  2108523.600  2108545.600  2108565.600  2108585.600
  1035:  2108602.600  2108620.600  2108635.600  2108653.600  2108671.600
  1040:  2108688.600  2108693.600  2108711.600  2108720.600  2108846.600
  1045:  2108878.600  2108898.600  2108974.600  2109011.600  2109047.600
  1050:  2109106.600  2109777.600  2115395.600  2186671.600  2188304.600
  1055:  2188479.600  2188692.600  2192498.200  2192922.200  2193254.200
  1060:  2193881.600  2194359.600  2194685.600  2195118.600  2195300.600
  1065:  2195593.600  2195635.600  2195655.600  2195751.600  2195987.600
  1070:  2221239.200  2295092.600  2296345.600  2302051.600  2302157.600
  1075:  2302300.600  2307699.600  2307974.600  2309062.600  2311246.600
  1080:  2311301.600  2312744.600  2313474.600  2314702.600  2332609.200
  1085:  2332718.200  2333694.600  2333779.600  2335025.600  2701809.600
  1090:  2702085.600  2892138.600  2892190.600  2892233.600  2892353.600
  1095:  2892377.600  2892397.600  2892421.600  2892442.600  2892486.600
  1100:  2914371.200  2926742.600  2926969.600  2942267.200  2972371.600
  1105:  2973637.600  2973709.600  2973789.600  2973918.600  3005352.600
  1110:  3006234.600  3006308.600  3009175.600  3009698.600  3010443.600
  1115:  3011927.600  3011930.600  3012283.600  3012286.600  3012527.600
  1120:  3014269.600  3014399.600  3014423.600  3014439.600  3014455.600
  1125:  3014458.600  3014489.600  3014507.600  3014527.600  3014551.600
  1130:  3014600.600  3015025.600  3015064.600  3015081.600  3016049.600
  1135:  3016062.600  3016122.600  3016471.600  3016489.600  3016526.600
  1140:  3016575.600  3016616.600  3017439.600  3017457.600  3017716.600
  1145:  3017744.600  3017887.600  3017922.600  3018911.600  3024359.600
  1150:  3025592.600  3025910.600  3026987.600  3029314.600  3040186.600
  1155:  3053894.600  3060007.200  3060094.200  3069189.600  3069227.600
  1160:  3069250.600  3069258.600  3069344.600  3091098.200  3128620.600
  1165:  3128644.600  3130166.600  3221144.600  3221161.600  3221298.600
  1170:  3221366.600  3221405.600  3221451.600  3221497.600  3221510.600
  1175:  3221549.600  3221588.600  3221629.600  3221662.600  3221743.600
  1180:  3221784.600  3221816.600  3221931.600  3221943.600  3222474.600
  1185:  3225222.600  3225234.600  3237825.600  3238426.600  3238486.600
  1190:  3238564.600  3238779.600  3238825.600  3238884.600  3253283.200
  1195:  3257127.200  3257151.200  3265712.200  3298000.200  3299197.600
  1200:  3299375.600  3299411.600  3299557.600  3300221.600  3302257.600
  1205:  3304279.600  3304314.600  3304431.600  3305866.600  3307237.600
  1210:  3307363.600  3307381.600  4135364.600  4135401.600  4135567.600
  1215:  4231311.200  4242300.600  4242396.600  4242420.600  4242433.600
  1220:  4242470.600  4242559.600  4242589.600  4242686.600  4242734.600
  1225:  4242858.600  4243377.600  4254841.600  4262036.600  4263892.600
  1230:  4263959.600  4265076.600  4265098.600  4265104.600  4265127.600
  1235:  4265142.600  4265955.600  4266811.600  4266968.600  4266987.600
  1240:  4267071.600  4267081.600  4273331.600  4274954.600  4275273.600
  1245:  4275479.600  4320426.999
E:
     0:        5.200       16.300       28.800       43.200       59.900
     5:       80.100      105.300      139.300      191.600      330.300
F:
     0:        0.000        0.000        0.000        0.000        0.000
     5:        0.000
L:
     0:      288.000
M:
     0:        0.000        0.000        0.000        0.000        0.000
     5:        0.000
