File: C:\MED-PC IV\DATA\!2023-03-01_18h38m.Subject DF27


Start Date: 03/01/23
End Date: 03/02/23
Subject: DF27
Experiment: delayed_acquisition
Group: 1
Box: 7
Start Time: 18:38:33
End Time:  7:00:17
MSN: Delayed_Acquisition2_w_magmacro
G:       0.000
H:       0.000
I:       0.000
J:       0.000
K:       0.000
N:       0.000
O:       0.000
P:       0.000
Q:       0.000
R:       0.000
S:       0.000
T:       0.000
U:       0.000
V:       0.000
W:       0.000
X:       0.000
Y:       0.000
Z:       0.000
A:
     0:        2.000       60.000  4320000.000        1.000        0.000
     5:        1.000    96000.000        0.000       10.000        0.000
    10:        0.000        0.000        0.000        0.000        0.000
    15:        0.000        0.000        0.000        0.000        0.000
    20:        0.000        0.000        0.000        0.000        0.000
    25:        0.000        0.000        0.000        0.000        0.000
    30:        0.000        0.000        0.000        0.000        0.000
    35:        0.000        0.000        0.000        0.000        0.000
    40:        0.000        0.000        0.000        0.000        0.000
    45:        0.000        0.000        0.000        0.000        0.000
    50:        0.000        0.000        0.000        0.000        0.000
    55:        0.000        0.000        0.000        0.000        0.000
    60:        0.000        0.000        0.000        0.000        0.000
    65:        0.000        0.000        0.000        0.000        0.000
    70:        0.000        0.000        0.000        0.000        0.000
    75:        0.000        0.000        0.000        0.000        0.000
    80:        0.000        0.000        0.000        0.000        0.000
    85:        0.000        0.000        0.000        0.000        0.000
    90:        0.000        0.000        0.000        0.000        0.000
    95:        0.000        0.000        0.000        0.000        0.000
   100:        0.000
B:
     0:  4320000.000  4323834.000        1.000        9.000        0.000
     5:        0.000        0.000        9.000      521.000      632.000
    10:        0.000      422.000       16.000       11.000       73.000
    15:        0.000        9.000        0.000        0.000        0.000
    20:        0.000        0.000        0.000        0.000        0.000
    25:        0.000        0.000        0.000        0.000        0.000
    30:        0.848        0.000        0.000       90.000        0.000
    35:        0.000        0.000        0.000        0.000        0.000
    40:        0.000        0.000        0.000        0.000        0.000
    45:        0.000        0.000        0.000        0.000        0.000
    50:        0.000        0.000        0.000        0.000        0.000
    55:        0.000        0.000        0.000        0.000        0.000
    60:        0.000        0.000        0.000        0.000        0.000
    65:        0.000        0.000        0.000        0.000        0.000
    70:        0.000        0.000        0.000        0.000        0.000
    75:        0.000        0.000        0.000        0.000        0.000
    80:        0.000        0.000        0.000        0.000        0.000
    85:        0.000        0.000        0.000        0.000        0.000
    90:        0.000        0.000        0.000        0.000        0.000
    95:        0.000        0.000        0.000        0.000        0.000
   100:        0.000
C:
     0:     1372.100    97373.200    97373.200    97373.200    97373.200
     5:    97373.200    97373.200    97373.200    97373.200    97373.200
    10:    97373.200   101680.300   101699.300   101911.300   102112.300
    15:   102122.300   102158.300   102200.300   102286.300   102294.300
    20:   102456.300   102685.300   102734.300   102783.300   102806.300
    25:   102832.300   102834.300   102836.300   102865.300   103007.300
    30:   103101.300   103143.300   103211.300   103291.300   104378.300
    35:   105141.300   105814.300   105897.300   106109.300   106150.300
    40:   106198.300   106363.300   106393.300   106504.300   106736.300
    45:   107620.300   107876.300   108264.300   108558.300   108647.300
    50:   108683.300   120200.300   128373.300   128640.300   132893.300
    55:   132928.300   132957.300   133005.300   133023.300   162905.300
    60:   183660.300   189629.300   223488.300   290878.300   297521.300
    65:   297603.300   297718.300   310896.300   311179.300   426734.300
    70:   426776.300   433301.300   436896.300   437035.300   437952.300
    75:   439293.300   439328.300   439435.300   496692.300   496959.300
    80:   500686.300   605260.300   613048.300   613057.300   613092.300
    85:   613226.300   613355.300   613395.300   627891.300   694814.300
    90:   748154.300   759346.300   760498.100   856499.200   856499.200
    95:   856499.200   856499.200   856499.200   856499.200   856499.200
   100:   856499.200   856499.200   856499.200   856839.300   856847.300
   105:   856854.300   856862.300   856876.300   856881.300   857127.300
   110:   857656.300   857907.300   858446.300   858909.300   861624.300
   115:   862437.300   862880.300   863557.300   863838.300   863867.300
   120:   863878.300   863897.300   863908.300   864129.300   864160.300
   125:   864192.300   864237.300   864739.300   864835.300   865129.300
   130:   865213.300   865249.300   865340.300   865421.300   865480.300
   135:   865624.300   866083.300   992288.300   992382.300  1049993.300
   140:  1050038.300  1105688.300  1144774.300  1148468.300  1246421.300
   145:  1254413.300  1254434.300  1254463.300  1254648.300  1295935.300
   150:  1398490.300  1404142.300  1406974.300  1407170.300  1407209.300
   155:  1414490.300  1414565.300  1464178.300  1464208.300  1466011.100
   160:  1562012.200  1562012.200  1562012.200  1562012.200  1562012.200
   165:  1562012.200  1562012.200  1562012.200  1562012.200  1562012.200
   170:  1567176.300  1567182.300  1567202.300  1567369.300  1567391.300
   175:  1567403.300  1567416.300  1567441.300  1569455.300  1571112.300
   180:  1571379.300  1571822.300  1572656.300  1573142.300  1574615.300
   185:  1574665.300  1574877.300  1574919.300  1574983.300  1575081.300
   190:  1575102.300  1575427.300  1575451.300  1575892.300  1575942.300
   195:  1576037.300  1576301.300  1586687.300  1587021.300  1587043.300
   200:  1587064.300  1587088.300  1587108.300  1587128.300  1587181.300
   205:  1587223.300  1587247.300  1587292.300  1587312.300  1587349.300
   210:  1587499.300  1587533.300  1587548.300  1587753.300  1587767.300
   215:  1632311.300  1632461.300  1644180.300  1644398.300  1644601.300
   220:  1661288.300  1668812.300  1760242.300  1760299.300  1761991.300
   225:  1801223.300  1802268.300  1802323.300  1806182.300  1806339.300
   230:  1807759.100  1903760.200  1903760.200  1903760.200  1903760.200
   235:  1903760.200  1903760.200  1903760.200  1903760.200  1903760.200
   240:  1903760.200  1904412.300  1904805.300  1904826.300  1904851.300
   245:  1904873.300  1904913.300  1904959.300  1905187.300  1905469.300
   250:  1907549.300  1909583.300  1909592.300  1910302.300  1910703.300
   255:  1911794.300  1924434.300  2099367.300  2103007.100  2199008.200
   260:  2199008.200  2199008.200  2199008.200  2199008.200  2199008.200
   265:  2199008.200  2199008.200  2199008.200  2199008.200  2200053.300
   270:  2200195.300  2200406.300  2201773.300  2203729.300  2204339.300
   275:  2204365.300  2205263.300  2205279.300  2205645.300  2205661.300
   280:  2205958.300  2206797.300  2220219.300  2229917.300  2230429.300
   285:  2247423.300  2248680.100  2344681.200  2344681.200  2344681.200
   290:  2344681.200  2344681.200  2344681.200  2344681.200  2344681.200
   295:  2344681.200  2344681.200  2344959.300  2345269.300  2345322.300
   300:  2345589.300  2345596.300  2347742.300  2349983.300  2349997.300
   305:  2350038.300  2350338.300  2352203.300  2352672.300  2352690.300
   310:  2361381.300  2379588.100  2475589.200  2475589.200  2475589.200
   315:  2475589.200  2475589.200  2475589.200  2475589.200  2475589.200
   320:  2475589.200  2475589.200  2475848.300  2478576.300  2478999.300
   325:  2479027.300  2479032.300  2479445.300  2480793.300  2480932.300
   330:  2480969.300  2481918.300  2481929.300  2482147.300  2482160.300
   335:  2482177.300  2482192.300  2482204.300  2482273.300  2482295.300
   340:  2482363.300  2482667.300  2483011.300  2483018.300  2483045.300
   345:  2483093.300  2483103.300  2483435.300  2486407.300  2486507.300
   350:  2486766.300  2486913.300  2486926.300  2486983.300  2535726.300
   355:  2537015.300  2547916.300  2547956.300  2547990.300  2548088.300
   360:  2549650.300  2549681.300  2554387.300  2575749.300  2621322.300
   365:  2703420.300  2703570.300  2705569.300  2709387.300  2771263.300
   370:  2771292.300  2777331.300  2783621.300  2783909.300  2783919.300
   375:  2784048.300  2807852.300  2821824.300  2821873.300  2924072.300
   380:  2924112.300  2924152.300  2924980.300  2930358.300  2931511.100
   385:  3027512.200  3027512.200  3027512.200  3027512.200  3027512.200
   390:  3027512.200  3027512.200  3027512.200  3027512.200  3027512.200
   395:  3028120.300  3028124.300  3028129.300  3028152.300  3028174.300
   400:  3028216.300  3028238.300  3028241.300  3028264.300  3028291.300
   405:  3028310.300  3028352.300  3028358.300  3028382.300  3028394.300
   410:  3028404.300  3028426.300  3028446.300  3028465.300  3029971.300
   415:  3029979.300  3030792.300  3030812.300  3030838.300  3030879.300
   420:  3030900.300  3030918.300  3030939.300  3030960.300  3030978.300
   425:  3031001.300  3031020.300  3031039.300  3031056.300  3031068.300
   430:  3031075.300  3033059.300  3033081.300  3033544.300  3033809.300
   435:  3033835.300  3034326.300  3036805.300  3037159.300  3037169.300
   440:  3037194.300  3037261.300  3037266.300  3037272.300  3037278.300
   445:  3037283.300  3037297.300  3047593.300  3047688.300  3048129.300
   450:  3048143.300  3048354.300  3048361.300  3048368.300  3048386.300
   455:  3048398.300  3048406.300  3048482.300  3048595.300  3110438.300
   460:  3110538.300  3110563.300  3110605.300  3110636.300  3110642.300
   465:  3136604.300  3195244.300  3215581.300  3252447.300  3252483.300
   470:  3257776.300  3295073.300  3295103.300  3295133.300  3318453.300
   475:  3388229.300  3391523.300  3392033.300  3392516.300  3392716.300
   480:  3403027.100  3499028.200  3499028.200  3499028.200  3499028.200
   485:  3499028.200  3499028.200  3499028.200  3499028.200  3499028.200
   490:  3499028.200  3500019.300  3500044.300  3500061.300  3500106.300
   495:  3500117.300  3500124.300  3500145.300  3500170.300  3500184.300
   500:  3500206.300  3500480.300  3500776.300  3501446.300  3501828.300
   505:  3503694.300  3504165.300  3504336.300  3504775.300  3505903.300
   510:  3610362.300  4041754.300  4041819.300  4041828.300  4175993.300
   515:  4176005.300  4176220.300  4176280.300  4176314.300  4262997.300
   520:  4271300.300
D:
     0:        0.111     1372.200     4229.650    10117.250    10201.250
     5:    15064.650    15364.650    15471.650    15507.650    15568.650
    10:    15589.650    15643.650    15662.650    15786.650    15838.650
    15:    16097.650    16670.650    44031.650    56635.650    56967.250
    20:    57281.250    57451.250    57510.250    61557.650    61701.650
    25:    61744.650    61772.650    61808.650    61840.650    62329.650
    30:    62340.650    62435.650    72744.650    72838.650    86540.650
    35:    86569.650    97373.400    97418.410    97467.410    97490.610
    40:    97500.610    97512.410    97561.410    97606.410    97655.410
    45:    97700.410    97749.410    97794.410    97799.420   102106.600
    50:   102125.600   102337.600   102538.600   102548.600   102584.600
    55:   102626.600   102712.600   102720.600   102882.600   103111.600
    60:   103160.600   103209.600   103232.600   103258.600   103260.600
    65:   103262.600   103291.600   103433.600   103527.600   103569.600
    70:   103637.600   103717.600   104804.600   105567.600   106240.600
    75:   106323.600   106535.600   106576.600   106624.600   106789.600
    80:   106819.600   106930.600   107162.600   108046.600   108302.600
    85:   108690.600   108984.600   109073.600   109109.600   120626.600
    90:   128799.600   129066.600   133319.600   133354.600   133383.600
    95:   133431.600   133449.600   163331.600   184086.600   190055.600
   100:   223914.600   291304.600   297947.600   298029.600   298144.600
   105:   311322.600   311605.600   427160.600   427202.600   433727.600
   110:   437322.600   437461.600   438378.600   439719.600   439754.600
   115:   439861.600   497118.600   497385.600   501112.600   605686.600
   120:   613474.600   613483.600   613518.600   613652.600   613781.600
   125:   613821.600   628317.600   695240.600   748580.600   759772.600
   130:   760924.200   761966.650   762155.650   769787.650   769819.650
   135:   769911.650   770058.650   770762.650   832969.650   856925.400
   140:   856970.410   857019.410   857064.410   857077.610   857113.410
   145:   857158.410   857207.410   857252.410   857301.410   857346.410
   150:   857351.420   857691.600   857699.600   857706.600   857714.600
   155:   857728.600   857733.600   857979.600   858508.600   858759.600
   160:   859298.600   859761.600   862476.600   863289.600   863732.600
   165:   864409.600   864690.600   864719.600   864730.600   864749.600
   170:   864760.600   864981.600   865012.600   865044.600   865089.600
   175:   865591.600   865687.600   865981.600   866065.600   866101.600
   180:   866192.600   866273.600   866332.600   866476.600   866935.600
   185:   993140.600   993234.600  1050845.600  1050890.600  1106540.600
   190:  1145626.600  1149320.600  1247273.600  1255265.600  1255286.600
   195:  1255315.600  1255500.600  1296787.600  1399342.600  1404994.600
   200:  1407826.600  1408022.600  1408061.600  1415342.600  1415417.600
   205:  1465030.600  1465060.600  1466863.200  1467129.250  1518531.650
   210:  1549536.650  1562864.400  1562901.610  1562909.410  1562958.410
   215:  1563003.410  1563052.410  1563097.410  1563146.410  1563191.410
   220:  1563240.410  1563285.410  1563290.420  1568454.600  1568460.600
   225:  1568480.600  1568647.600  1568669.600  1568681.600  1568694.600
   230:  1568719.600  1570733.600  1572390.600  1572657.600  1573100.600
   235:  1573934.600  1574420.600  1575893.600  1575943.600  1576155.600
   240:  1576197.600  1576261.600  1576359.600  1576380.600  1576705.600
   245:  1576729.600  1577170.600  1577220.600  1577315.600  1577579.600
   250:  1587965.600  1588299.600  1588321.600  1588342.600  1588366.600
   255:  1588386.600  1588406.600  1588459.600  1588501.600  1588525.600
   260:  1588570.600  1588590.600  1588627.600  1588777.600  1588811.600
   265:  1588826.600  1589031.600  1589045.600  1633589.600  1633739.600
   270:  1645458.600  1645676.600  1645879.600  1662566.600  1670090.600
   275:  1761520.600  1761577.600  1763269.600  1802501.600  1803546.600
   280:  1803601.600  1807460.600  1807617.600  1809037.200  1905038.400
   285:  1905083.410  1905119.610  1905132.410  1905177.410  1905226.410
   290:  1905271.410  1905320.410  1905339.610  1905358.610  1905365.410
   295:  1905373.610  1905375.610  1905402.610  1905414.410  1905423.610
   300:  1905459.410  1905464.420  1906116.600  1906509.600  1906530.600
   305:  1906555.600  1906577.600  1906617.600  1906663.600  1906891.600
   310:  1907173.600  1909253.600  1911287.600  1911296.600  1912006.600
   315:  1912407.600  1913498.600  1926138.600  2101071.600  2104711.200
   320:  2105612.650  2105650.650  2123580.650  2123588.650  2123760.650
   325:  2148371.650  2159329.250  2159394.250  2159609.650  2159814.650
   330:  2159872.650  2200712.400  2200757.410  2200806.410  2200812.610
   335:  2200851.410  2200900.410  2200945.410  2200994.410  2201039.410
   340:  2201088.410  2201133.410  2201138.420  2202183.600  2202325.600
   345:  2202536.600  2203903.600  2205859.600  2206469.600  2206495.600
   350:  2207393.600  2207409.600  2207775.600  2207791.600  2208088.600
   355:  2208927.600  2222349.600  2232047.600  2232559.600  2249553.600
   360:  2250810.200  2251109.650  2251147.650  2251668.650  2254488.650
   365:  2254659.650  2254838.650  2255265.650  2255444.650  2255837.650
   370:  2255858.650  2346811.400  2346856.410  2346887.610  2346905.410
   375:  2346950.410  2346999.410  2347044.410  2347093.410  2347138.410
   380:  2347187.410  2347232.410  2347237.420  2347515.600  2347825.600
   385:  2347878.600  2348145.600  2348152.600  2350298.600  2352539.600
   390:  2352553.600  2352594.600  2352894.600  2354759.600  2355228.600
   395:  2355246.600  2363937.600  2382144.200  2382674.650  2382710.650
   400:  2383228.650  2478145.400  2478190.410  2478219.610  2478239.410
   405:  2478284.410  2478333.410  2478378.410  2478427.410  2478472.410
   410:  2478521.410  2478566.410  2478571.420  2478830.600  2481558.600
   415:  2481981.600  2482009.600  2482014.600  2482427.600  2483775.600
   420:  2483914.600  2483951.600  2484900.600  2484911.600  2485129.600
   425:  2485142.600  2485159.600  2485174.600  2485186.600  2485255.600
   430:  2485277.600  2485345.600  2485649.600  2485993.600  2486000.600
   435:  2486027.600  2486075.600  2486085.600  2486417.600  2489389.600
   440:  2489489.600  2489748.600  2489895.600  2489908.600  2489965.600
   445:  2538708.600  2539997.600  2550898.600  2550938.600  2550972.600
   450:  2551070.600  2552632.600  2552663.600  2557369.600  2578731.600
   455:  2624304.600  2706402.600  2706552.600  2708551.600  2712369.600
   460:  2774245.600  2774274.600  2780313.600  2786603.600  2786891.600
   465:  2786901.600  2787030.600  2810834.600  2824806.600  2824855.600
   470:  2927054.600  2927094.600  2927134.600  2927962.600  2933340.600
   475:  2934493.200  2934597.250  2943951.650  2944143.650  2944329.650
   480:  2951104.650  2951133.650  3030494.400  3030539.410  3030574.610
   485:  3030588.410  3030633.410  3030682.410  3030727.410  3030776.410
   490:  3030821.410  3030870.410  3030915.410  3030920.420  3031528.600
   495:  3031532.600  3031537.600  3031560.600  3031582.600  3031624.600
   500:  3031646.600  3031649.600  3031672.600  3031699.600  3031718.600
   505:  3031760.600  3031766.600  3031790.600  3031802.600  3031812.600
   510:  3031834.600  3031854.600  3031873.600  3033379.600  3033387.600
   515:  3034200.600  3034220.600  3034246.600  3034287.600  3034308.600
   520:  3034326.600  3034347.600  3034368.600  3034386.600  3034409.600
   525:  3034428.600  3034447.600  3034464.600  3034476.600  3034483.600
   530:  3036467.600  3036489.600  3036952.600  3037217.600  3037243.600
   535:  3037734.600  3040213.600  3040567.600  3040577.600  3040602.600
   540:  3040669.600  3040674.600  3040680.600  3040686.600  3040691.600
   545:  3040705.600  3051001.600  3051096.600  3051537.600  3051551.600
   550:  3051762.600  3051769.600  3051776.600  3051794.600  3051806.600
   555:  3051814.600  3051890.600  3052003.600  3113846.600  3113946.600
   560:  3113971.600  3114013.600  3114044.600  3114050.600  3140012.600
   565:  3198652.600  3218989.600  3255855.600  3255891.600  3261184.600
   570:  3298481.600  3298511.600  3298541.600  3321861.600  3391637.600
   575:  3394931.600  3395441.600  3395924.600  3396124.600  3406435.200
   580:  3407097.250  3407585.650  3411860.650  3411897.650  3412442.650
   585:  3458605.650  3461950.650  3466963.650  3481619.650  3502436.400
   590:  3502481.410  3502491.610  3502530.410  3502575.410  3502624.410
   595:  3502669.410  3502718.410  3502763.410  3502812.410  3502857.410
   600:  3502862.420  3503853.600  3503878.600  3503895.600  3503940.600
   605:  3503951.600  3503958.600  3503979.600  3504004.600  3504018.600
   610:  3504040.600  3504314.600  3504610.600  3505280.600  3505662.600
   615:  3507528.600  3507999.600  3508170.600  3508609.600  3509737.600
   620:  3614196.600  4045588.600  4045653.600  4045662.600  4179827.600
   625:  4179839.600  4180054.600  4180114.600  4180148.600  4266831.600
   630:  4275134.600  4323834.999
E:
     0:        5.200       16.300       28.800       43.200       59.900
     5:       80.100      105.300      139.300      191.600      330.300
F:
     0:        0.000        0.000        0.000        0.000        0.000
     5:        0.000
L:
     0:      116.000      151.000       36.000       80.000       99.000
     5:       75.000       73.000       79.000       54.000
M:
     0:        0.000        0.000        0.000        0.000        0.000
     5:        0.000
