File: C:\MED-PC IV\DATA\!2023-03-01_18h38m.Subject DF28


Start Date: 03/01/23
End Date: 03/02/23
Subject: DF28
Experiment: delayed_acquisition
Group: 1
Box: 8
Start Time: 18:38:34
End Time:  7:00:17
MSN: Delayed_Acquisition2_w_magmacro
G:       0.000
H:       0.000
I:       0.000
J:       0.000
K:       0.000
N:       0.000
O:       0.000
P:       0.000
Q:       0.000
R:       0.000
S:       0.000
T:       0.000
U:       0.000
V:       0.000
W:       0.000
X:       0.000
Y:       0.000
Z:       0.000
A:
     0:        2.000       60.000  4320000.000        2.000        0.000
     5:        1.000    96000.000        0.000       10.000        0.000
    10:        0.000        0.000        0.000        0.000        0.000
    15:        0.000        0.000        0.000        0.000        0.000
    20:        0.000        0.000        0.000        0.000        0.000
    25:        0.000        0.000        0.000        0.000        0.000
    30:        0.000        0.000        0.000        0.000        0.000
    35:        0.000        0.000        0.000        0.000        0.000
    40:        0.000        0.000        0.000        0.000        0.000
    45:        0.000        0.000        0.000        0.000        0.000
    50:        0.000        0.000        0.000        0.000        0.000
    55:        0.000        0.000        0.000        0.000        0.000
    60:        0.000        0.000        0.000        0.000        0.000
    65:        0.000        0.000        0.000        0.000        0.000
    70:        0.000        0.000        0.000        0.000        0.000
    75:        0.000        0.000        0.000        0.000        0.000
    80:        0.000        0.000        0.000        0.000        0.000
    85:        0.000        0.000        0.000        0.000        0.000
    90:        0.000        0.000        0.000        0.000        0.000
    95:        0.000        0.000        0.000        0.000        0.000
   100:        0.000
B:
     0:  4320000.000  4323834.000        1.000        9.000        0.000
     5:        0.000        0.000        9.000      521.000      646.000
    10:        0.000      422.000       10.000        3.000      101.000
    15:        0.000        9.000        0.000        0.000        0.000
    20:        0.000        0.000        0.000        0.000        0.000
    25:        0.000        0.000        0.000        0.000        0.000
    30:        1.408        0.000        0.000       90.000        0.000
    35:        0.000        0.000        0.000        0.000        0.000
    40:        0.000        0.000        0.000        0.000        0.000
    45:        0.000        0.000        0.000        0.000        0.000
    50:        0.000        0.000        0.000        0.000        0.000
    55:        0.000        0.000        0.000        0.000        0.000
    60:        0.000        0.000        0.000        0.000        0.000
    65:        0.000        0.000        0.000        0.000        0.000
    70:        0.000        0.000        0.000        0.000        0.000
    75:        0.000        0.000        0.000        0.000        0.000
    80:        0.000        0.000        0.000        0.000        0.000
    85:        0.000        0.000        0.000        0.000        0.000
    90:        0.000        0.000        0.000        0.000        0.000
    95:        0.000        0.000        0.000        0.000        0.000
   100:        0.000
C:
     0:     4298.300     7716.100   103717.200   103717.200   103717.200
     5:   103717.200   103717.200   103717.200   103717.200   103717.200
    10:   103717.200   103717.200   107251.300   107758.300   108036.300
    15:   108039.300   108056.300   108074.300   108377.300   114694.300
    20:   114748.300   115143.300   115213.300   115633.300   125354.300
    25:   147857.300   148806.300   168216.300   168726.300   169107.300
    30:   195274.300   196828.300   197310.300   202939.300   210197.300
    35:   210896.300   211428.300   216823.300   217674.300   217695.300
    40:   217731.300   244164.300   244294.300   245923.300   245952.300
    45:   246010.300   260038.300   260163.300   260938.300   261082.300
    50:   270000.300   270036.300   271896.300   278376.300   278417.300
    55:   278611.300   278669.300   278706.300   278913.300   278936.300
    60:   278960.300   278979.300   279040.300   279104.300   279553.300
    65:   289030.300   296989.300   297089.300   297098.300   297119.300
    70:   335962.300   359879.300   359922.300   361585.300   389966.300
    75:   390024.300   390797.300   392208.300   392229.300   392279.300
    80:   392348.300   392595.300   401649.300   401822.300   401847.300
    85:   402826.300   411736.300   417482.300   468960.300   468972.300
    90:   469674.300   545312.300   545425.300   583810.300   583975.300
    95:   588801.300   589234.300   589290.300   594787.300   594861.300
   100:   606057.100   702058.200   702058.200   702058.200   702058.200
   105:   702058.200   702058.200   702058.200   702058.200   702058.200
   110:   702058.200   704504.300   705203.300   705266.300   705460.300
   115:   705511.300   705539.300   705581.300   705603.300   705635.300
   120:   705696.300   705700.300   705714.300   705737.300   705754.300
   125:   705768.300   705798.300   705819.300   705837.300   705863.300
   130:   705877.300   705896.300   705919.300   705937.300   705960.300
   135:   705979.300   705999.300   706079.300   706096.300   706115.300
   140:   706117.300   706132.300   706153.300   706178.300   706191.300
   145:   706212.300   706313.300   706436.300   706457.300   706488.300
   150:   706504.300   706519.300   706608.300   706625.300   706712.300
   155:   707327.300   707333.300   707345.300   708705.300   719667.300
   160:   726729.300   726742.300   726756.300   728573.300   728637.300
   165:   735097.300   735790.100   831791.200   831791.200   831791.200
   170:   831791.200   831791.200   831791.200   831791.200   831791.200
   175:   831791.200   831791.200   834734.300   835829.300   835874.300
   180:   835876.300   835896.300   835909.300   835925.300   835965.300
   185:   835983.300   836008.300   836052.300   836092.300   836131.300
   190:   836163.300   836185.300   836201.300   836259.300   836319.300
   195:   836337.300   836393.300   836432.300   836437.300   836448.300
   200:   836471.300   836488.300   836507.300   836525.300   836533.300
   205:   836544.300   836561.300   836582.300   836601.300   836619.300
   210:   836638.300   836661.300   836679.300   836840.300   836972.300
   215:   837236.300   837352.300   838383.300   838414.300   843553.100
   220:   939554.200   939554.200   939554.200   939554.200   939554.200
   225:   939554.200   939554.200   939554.200   939554.200   939554.200
   230:   943389.300   943432.300   943953.300   943968.300   943986.300
   235:   944453.300   944482.300   944708.300   944808.300   945007.300
   240:   952911.300   972859.300   972891.300   984971.300   988177.300
   245:  1059297.300  1060375.300  1110631.300  1116607.300  1117223.300
   250:  1120247.100  1216248.200  1216248.200  1216248.200  1216248.200
   255:  1216248.200  1216248.200  1216248.200  1216248.200  1216248.200
   260:  1216248.200  1221708.300  1222777.300  1228163.300  1228252.300
   265:  1229446.300  1229549.300  1235739.300  1236057.300  1238474.300
   270:  1238846.300  1269728.300  1305710.300  1305816.300  1309402.300
   275:  1309436.300  1309492.300  1310177.300  1312127.300  1312344.300
   280:  1318316.300  1318421.300  1318539.300  1344074.300  1345739.300
   285:  1345754.300  1368625.300  1370656.300  1370688.300  1371188.300
   290:  1405844.300  1407544.300  1407576.300  1407627.300  1407698.300
   295:  1407871.300  1428754.300  1430029.300  1439552.300  1439707.300
   300:  1440595.300  1440729.300  1441762.300  1460448.300  1461540.300
   305:  1461976.300  1470257.300  1470322.300  1471631.300  1480791.300
   310:  1483599.300  1501115.300  1501184.300  1501257.300  1501445.300
   315:  1501583.300  1516846.300  1519699.300  1538356.300  1553681.300
   320:  1553840.300  1555239.300  1555290.300  1555824.300  1555848.300
   325:  1555865.300  1556119.300  1556261.300  1556328.300  1561240.300
   330:  1566826.300  1567783.300  1597247.300  1597295.300  1597398.300
   335:  1618207.300  1624259.300  1634573.300  1729877.300  1729918.300
   340:  1747473.300  1747645.300  1750359.300  1756633.300  1757205.300
   345:  1777817.300  1779034.300  1779797.300  1824267.300  1824844.300
   350:  1825559.300  1827080.300  1828785.300  1847645.300  1847660.300
   355:  1847904.300  1848923.300  1848946.300  1848964.300  1848996.300
   360:  1849021.300  1849078.300  1849113.300  1849120.300  1879772.100
   365:  1975773.200  1975773.200  1975773.200  1975773.200  1975773.200
   370:  1975773.200  1975773.200  1975773.200  1975773.200  1975773.200
   375:  1978975.300  1980025.300  1980222.300  1980260.300  1980295.300
   380:  1980310.300  1980311.300  1980332.300  1980337.300  1980382.300
   385:  1980387.300  1980674.300  1980889.300  1981049.300  1981241.300
   390:  1981408.300  1981444.300  1981491.300  1981620.300  1981673.300
   395:  1981732.300  1981751.300  1981782.300  1982387.300  1982804.300
   400:  1992676.300  1993367.100  2089368.200  2089368.200  2089368.200
   405:  2089368.200  2089368.200  2089368.200  2089368.200  2089368.200
   410:  2089368.200  2089368.200  2091055.300  2094009.300  2094013.300
   415:  2094028.300  2094125.300  2094132.300  2094150.300  2094167.300
   420:  2094214.300  2256276.300  2256339.300  2306500.300  2306678.300
   425:  2306752.300  2306979.300  2329732.300  2371616.300  2382352.300
   430:  2382354.300  2390366.300  2390490.300  2405432.300  2405440.300
   435:  2405740.300  2420163.300  2420186.300  2427068.300  2427187.300
   440:  2433340.300  2433387.300  2438931.300  2465881.300  2492681.300
   445:  2493086.300  2561209.300  2561710.300  2562437.300  2562442.300
   450:  2603883.300  2604597.300  2604701.300  2662430.300  2662535.300
   455:  2662774.300  2970580.300  3056753.300  3093876.300  3107116.300
   460:  3122379.300  3130076.100  3226077.200  3226077.200  3226077.200
   465:  3226077.200  3226077.200  3226077.200  3226077.200  3226077.200
   470:  3226077.200  3226077.200  3226481.300  3226493.300  3226526.300
   475:  3226547.300  3226591.300  3228061.300  3229086.300  3230378.300
   480:  3230396.300  3232261.300  3232278.300  3232920.300  3235092.300
   485:  3241000.300  3702157.300  3702235.300  3702678.300  3706328.300
   490:  3706363.300  3706528.300  3814981.300  3815006.300  3828160.300
   495:  3828755.300  3828775.300  3828787.300  3901673.300  3901765.300
   500:  3956937.300  3972475.300  3972585.300  3973115.300  4106947.100
   505:  4202948.200  4202948.200  4202948.200  4202948.200  4202948.200
   510:  4202948.200  4202948.200  4202948.200  4202948.200  4202948.200
   515:  4209232.300  4209294.300  4210136.300  4210896.300  4211214.300
   520:  4317176.300
D:
     0:        0.111     4298.600     7716.200     7923.250    10329.650
     5:    10338.650    15984.650    20580.250    20798.650    21188.650
    10:    21649.650    21770.650    21779.650    22970.650    27371.650
    15:    27824.650    28009.650    49352.650    52881.650    60098.650
    20:    60899.650    64439.650    64636.650    64969.650    67338.650
    25:    81975.650    89831.650    92813.650    97865.650    97905.650
    30:    99761.650   100512.650   103717.400   103762.410   103811.410
    35:   103856.410   103905.410   103940.610   103949.610   103950.410
    40:   103999.410   104044.410   104093.410   104138.410   104143.420
    45:   107677.600   108184.600   108462.600   108465.600   108482.600
    50:   108500.600   108803.600   115120.600   115174.600   115569.600
    55:   115639.600   116059.600   125780.600   148283.600   149232.600
    60:   168642.600   169152.600   169533.600   195700.600   197254.600
    65:   197736.600   203365.600   210623.600   211322.600   211854.600
    70:   217249.600   218100.600   218121.600   218157.600   244590.600
    75:   244720.600   246349.600   246378.600   246436.600   260464.600
    80:   260589.600   261364.600   261508.600   270426.600   270462.600
    85:   272322.600   278802.600   278843.600   279037.600   279095.600
    90:   279132.600   279339.600   279362.600   279386.600   279405.600
    95:   279466.600   279530.600   279979.600   289456.600   297415.600
   100:   297515.600   297524.600   297545.600   336388.600   360305.600
   105:   360348.600   362011.600   390392.600   390450.600   391223.600
   110:   392634.600   392655.600   392705.600   392774.600   393021.600
   115:   402075.600   402248.600   402273.600   403252.600   412162.600
   120:   417908.600   469386.600   469398.600   470100.600   545738.600
   125:   545851.600   584236.600   584401.600   589227.600   589660.600
   130:   589716.600   595213.600   595287.600   606483.200   702484.400
   135:   702529.410   702578.410   702578.610   702623.410   702672.410
   140:   702717.410   702766.410   702811.410   702860.410   702905.410
   145:   702910.420   705356.600   706055.600   706118.600   706312.600
   150:   706363.600   706391.600   706433.600   706455.600   706487.600
   155:   706548.600   706552.600   706566.600   706589.600   706606.600
   160:   706620.600   706650.600   706671.600   706689.600   706715.600
   165:   706729.600   706748.600   706771.600   706789.600   706812.600
   170:   706831.600   706851.600   706931.600   706948.600   706967.600
   175:   706969.600   706984.600   707005.600   707030.600   707043.600
   180:   707064.600   707165.600   707288.600   707309.600   707340.600
   185:   707356.600   707371.600   707460.600   707477.600   707564.600
   190:   708179.600   708185.600   708197.600   709557.600   720519.600
   195:   727581.600   727594.600   727608.600   729425.600   729489.600
   200:   735949.600   736642.200   757476.650   809052.650   825736.650
   205:   825970.650   826047.650   826081.650   832643.400   832688.410
   210:   832709.610   832737.410   832782.410   832831.410   832876.410
   215:   832925.410   832970.410   833019.410   833064.410   833069.420
   220:   836012.600   837107.600   837152.600   837154.600   837174.600
   225:   837187.600   837203.600   837243.600   837261.600   837286.600
   230:   837330.600   837370.600   837409.600   837441.600   837463.600
   235:   837479.600   837537.600   837597.600   837615.600   837671.600
   240:   837710.600   837715.600   837726.600   837749.600   837766.600
   245:   837785.600   837803.600   837811.600   837822.600   837839.600
   250:   837860.600   837879.600   837897.600   837916.600   837939.600
   255:   837957.600   838118.600   838250.600   838514.600   838630.600
   260:   839661.600   839692.600   844831.200   877932.650   878366.650
   265:   878415.650   878455.650   878504.650   878559.650   878598.650
   270:   878686.650   878734.650   878788.650   878837.650   932454.650
   275:   932485.650   933244.650   933269.650   933536.650   940832.400
   280:   940877.410   940926.410   940971.410   941020.410   941026.610
   285:   941065.410   941114.410   941159.410   941208.410   941253.410
   290:   941258.420   945093.600   945136.600   945657.600   945672.600
   295:   945690.600   946157.600   946186.600   946412.600   946512.600
   300:   946711.600   954615.600   974563.600   974595.600   986675.600
   305:   989881.600  1061001.600  1062079.600  1112335.600  1118311.600
   310:  1118927.600  1121951.200  1130440.650  1130537.650  1131344.650
   315:  1131839.650  1161141.650  1161311.650  1162076.650  1163526.650
   320:  1163614.650  1211350.650  1211386.650  1217952.400  1217997.410
   325:  1218046.410  1218091.410  1218113.610  1218140.410  1218185.410
   330:  1218234.410  1218279.410  1218328.410  1218373.410  1218378.420
   335:  1223838.600  1224907.600  1230293.600  1230382.600  1231576.600
   340:  1231679.600  1237869.600  1238187.600  1240604.600  1240976.600
   345:  1271858.600  1307840.600  1307946.600  1311532.600  1311566.600
   350:  1311622.600  1312307.600  1314257.600  1314474.600  1320446.600
   355:  1320551.600  1320669.600  1346204.600  1347869.600  1347884.600
   360:  1370755.600  1372786.600  1372818.600  1373318.600  1407974.600
   365:  1409674.600  1409706.600  1409757.600  1409828.600  1410001.600
   370:  1430884.600  1432159.600  1441682.600  1441837.600  1442725.600
   375:  1442859.600  1443892.600  1462578.600  1463670.600  1464106.600
   380:  1472387.600  1472452.600  1473761.600  1482921.600  1485729.600
   385:  1503245.600  1503314.600  1503387.600  1503575.600  1503713.600
   390:  1518976.600  1521829.600  1540486.600  1555811.600  1555970.600
   395:  1557369.600  1557420.600  1557954.600  1557978.600  1557995.600
   400:  1558249.600  1558391.600  1558458.600  1563370.600  1568956.600
   405:  1569913.600  1599377.600  1599425.600  1599528.600  1620337.600
   410:  1626389.600  1636703.600  1732007.600  1732048.600  1749603.600
   415:  1749775.600  1752489.600  1758763.600  1759335.600  1779947.600
   420:  1781164.600  1781927.600  1826397.600  1826974.600  1827689.600
   425:  1829210.600  1830915.600  1849775.600  1849790.600  1850034.600
   430:  1851053.600  1851076.600  1851094.600  1851126.600  1851151.600
   435:  1851208.600  1851243.600  1851250.600  1881902.200  1893176.650
   440:  1893185.650  1893388.650  1894245.650  1894301.650  1894457.650
   445:  1894530.650  1894544.650  1894575.650  1894606.650  1900761.650
   450:  1900909.650  1900943.650  1907605.650  1907687.650  1920291.650
   455:  1977903.400  1977948.410  1977997.410  1978042.410  1978072.610
   460:  1978091.410  1978136.410  1978185.410  1978230.410  1978279.410
   465:  1978324.410  1978329.420  1981531.600  1982581.600  1982778.600
   470:  1982816.600  1982851.600  1982866.600  1982867.600  1982888.600
   475:  1982893.600  1982938.600  1982943.600  1983230.600  1983445.600
   480:  1983605.600  1983797.600  1983964.600  1984000.600  1984047.600
   485:  1984176.600  1984229.600  1984288.600  1984307.600  1984338.600
   490:  1984943.600  1985360.600  1995232.600  1995923.200  2004236.650
   495:  2004266.650  2010875.650  2030505.650  2031391.650  2038133.650
   500:  2039182.650  2039400.650  2050408.650  2050979.650  2059936.650
   505:  2060356.650  2060466.650  2060880.650  2061690.650  2061762.650
   510:  2062910.650  2063101.650  2064053.650  2064532.650  2083476.250
   515:  2091924.400  2091969.410  2092010.610  2092018.410  2092063.410
   520:  2092112.410  2092157.410  2092206.410  2092251.410  2092300.410
   525:  2092345.410  2092350.420  2094037.600  2096991.600  2096995.600
   530:  2097010.600  2097107.600  2097114.600  2097132.600  2097149.600
   535:  2097196.600  2259258.600  2259321.600  2309482.600  2309660.600
   540:  2309734.600  2309961.600  2332714.600  2374598.600  2385334.600
   545:  2385336.600  2393348.600  2393472.600  2408414.600  2408422.600
   550:  2408722.600  2423145.600  2423168.600  2430050.600  2430169.600
   555:  2436322.600  2436369.600  2441913.600  2468863.600  2495663.600
   560:  2496068.600  2564191.600  2564692.600  2565419.600  2565424.600
   565:  2606865.600  2607579.600  2607683.600  2665412.600  2665517.600
   570:  2665756.600  2973562.600  3059735.600  3096858.600  3110098.600
   575:  3125361.600  3133058.200  3144568.650  3145878.650  3229059.400
   580:  3229104.410  3229153.410  3229193.610  3229198.410  3229247.410
   585:  3229292.410  3229341.410  3229386.410  3229435.410  3229480.410
   590:  3229485.420  3229889.600  3229901.600  3229934.600  3229955.600
   595:  3229999.600  3231469.600  3232494.600  3233786.600  3233804.600
   600:  3235669.600  3235686.600  3236328.600  3238500.600  3244408.600
   605:  3705565.600  3705643.600  3706086.600  3709736.600  3709771.600
   610:  3709936.600  3818389.600  3818414.600  3831568.600  3832163.600
   615:  3832183.600  3832195.600  3905081.600  3905173.600  3960345.600
   620:  3975883.600  3975993.600  3976523.600  4110355.200  4119970.650
   625:  4142219.650  4145623.650  4206356.400  4206401.410  4206450.410
   630:  4206495.410  4206505.610  4206544.410  4206589.410  4206638.410
   635:  4206683.410  4206732.410  4206777.410  4206782.420  4213066.600
   640:  4213128.600  4213970.600  4214730.600  4215048.600  4321010.600
   645:  4323834.999
E:
     0:        5.200       16.300       28.800       43.200       59.900
     5:       80.100      105.300      139.300      191.600      330.300
F:
     0:        0.000        0.000        0.000        0.000        0.000
     5:        0.000
L:
     0:      222.000       93.000       65.000      193.000      160.000
     5:      168.000       85.000      133.000      148.000
M:
     0:        0.000        0.000        0.000        0.000        0.000
     5:        0.000
