File: C:\MED-PC IV\DATA\!2023-03-03_19h13m.Subject DF24


Start Date: 03/03/23
End Date: 03/04/23
Subject: DF24
Experiment: delayed_acquisition
Group: 1
Box: 4
Start Time: 19:13:56
End Time:  7:39:59
MSN: Delayed_AcquisitionYoked2_w_magmacro
G:       0.000
H:       0.000
I:       0.000
J:       0.000
K:       0.000
N:       0.000
O:       0.000
P:       0.000
Q:       0.000
R:       0.000
S:       0.000
T:       0.000
U:       0.000
V:       0.000
W:       0.000
X:      -6.000
Y:       0.000
Z:       0.000
A:
     0:        2.000       60.000  4320000.000        1.000        0.000
     5:        1.000    96000.000        1.000       10.000        0.000
    10:        0.000        0.000        0.000        0.000        0.000
    15:        0.000        0.000        0.000        0.000        0.000
    20:        0.000        0.000        0.000        0.000        0.000
    25:        0.000        0.000        0.000        0.000        0.000
    30:        0.000        0.000        0.000        0.000        0.000
    35:        0.000        0.000        0.000        0.000        0.000
    40:        0.000        0.000        0.000        0.000        0.000
    45:        0.000        0.000        0.000        0.000        0.000
    50:        0.000        0.000        0.000        0.000        0.000
    55:        0.000        0.000        0.000        0.000        0.000
    60:        0.000        0.000        0.000        0.000        0.000
    65:        0.000        0.000        0.000        0.000        0.000
    70:        0.000        0.000        0.000        0.000        0.000
    75:        0.000        0.000        0.000        0.000        0.000
    80:        0.000        0.000        0.000        0.000        0.000
    85:        0.000        0.000        0.000        0.000        0.000
    90:        0.000        0.000        0.000        0.000        0.000
    95:        0.000        0.000        0.000        0.000        0.000
   100:        0.000
B:
     0:  4320000.000  4323834.000        1.000        3.000        0.000
     5:        0.000        0.000       10.000      810.000      979.000
    10:        0.000      716.000       12.000        0.000      146.000
    15:        0.000        9.000        0.000        0.000        0.000
    20:        0.000        0.000        0.000        0.000        0.000
    25:        0.000        0.000        0.000        0.000        0.000
    30:        1.490        1.000        0.000       91.000        0.000
    35:        0.000        0.000        0.000        0.000        0.000
    40:        0.000        0.000        0.000        0.000        0.000
    45:        0.000        0.000        0.000        0.000        0.000
    50:        0.000        0.000        0.000        0.000        0.000
    55:        0.000        0.000        0.000        0.000        0.000
    60:        0.000        0.000        0.000        0.000        0.000
    65:        0.000        0.000        0.000        0.000        0.000
    70:        0.000        0.000        0.000        0.000        0.000
    75:        0.000        0.000        0.000        0.000        0.000
    80:        0.000        0.000        0.000        0.000        0.000
    85:        0.000        0.000        0.000        0.000        0.000
    90:        0.000        0.000        0.000        0.000        0.000
    95:        0.000        0.000        0.000        0.000        0.000
   100:        0.000
C:
     0:     2197.300     8464.300     8646.300    12218.300    14917.300
     5:    15058.300    15557.300    20670.300    20702.300    21609.300
    10:   118825.200   118825.200   118825.200   118825.200   118825.200
    15:   118825.200   118825.200   118825.200   118825.200   118825.200
    20:   119252.300   119275.300   119301.300   119324.300   119350.300
    25:   119378.300   119400.300   119423.300   119449.300   119475.300
    30:   119499.300   119527.300   119549.300   119570.300   119593.300
    35:   119618.300   119643.300   119671.300   119690.300   119717.300
    40:   119739.300   119761.300   119779.300   119800.300   119825.300
    45:   119843.300   119851.300   121809.300   122220.300   122246.300
    50:   122249.300   124325.300   124524.300   124527.300   124904.300
    55:   125055.300   125092.300   127619.300   129507.300   129516.300
    60:   132130.300   132484.300   133680.300   133724.300   133753.300
    65:   134069.300   135029.300   135377.300   135718.300   139159.300
    70:   142411.300   143371.300   144909.300   145142.300   145280.300
    75:   145639.300   149303.300   149352.300   149362.300   150160.300
    80:   246612.200   246612.200   246612.200   246612.200   246612.200
    85:   246612.200   246612.200   246612.200   246612.200   246612.200
    90:   246798.300   246826.300   247340.300   249528.300   250106.300
    95:   253333.300   258454.300   259146.300   259196.300   261393.300
   100:   261548.300   267210.300   267244.300   278632.300   279408.300
   105:   279416.300   279585.300   291184.300   294889.300   295154.300
   110:   302322.300   302558.300   325383.300   326725.300   326956.300
   115:   330080.300   331395.300   331466.300   338066.300   354646.300
   120:   354670.300   358866.300   363858.300   363902.300   363954.300
   125:   367445.300   367597.300   381500.300   382883.300   389988.300
   130:   390458.300   392883.300   392992.300   396556.300   397618.300
   135:   397713.300   404652.300   421231.300   422959.300   431543.300
   140:   435859.300   437883.300   447851.300   447891.300   447962.300
   145:   453702.300   454370.300   454666.300   457643.300   458102.300
   150:   462333.300   466105.300   466155.300   466198.300   466851.300
   155:   466946.300   480699.300   481776.300   481827.300   494488.300
   160:   500057.300   500084.300   500125.300   612174.200   612174.200
   165:   612174.200   612174.200   612174.200   612174.200   612174.200
   170:   612174.200   612174.200   612174.200   612457.300   612481.300
   175:   612501.300   612524.300   612543.300   612546.300   612570.300
   180:   612591.300   612618.300   612650.300   612677.300   612697.300
   185:   612718.300   612740.300   612760.300   612763.300   612801.300
   190:   612824.300   612841.300   612864.300   612884.300   612929.300
   195:   612944.300   612969.300   612982.300   613280.300   617391.300
   200:   617397.300   617424.300   617480.300   617597.300   617654.300
   205:   618345.300   622883.300   722067.200   722067.200   722067.200
   210:   722067.200   722067.200   722067.200   722067.200   722067.200
   215:   722067.200   722067.200   722234.300   722287.300   722314.300
   220:   722342.300   722362.300   722392.300   722415.300   722460.300
   225:   723105.300   724855.300   724930.300   724957.300   724973.300
   230:   725040.300   725193.300   725239.300   725866.300   725874.300
   235:   725950.300   726414.300   726578.300   726664.300   732474.300
   240:   732489.300   732520.300   733832.300   733908.300   734235.300
   245:   737688.300   741549.300   741779.300   742123.300   753285.300
   250:   754408.300   754755.300   754970.300   755738.300   758658.300
   255:   758802.300   792126.300   792193.300   793207.300   809214.300
   260:   809844.300   816923.300   827000.300   829935.300   838353.300
   265:   849518.300   850536.300   854295.300   855951.300   858260.300
   270:   858284.300   862475.300   874104.300   875346.300   886579.300
   275:   886656.300   895258.300   895329.300   895987.300   900861.300
   280:   900880.300   901270.300   907565.300   907839.300   922432.300
   285:   922504.300   923555.300   936573.300   941013.300   941027.300
   290:   952460.300   958765.300   958825.300   964712.300   971883.300
   295:   971988.300   998647.300   999223.300  1001215.300  1001252.300
   300:  1001386.300  1001426.300  1001462.300  1001545.300  1001554.300
   305:  1001577.300  1001590.300  1007840.300  1015350.300  1028307.300
   310:  1028358.300  1028449.300  1028489.300  1028506.300  1028522.300
   315:  1029378.300  1038741.300  1039950.300  1052519.300  1057305.300
   320:  1057713.300  1063838.300  1064142.300  1064347.100  1064407.100
   325:  1064534.300  1064656.300  1068388.300  1068654.300  1068934.300
   330:  1073190.300  1074543.300  1074649.300  1083278.300  1090198.300
   335:  1090241.300  1090335.300  1092311.300  1092334.300  1093404.300
   340:  1147855.300  1151575.300  1151890.300  1158186.300  1159630.300
   345:  1175140.300  1175715.300  1175726.300  1176464.300  1176530.300
   350:  1185116.300  1185142.300  1185570.300  1185626.300  1185655.300
   355:  1185670.300  1185803.300  1196754.300  1207857.300  1224193.300
   360:  1224221.300  1224471.300  1230608.300  1230649.300  1230680.300
   365:  1230740.300  1246799.300  1246861.300  1251790.300  1280775.300
   370:  1280811.300  1285200.300  1289523.300  1289599.300  1293805.100
   375:  1294032.300  1294319.300  1294959.300  1320882.300  1337903.300
   380:  1337945.300  1338776.300  1338813.300  1339860.300  1343939.300
   385:  1344141.300  1366883.300  1373881.300  1380761.300  1381041.300
   390:  1381766.300  1381830.300  1381852.300  1381877.300  1382146.300
   395:  1386546.300  1387088.300  1387304.300  1408952.300  1409097.300
   400:  1414481.300  1420579.300  1420709.300  1421106.300  1421798.300
   405:  1524569.200  1524569.200  1524569.200  1524569.200  1524569.200
   410:  1524569.200  1524569.200  1524569.200  1524569.200  1524569.200
   415:  1524601.300  1526368.300  1526814.300  1526834.300  1526863.300
   420:  1526904.300  1527029.300  1527097.300  1527115.300  1527119.300
   425:  1527228.300  1527229.300  1527241.300  1527982.300  1536150.300
   430:  1543467.300  1550310.300  1553447.300  1553822.300  1558112.300
   435:  1559243.300  1559562.300  1560221.300  1598232.300  1600127.300
   440:  1608970.300  1609937.300  1641874.300  1650355.300  1650367.300
   445:  1650436.300  1650494.300  1650612.300  1650645.300  1650741.300
   450:  1650792.300  1665271.300  1666147.300  1692778.300  1693740.300
   455:  1694061.300  1694309.300  1696578.300  1696649.300  1696694.300
   460:  1699525.300  1700491.300  1701671.300  1701679.300  1701751.300
   465:  1701850.300  1702585.300  1705018.300  1706646.300  1706797.300
   470:  1714008.300  1714248.300  1714730.300  1714763.300  1720426.300
   475:  1721856.300  1764532.300  1764835.300  1772458.300  1772555.300
   480:  1772875.300  1772899.300  1782584.300  1783158.300  1784593.300
   485:  1793978.300  1797990.300  1799609.300  1799643.300  1799964.300
   490:  1806108.300  1809461.300  1809562.300  1809577.300  1810670.300
   495:  1834102.300  1835344.300  1835370.300  1835741.300  1847038.300
   500:  1848215.300  1848349.300  1849095.300  1849326.300  1896299.300
   505:  1896334.300  1912955.300  1914603.300  1914752.300  1917243.300
   510:  1918340.300  1928531.300  1928588.300  1929331.300  1929347.300
   515:  1968097.300  1968188.300  1970300.300  1984407.300  1986164.300
   520:  1986245.300  1986257.300  1992158.300  1992280.300  1998627.300
   525:  1999057.300  1999229.300  2099140.200  2099140.200  2099140.200
   530:  2099140.200  2099140.200  2099140.200  2099140.200  2099140.200
   535:  2099140.200  2099140.200  2099367.300  2099388.300  2099390.300
   540:  2099413.300  2100347.300  2100760.300  2100785.300  2100808.300
   545:  2100826.300  2100851.300  2100874.300  2100901.300  2100925.300
   550:  2100949.300  2100967.300  2100989.300  2101009.300  2101051.300
   555:  2101168.300  2102290.300  2102313.300  2102438.300  2102456.300
   560:  2102479.300  2102504.300  2102550.300  2102578.300  2102599.300
   565:  2102622.300  2102646.300  2102726.300  2102753.300  2102776.300
   570:  2102799.300  2102818.300  2102840.300  2102863.300  2102887.300
   575:  2102908.300  2102928.300  2102974.300  2103010.300  2103028.300
   580:  2103051.300  2103081.300  2103128.300  2103155.300  2103177.300
   585:  2103202.300  2103249.300  2103270.300  2103344.300  2103429.300
   590:  2103691.300  2103707.300  2103746.300  2103756.300  2103777.300
   595:  2103793.300  2103810.300  2103825.300  2103843.300  2103866.300
   600:  2103889.300  2103905.300  2103919.300  2106896.300  2106952.300
   605:  2113783.300  2120415.300  2120783.300  2121166.300  2121232.300
   610:  2121369.300  2121389.300  2121404.300  2121439.300  2123163.300
   615:  2129287.300  2144060.300  2144716.300  2148505.300  2150123.300
   620:  2151851.300  2177700.300  2178420.300  2179797.300  2179847.300
   625:  2180817.300  2181003.300  2182409.300  2263655.300  2264822.300
   630:  2265499.300  2272581.300  2272777.300  2273046.300  2286501.300
   635:  2286521.300  2308950.300  2308996.300  2309059.300  2309604.300
   640:  2325109.300  2326080.300  2329758.300  2330973.300  2331841.300
   645:  2348398.300  2352376.300  2352646.300  2367719.300  2417831.300
   650:  2418506.300  2418637.300  2431456.300  2438825.300  2439857.300
   655:  2439945.300  2453685.300  2463171.300  2463252.300  2463398.300
   660:  2464505.300  2471672.300  2479906.300  2480605.300  2483096.300
   665:  2486046.300  2505882.300  2517385.300  2517435.300  2517478.300
   670:  2538787.300  2635144.200  2635144.200  2635144.200  2635144.200
   675:  2635144.200  2635144.200  2635144.200  2635144.200  2635144.200
   680:  2635144.200  2635334.300  2637150.300  2637211.300  2638400.300
   685:  2639413.300  2643386.300  2643418.300  2648148.300  2689367.300
   690:  2690513.300  2903115.300  3130921.200  3130921.200  3130921.200
   695:  3130921.200  3130921.200  3130921.200  3130921.200  3130921.200
   700:  3130921.200  3130921.200  3132477.300  3133415.300  3134894.300
   705:  3136251.300  3136269.300  3136395.300  3408100.300  3408380.300
   710:  3415439.300  3415548.300  3514894.300  3515234.300  3518176.300
   715:  3518189.300  3518267.300  3518370.300  3518377.300  3529990.300
   720:  3586588.300  3586691.300  3586803.300  3591853.300  3592910.300
   725:  3592925.300  3603059.300  3603102.300  3609019.300  3609172.300
   730:  3667893.300  3671409.300  3671612.300  3672044.300  3676716.300
   735:  3688556.300  3689075.300  3689297.300  3689485.300  3701068.300
   740:  3712367.300  3741866.300  3796746.300  3796796.300  3801039.300
   745:  3807389.300  3807416.300  3823015.300  3936032.200  3936032.200
   750:  3936032.200  3936032.200  3936032.200  3936032.200  3936032.200
   755:  3936032.200  3936032.200  3936032.200  3938048.300  3938408.300
   760:  3938947.300  3939485.300  3939507.300  3939514.300  3942710.300
   765:  3942735.300  3943757.300  3943834.300  3944625.300  3944961.300
   770:  3944982.300  3945121.300  3946049.300  3946318.300  3947458.300
   775:  3950426.300  3950605.300  3956068.300  3961737.300  3966013.300
   780:  3966348.300  3966653.300  3968533.300  3968537.300  3968674.300
   785:  3974278.300  3974942.300  3975027.300  3983193.300  3984665.300
   790:  3986462.300  4036516.300  4040754.300  4041776.300  4042825.300
   795:  4137629.300  4141600.300  4142437.300  4145880.300  4170147.300
   800:  4182425.300  4184170.300  4184733.300  4184950.300  4184967.300
   805:  4185017.300  4187753.300  4211414.300  4211872.300  4320000.200
D:
     0:        0.111     2197.600     8464.600     8646.600    12218.600
     5:    14917.600    15058.600    15557.600    20670.600    20702.600
    10:    21609.600    24987.650    31602.650    31633.650    31733.650
    15:    40954.650    41108.650    42019.650    47726.650    48618.650
    20:    48802.650    49045.650    72174.650    75461.650    75480.650
    25:    76258.650    82420.650    85490.650    86286.650    86328.650
    30:    86424.650    86611.650    86841.650    91559.650    92696.650
    35:   116285.650   116294.650   117987.650   118444.650   118825.400
    40:   118870.410   118895.610   118919.410   118964.410   119013.410
    45:   119058.410   119107.410   119152.410   119201.410   119246.410
    50:   119251.420   119678.600   119701.600   119727.600   119750.600
    55:   119776.600   119804.600   119826.600   119849.600   119875.600
    60:   119901.600   119925.600   119953.600   119975.600   119996.600
    65:   120019.600   120044.600   120069.600   120097.600   120116.600
    70:   120143.600   120165.600   120187.600   120205.600   120226.600
    75:   120251.600   120269.600   120277.600   122235.600   122646.600
    80:   122672.600   122675.600   124751.600   124950.600   124953.600
    85:   125330.600   125481.600   125518.600   128045.600   129933.600
    90:   129942.600   132556.600   132910.600   134106.600   134150.600
    95:   134179.600   134495.600   135455.600   135803.600   136144.600
   100:   139585.600   142837.600   143797.600   145335.600   145568.600
   105:   145706.600   146065.600   149729.600   149778.600   149788.600
   110:   150586.600   151220.650   164756.650   166070.650   174237.650
   115:   176062.650   176328.650   184460.650   192320.650   192846.650
   120:   195956.650   195977.650   200320.650   200356.650   200386.650
   125:   200443.650   200462.650   204152.650   204636.650   212896.650
   130:   213065.650   213926.650   215715.650   215747.650   230223.650
   135:   231492.650   231602.650   231851.650   237151.650   237256.650
   140:   242553.650   243455.650   247038.400   247083.410   247132.410
   145:   247177.410   247186.610   247226.410   247271.410   247320.410
   150:   247365.410   247414.410   247459.410   247464.420   247650.600
   155:   247678.600   248192.600   250380.600   250958.600   254185.600
   160:   259306.600   259998.600   260048.600   262245.600   262400.600
   165:   268062.600   268096.600   279484.600   280260.600   280268.600
   170:   280437.600   292036.600   295741.600   296006.600   303174.600
   175:   303410.600   326235.600   327577.600   327808.600   330932.600
   180:   332247.600   332318.600   338918.600   355498.600   355522.600
   185:   359718.600   364710.600   364754.600   364806.600   368297.600
   190:   368449.600   382352.600   383735.600   390840.600   391310.600
   195:   393735.600   393844.600   397408.600   398470.600   398565.600
   200:   405504.600   422083.600   423811.600   432395.600   436711.600
   205:   438735.600   448703.600   448743.600   448814.600   454554.600
   210:   455222.600   455518.600   458495.600   458954.600   463185.600
   215:   466957.600   467007.600   467050.600   467703.600   467798.600
   220:   481551.600   482628.600   482679.600   495340.600   500909.600
   225:   500936.600   500977.600   526229.650   538986.650   556301.650
   230:   557115.650   565609.650   566229.650   572864.650   572889.650
   235:   579450.650   580075.650   586973.650   587569.650   598082.650
   240:   598144.650   613026.400   613071.410   613120.410   613165.410
   245:   613178.610   613214.410   613259.410   613308.410   613353.410
   250:   613402.410   613447.410   613452.420   613735.600   613759.600
   255:   613779.600   613802.600   613821.600   613824.600   613848.600
   260:   613869.600   613896.600   613928.600   613955.600   613975.600
   265:   613996.600   614018.600   614038.600   614041.600   614079.600
   270:   614102.600   614119.600   614142.600   614162.600   614207.600
   275:   614222.600   614247.600   614260.600   614558.600   618669.600
   280:   618675.600   618702.600   618758.600   618875.600   618932.600
   285:   619623.600   624161.600   629661.650   629720.650   634043.650
   290:   634130.650   634265.650   653852.650   686040.650   687072.650
   295:   692355.650   692375.650   693877.650   710467.650   712063.650
   300:   712549.650   723033.650   723345.400   723390.410   723418.610
   305:   723439.410   723484.410   723533.410   723578.410   723627.410
   310:   723672.410   723721.410   723766.410   723771.420   723938.600
   315:   723991.600   724018.600   724046.600   724066.600   724096.600
   320:   724119.600   724164.600   724809.600   726559.600   726634.600
   325:   726661.600   726677.600   726744.600   726897.600   726943.600
   330:   727570.600   727578.600   727654.600   728118.600   728282.600
   335:   728368.600   734178.600   734193.600   734224.600   735536.600
   340:   735612.600   735939.600   739392.600   743253.600   743483.600
   345:   743827.600   754989.600   756112.600   756459.600   756674.600
   350:   757442.600   760362.600   760506.600   793830.600   793897.600
   355:   794911.600   810918.600   811548.600   818627.600   828704.600
   360:   831639.600   840057.600   851222.600   852240.600   855999.600
   365:   857655.600   859964.600   859988.600   864179.600   875808.600
   370:   877050.600   888283.600   888360.600   896962.600   897033.600
   375:   897691.600   902565.600   902584.600   902974.600   909269.600
   380:   909543.600   924136.600   924208.600   925259.600   938277.600
   385:   942717.600   942731.600   954164.600   960469.600   960529.600
   390:   966416.600   973587.600   973692.600  1000351.600  1000927.600
   395:  1002919.600  1002956.600  1003090.600  1003130.600  1003166.600
   400:  1003249.600  1003258.600  1003281.600  1003294.600  1009544.600
   405:  1017054.600  1030011.600  1030062.600  1030153.600  1030193.600
   410:  1030210.600  1030226.600  1031082.600  1040445.600  1041654.600
   415:  1054223.600  1059009.600  1059417.600  1065542.600  1065846.600
   420:  1066051.200  1066111.200  1066238.600  1066360.600  1070092.600
   425:  1070358.600  1070638.600  1074894.600  1076247.600  1076353.600
   430:  1084982.600  1091902.600  1091945.600  1092039.600  1094015.600
   435:  1094038.600  1095108.600  1149559.600  1153279.600  1153594.600
   440:  1159890.600  1161334.600  1176844.600  1177419.600  1177430.600
   445:  1178168.600  1178234.600  1186820.600  1186846.600  1187274.600
   450:  1187330.600  1187359.600  1187374.600  1187507.600  1198458.600
   455:  1209561.600  1225897.600  1225925.600  1226175.600  1232312.600
   460:  1232353.600  1232384.600  1232444.600  1248503.600  1248565.600
   465:  1253494.600  1282479.600  1282515.600  1286904.600  1291227.600
   470:  1291303.600  1295509.200  1295736.600  1296023.600  1296663.600
   475:  1322586.600  1339607.600  1339649.600  1340480.600  1340517.600
   480:  1341564.600  1345643.600  1345845.600  1368587.600  1375585.600
   485:  1382465.600  1382745.600  1383470.600  1383534.600  1383556.600
   490:  1383581.600  1383850.600  1388250.600  1388792.600  1389008.600
   495:  1410656.600  1410801.600  1416185.600  1422283.600  1422413.600
   500:  1422810.600  1423502.600  1446112.650  1446432.650  1457289.650
   505:  1466387.650  1466545.650  1467152.650  1486429.650  1487959.650
   510:  1493333.650  1493533.650  1494263.650  1496405.650  1496629.650
   515:  1498280.650  1499908.650  1502238.650  1503165.650  1503352.650
   520:  1503801.650  1508229.650  1513896.650  1513929.650  1514165.650
   525:  1514874.650  1515011.650  1521521.650  1522749.650  1523298.650
   530:  1523375.650  1523490.650  1523494.650  1523523.650  1523633.650
   535:  1524311.650  1524563.650  1526273.400  1526318.410  1526367.410
   540:  1526412.410  1526433.610  1526461.410  1526506.410  1526555.410
   545:  1526600.410  1526649.410  1526694.410  1526699.420  1526731.600
   550:  1528498.600  1528944.600  1528964.600  1528993.600  1529034.600
   555:  1529159.600  1529227.600  1529245.600  1529249.600  1529358.600
   560:  1529359.600  1529371.600  1530112.600  1538280.600  1545597.600
   565:  1552440.600  1555577.600  1555952.600  1560242.600  1561373.600
   570:  1561692.600  1562351.600  1600362.600  1602257.600  1611100.600
   575:  1612067.600  1644004.600  1652485.600  1652497.600  1652566.600
   580:  1652624.600  1652742.600  1652775.600  1652871.600  1652922.600
   585:  1667401.600  1668277.600  1694908.600  1695870.600  1696191.600
   590:  1696439.600  1698708.600  1698779.600  1698824.600  1701655.600
   595:  1702621.600  1703801.600  1703809.600  1703881.600  1703980.600
   600:  1704715.600  1707148.600  1708776.600  1708927.600  1716138.600
   605:  1716378.600  1716860.600  1716893.600  1722556.600  1723986.600
   610:  1766662.600  1766965.600  1774588.600  1774685.600  1775005.600
   615:  1775029.600  1784714.600  1785288.600  1786723.600  1796108.600
   620:  1800120.600  1801739.600  1801773.600  1802094.600  1808238.600
   625:  1811591.600  1811692.600  1811707.600  1812800.600  1836232.600
   630:  1837474.600  1837500.600  1837871.600  1849168.600  1850345.600
   635:  1850479.600  1851225.600  1851456.600  1898429.600  1898464.600
   640:  1915085.600  1916733.600  1916882.600  1919373.600  1920470.600
   645:  1930661.600  1930718.600  1931461.600  1931477.600  1970227.600
   650:  1970318.600  1972430.600  1986537.600  1988294.600  1988375.600
   655:  1988387.600  1994288.600  1994410.600  2000757.600  2001187.600
   660:  2001359.600  2012719.650  2016565.650  2022369.650  2022468.650
   665:  2023410.650  2024162.650  2099344.650  2101270.400  2101315.410
   670:  2101364.410  2101409.410  2101457.610  2101458.410  2101503.410
   675:  2101552.410  2101597.410  2101646.410  2101691.410  2101696.420
   680:  2101923.600  2101944.600  2101946.600  2101969.600  2102903.600
   685:  2103316.600  2103341.600  2103364.600  2103382.600  2103407.600
   690:  2103430.600  2103457.600  2103481.600  2103505.600  2103523.600
   695:  2103545.600  2103565.600  2103607.600  2103724.600  2104846.600
   700:  2104869.600  2104994.600  2105012.600  2105035.600  2105060.600
   705:  2105106.600  2105134.600  2105155.600  2105178.600  2105202.600
   710:  2105282.600  2105309.600  2105332.600  2105355.600  2105374.600
   715:  2105396.600  2105419.600  2105443.600  2105464.600  2105484.600
   720:  2105530.600  2105566.600  2105584.600  2105607.600  2105637.600
   725:  2105684.600  2105711.600  2105733.600  2105758.600  2105805.600
   730:  2105826.600  2105900.600  2105985.600  2106247.600  2106263.600
   735:  2106302.600  2106312.600  2106333.600  2106349.600  2106366.600
   740:  2106381.600  2106399.600  2106422.600  2106445.600  2106461.600
   745:  2106475.600  2109452.600  2109508.600  2116339.600  2122971.600
   750:  2123339.600  2123722.600  2123788.600  2123925.600  2123945.600
   755:  2123960.600  2123995.600  2125719.600  2131843.600  2146616.600
   760:  2147272.600  2151061.600  2152679.600  2154407.600  2180256.600
   765:  2180976.600  2182353.600  2182403.600  2183373.600  2183559.600
   770:  2184965.600  2266211.600  2267378.600  2268055.600  2275137.600
   775:  2275333.600  2275602.600  2289057.600  2289077.600  2311506.600
   780:  2311552.600  2311615.600  2312160.600  2327665.600  2328636.600
   785:  2332314.600  2333529.600  2334397.600  2350954.600  2354932.600
   790:  2355202.600  2370275.600  2420387.600  2421062.600  2421193.600
   795:  2434012.600  2441381.600  2442413.600  2442501.600  2456241.600
   800:  2465727.600  2465808.600  2465954.600  2467061.600  2474228.600
   805:  2482462.600  2483161.600  2485652.600  2488602.600  2508438.600
   810:  2519941.600  2519991.600  2520034.600  2541343.600  2543387.650
   815:  2543842.650  2543907.650  2551428.650  2551644.650  2558390.650
   820:  2637700.400  2637745.410  2637794.410  2637839.410  2637888.410
   825:  2637933.410  2637950.610  2637979.610  2637982.410  2637985.610
   830:  2637993.610  2638027.410  2638076.410  2638121.410  2638126.420
   835:  2638316.600  2640132.600  2640193.600  2641382.600  2642395.600
   840:  2646368.600  2646400.600  2651130.600  2692349.600  2693495.600
   845:  2906097.600  3133903.400  3133948.410  3133997.410  3134042.410
   850:  3134069.610  3134091.410  3134136.410  3134185.410  3134230.410
   855:  3134279.410  3134324.410  3134329.420  3135885.600  3136823.600
   860:  3138302.600  3139659.600  3139677.600  3139803.600  3411508.600
   865:  3411788.600  3418847.600  3418956.600  3518302.600  3518642.600
   870:  3521584.600  3521597.600  3521675.600  3521778.600  3521785.600
   875:  3533398.600  3589996.600  3590099.600  3590211.600  3595261.600
   880:  3596318.600  3596333.600  3606467.600  3606510.600  3612427.600
   885:  3612580.600  3671301.600  3674817.600  3675020.600  3675452.600
   890:  3680124.600  3691964.600  3692483.600  3692705.600  3692893.600
   895:  3704476.600  3715775.600  3745274.600  3800154.600  3800204.600
   900:  3804447.600  3810797.600  3810824.600  3826423.600  3862394.650
   905:  3862645.650  3863833.650  3863951.650  3898443.650  3905037.650
   910:  3939440.400  3939485.410  3939534.410  3939579.410  3939584.610
   915:  3939628.410  3939673.410  3939722.410  3939767.410  3939816.410
   920:  3939861.410  3939866.420  3941882.600  3942242.600  3942781.600
   925:  3943319.600  3943341.600  3943348.600  3946544.600  3946569.600
   930:  3947591.600  3947668.600  3948459.600  3948795.600  3948816.600
   935:  3948955.600  3949883.600  3950152.600  3951292.600  3954260.600
   940:  3954439.600  3959902.600  3965571.600  3969847.600  3970182.600
   945:  3970487.600  3972367.600  3972371.600  3972508.600  3978112.600
   950:  3978776.600  3978861.600  3987027.600  3988499.600  3990296.600
   955:  4040350.600  4044588.600  4045610.600  4046659.600  4141463.600
   960:  4145434.600  4146271.600  4149714.600  4173981.600  4186259.600
   965:  4188004.600  4188567.600  4188784.600  4188801.600  4188851.600
   970:  4191587.600  4215248.600  4215706.600  4309474.650  4320040.650
   975:  4323834.650  4323834.650  4323834.400  4323834.999
E:
     0:        5.200       16.300       28.800       43.200       59.900
     5:       80.100      105.300      139.300      191.600      330.300
F:
     0:        1.000        0.000        1.000        0.000        0.000
     5:        0.000
L:
     0:       69.000      147.000      151.000       72.000      159.000
     5:      186.000      249.000      165.000      143.000
M:
     0:        0.000        0.000        0.000        0.000        0.000
     5:        0.000
