File: C:\MED-PC IV\DATA\!2023-02-27_18h40m.Subject DF24


Start Date: 02/27/23
End Date: 02/28/23
Subject: DF24
Experiment: delayed_acquisition
Group: 1
Box: 4
Start Time: 18:40:38
End Time:  6:58:27
MSN: Delayed_AcquisitionYoked2_w_magmacro
G:       0.000
H:       0.000
I:       0.000
J:       0.000
K:       0.000
N:       0.000
O:       0.000
P:       0.000
Q:       0.000
R:       0.000
S:       0.000
T:       0.000
U:       0.000
V:       0.000
W:       0.000
X:      -6.000
Y:       0.000
Z:       0.000
A:
     0:        2.000       60.000  4320000.000        1.000        0.000
     5:        1.000    96000.000        1.000       10.000        0.000
    10:        0.000        0.000        0.000        0.000        0.000
    15:        0.000        0.000        0.000        0.000        0.000
    20:        0.000        0.000        0.000        0.000        0.000
    25:        0.000        0.000        0.000        0.000        0.000
    30:        0.000        0.000        0.000        0.000        0.000
    35:        0.000        0.000        0.000        0.000        0.000
    40:        0.000        0.000        0.000        0.000        0.000
    45:        0.000        0.000        0.000        0.000        0.000
    50:        0.000        0.000        0.000        0.000        0.000
    55:        0.000        0.000        0.000        0.000        0.000
    60:        0.000        0.000        0.000        0.000        0.000
    65:        0.000        0.000        0.000        0.000        0.000
    70:        0.000        0.000        0.000        0.000        0.000
    75:        0.000        0.000        0.000        0.000        0.000
    80:        0.000        0.000        0.000        0.000        0.000
    85:        0.000        0.000        0.000        0.000        0.000
    90:        0.000        0.000        0.000        0.000        0.000
    95:        0.000        0.000        0.000        0.000        0.000
   100:        0.000
B:
     0:  4320000.000  4323408.000        1.000        9.000        0.000
     5:        0.000        0.000        8.000      590.000      712.000
    10:        0.000      501.000       16.000        3.000       93.000
    15:        0.000        8.000        0.000        0.000        0.000
    20:        0.000        0.000        0.000        0.000        0.000
    25:        0.000        0.000        0.000        0.000        0.000
    30:        1.601        0.000        0.000       80.000        0.000
    35:        0.000        0.000        0.000        0.000        0.000
    40:        0.000        0.000        0.000        0.000        0.000
    45:        0.000        0.000        0.000        0.000        0.000
    50:        0.000        0.000        0.000        0.000        0.000
    55:        0.000        0.000        0.000        0.000        0.000
    60:        0.000        0.000        0.000        0.000        0.000
    65:        0.000        0.000        0.000        0.000        0.000
    70:        0.000        0.000        0.000        0.000        0.000
    75:        0.000        0.000        0.000        0.000        0.000
    80:        0.000        0.000        0.000        0.000        0.000
    85:        0.000        0.000        0.000        0.000        0.000
    90:        0.000        0.000        0.000        0.000        0.000
    95:        0.000        0.000        0.000        0.000        0.000
   100:        0.000
C:
     0:      782.100     1353.300     1363.300     4117.300    10433.300
     5:   107129.200   107129.200   107129.200   107129.200   107129.200
    10:   107129.200   107129.200   107129.200   107129.200   107129.200
    15:   107711.300   107734.300   107745.300   107756.300   107760.300
    20:   107774.300   107796.300   107819.300   107829.300   107838.300
    25:   107842.300   107863.300   107876.300   107900.300   108966.300
    30:   109012.300   109367.300   117083.300   117421.300   118223.300
    35:   120751.300   124856.300   129642.300   130206.300   165504.300
    40:   166430.300   166633.300   170052.300   191588.300   193401.300
    45:   194569.300   194894.300   194926.300   204738.300   205103.300
    50:   207974.300   208721.300   208816.300   208855.300   208874.300
    55:   231098.300   232614.300   232631.300   232953.300   233016.300
    60:   250175.300   257166.300   258055.300   258132.300   258387.300
    65:   259661.300   263874.300   263892.300   264969.300   265106.300
    70:   272488.300   275176.300   277538.300   281572.300   283392.300
    75:   290392.300   290399.300   293133.300   293305.300   293713.300
    80:   298645.300   337382.300   338892.300   344490.300   344524.300
    85:   344611.300   346247.300   367228.300   368224.300   369077.300
    90:   373820.300   375183.300   375328.300   378608.300   381488.300
    95:   386140.300   386362.300   387408.100   389855.300   390586.300
   100:   390646.300   391423.300   392068.300   392320.300   392400.300
   105:   392575.300   392936.300   435521.300   436649.300   436873.300
   110:   438083.300   438383.300   439525.300   455513.300   455579.300
   115:   457145.300   459363.300   475950.300   484349.300   490565.300
   120:   490687.300   491323.300   497104.300   498098.300   498554.300
   125:   502199.300   502244.300   556777.300   556791.300   557212.300
   130:   557749.300   557960.300   558037.300   561640.300   561896.300
   135:   562370.300   563302.300   563846.300   569385.100   572280.300
   140:   572304.300   572673.300   573124.300   573376.300   574513.300
   145:   575585.100   587597.300   588676.300   588973.300   611358.300
   150:   611723.300   612875.300   613103.300   616932.300   640523.300
   155:   643571.300   643590.300   666346.300   666370.300   666611.300
   160:   668317.300   668889.300   668928.300   669053.300   671460.300
   165:   671626.300   671648.300   673521.300   677956.300   679538.300
   170:   679635.300   679705.300   684034.300   684088.300   692726.300
   175:   692911.300   693312.300   700058.300   701982.300   761140.300
   180:   761171.300   763435.300   767300.300   767370.300   767425.300
   185:   767547.300   776831.300   776947.300   777100.300   778105.300
   190:   780432.300   787023.300   787180.300   787426.300   787646.300
   195:   789039.300   789149.300   793691.300   793731.300   798916.300
   200:   828917.300   830538.300   831330.300   831615.300   836766.300
   205:   842967.300   843863.300   845266.300   858363.300   858628.300
   210:   859828.300   859969.300   860632.300   886184.300   987996.200
   215:   987996.200   987996.200   987996.200   987996.200   987996.200
   220:   987996.200   987996.200   987996.200   987996.200   991888.300
   225:   991918.300   992295.300   996316.300  1001926.300  1002041.300
   230:  1008924.300  1008969.300  1009476.300  1011143.300  1015270.300
   235:  1015306.300  1018122.300  1018548.300  1026408.300  1142117.200
   240:  1142117.200  1142117.200  1142117.200  1142117.200  1142117.200
   245:  1142117.200  1142117.200  1142117.200  1142117.200  1144024.300
   250:  1145681.300  1148930.300  1148958.300  1150430.300  1152882.300
   255:  1152931.300  1153298.300  1155549.300  1156186.300  1156214.300
   260:  1156807.300  1163639.300  1163919.300  1172522.300  1172629.300
   265:  1283836.200  1283836.200  1283836.200  1283836.200  1283836.200
   270:  1283836.200  1283836.200  1283836.200  1283836.200  1283836.200
   275:  1284297.300  1284318.300  1284348.300  1284369.300  1284376.300
   280:  1284419.300  1284448.300  1284470.300  1284480.300  1284492.300
   285:  1284546.300  1284566.300  1284589.300  1284611.300  1284656.300
   290:  1284730.300  1285627.300  1288003.300  1288325.300  1288337.300
   295:  1288358.300  1288411.300  1288474.300  1288484.300  1288493.300
   300:  1288567.300  1288833.300  1288866.300  1291390.300  1291407.300
   305:  1294898.300  1301050.300  1305241.300  1306050.300  1308672.300
   310:  1308933.300  1309206.300  1309216.300  1309314.300  1309360.300
   315:  1311949.300  1312810.100  1317476.300  1317910.300  1318167.300
   320:  1346962.300  1346983.300  1427257.300  1429846.300  1430218.300
   325:  1434553.300  1434571.300  1434602.300  1434918.300  1435342.300
   330:  1435368.300  1438794.300  1443857.300  1491764.300  1521005.300
   335:  1529245.300  1529286.300  1638654.200  1638654.200  1638654.200
   340:  1638654.200  1638654.200  1638654.200  1638654.200  1638654.200
   345:  1638654.200  1638654.200  1640578.300  1641570.300  1642315.300
   350:  1642912.300  1642960.300  1643047.300  1643068.300  1643085.300
   355:  1643088.300  1643131.300  1643185.300  1643235.300  1643381.300
   360:  1643432.300  1643443.300  1643451.300  1643472.300  1643482.300
   365:  1643554.300  1643597.300  1643607.300  1643652.300  1643663.300
   370:  1643682.300  1643705.300  1643721.300  1643740.300  1643760.300
   375:  1643775.300  1643796.300  1643822.300  1643834.300  1643850.300
   380:  1643869.300  1643883.300  1643900.300  1643916.300  1643956.300
   385:  1643997.300  1644009.300  1646508.300  1646515.300  1646549.300
   390:  1653089.300  1653093.300  1653112.300  1657259.300  1659357.300
   395:  1663077.100  1667709.300  1667906.300  1667911.300  1671246.300
   400:  1675334.300  1675356.300  1679543.300  1750274.300  1750456.300
   405:  1809469.300  1809492.300  1827166.300  1827534.300  1857030.300
   410:  1893079.300  1899788.300  1900736.300  1922860.300  1994574.300
   415:  2003239.300  2003439.300  2080243.300  2080277.300  2080288.300
   420:  2113059.300  2113109.300  2113701.300  2114840.300  2123378.300
   425:  2124073.300  2126955.300  2126988.300  2136870.300  2256901.300
   430:  2274247.300  2332072.300  2332695.300  2344633.300  2388908.300
   435:  2392916.300  2398894.300  2402205.300  2402302.300  2407875.300
   440:  2407934.300  2410428.300  2410750.300  2497840.300  2497880.300
   445:  2501925.300  2501980.300  2508122.300  2636167.300  2636298.300
   450:  2649334.300  2662755.300  2662789.300  2662818.300  2672103.300
   455:  2672146.300  2747958.300  2780041.300  2782521.300  2782531.300
   460:  2783178.300  2788456.300  2788493.300  2884795.200  2884795.200
   465:  2884795.200  2884795.200  2884795.200  2884795.200  2884795.200
   470:  2884795.200  2884795.200  2884795.200  2886990.300  2892294.300
   475:  2892320.300  2901697.300  2921070.300  2923399.300  3070362.200
   480:  3070362.200  3070362.200  3070362.200  3070362.200  3070362.200
   485:  3070362.200  3070362.200  3070362.200  3070362.200  3070520.300
   490:  3072086.300  3072120.300  3073820.300  3073839.300  3074422.300
   495:  3074447.300  3074466.300  3074495.300  3074552.300  3074561.300
   500:  3074674.300  3302156.200  3302156.200  3302156.200  3302156.200
   505:  3302156.200  3302156.200  3302156.200  3302156.200  3302156.200
   510:  3302156.200  3303653.300  3304134.300  3305936.300  3305949.300
   515:  3305960.300  3308310.300  3308577.300  3308904.300  3308987.300
   520:  3309498.300  3313375.300  3313569.300  3351351.300  3352005.300
   525:  3359440.300  3359729.300  3388613.300  3465565.300  3466379.300
   530:  3477061.300  3480480.300  3500225.300  3501708.300  3961432.300
   535:  4033424.300  4037031.300  4037464.300  4037818.300  4040525.300
   540:  4045292.300  4046333.300  4119365.300  4119384.300  4120227.300
   545:  4122926.300  4123703.300  4125245.300  4126793.300  4128220.300
   550:  4131268.300  4135555.300  4135580.300  4135605.300  4137170.300
   555:  4139809.300  4142133.300  4142343.300  4152429.300  4153695.300
   560:  4153737.300  4155640.100  4205834.300  4205841.300  4206898.300
   565:  4209741.300  4209892.300  4210674.300  4211484.100  4213703.300
   570:  4214066.300  4218169.300  4226810.100  4226949.300  4227156.300
   575:  4233710.300  4233762.300  4234342.300  4242058.300  4269474.300
   580:  4269517.300  4269579.300  4269608.300  4269618.300  4269646.300
   585:  4269749.300  4269781.300  4269840.300  4275393.300  4278322.300
D:
     0:        0.111      782.200     1353.600     1363.600     4117.600
     5:    10433.600    13034.650    13344.650    13461.650    15655.650
    10:    15731.650    19329.650    19383.650    19760.250    20280.650
    15:    23444.650    24954.650    24970.650    24988.650    25298.650
    20:    34277.650    34592.650    34607.650    37746.650    37785.650
    25:    44365.250    49274.650    53530.650    54941.650    54953.650
    30:    54988.650    55372.650    59038.650    59214.650    59720.250
    35:    59784.650    88707.650    90002.650   106656.650   107129.400
    40:   107142.610   107174.410   107185.610   107223.410   107268.410
    45:   107317.410   107362.410   107411.410   107456.410   107505.410
    50:   107550.410   107555.420   108137.600   108160.600   108171.600
    55:   108182.600   108186.600   108200.600   108222.600   108245.600
    60:   108255.600   108264.600   108268.600   108289.600   108302.600
    65:   108326.600   109392.600   109438.600   109793.600   117509.600
    70:   117847.600   118649.600   121177.600   125282.600   130068.600
    75:   130632.600   165930.600   166856.600   167059.600   170478.600
    80:   192014.600   193827.600   194995.600   195320.600   195352.600
    85:   205164.600   205529.600   208400.600   209147.600   209242.600
    90:   209281.600   209300.600   231524.600   233040.600   233057.600
    95:   233379.600   233442.600   250601.600   257592.600   258481.600
   100:   258558.600   258813.600   260087.600   264300.600   264318.600
   105:   265395.600   265532.600   272914.600   275602.600   277964.600
   110:   281998.600   283818.600   290818.600   290825.600   293559.600
   115:   293731.600   294139.600   299071.600   337808.600   339318.600
   120:   344916.600   344950.600   345037.600   346673.600   367654.600
   125:   368650.600   369503.600   374246.600   375609.600   375754.600
   130:   379034.600   381914.600   386566.600   386788.600   387834.200
   135:   390281.600   391012.600   391072.600   391849.600   392494.600
   140:   392746.600   392826.600   393001.600   393362.600   435947.600
   145:   437075.600   437299.600   438509.600   438809.600   439951.600
   150:   455939.600   456005.600   457571.600   459789.600   476376.600
   155:   484775.600   490991.600   491113.600   491749.600   497530.600
   160:   498524.600   498980.600   502625.600   502670.600   557203.600
   165:   557217.600   557638.600   558175.600   558386.600   558463.600
   170:   562066.600   562322.600   562796.600   563728.600   564272.600
   175:   569811.200   572706.600   572730.600   573099.600   573550.600
   180:   573802.600   574939.600   576011.200   588023.600   589102.600
   185:   589399.600   611784.600   612149.600   613301.600   613529.600
   190:   617358.600   640949.600   643997.600   644016.600   666772.600
   195:   666796.600   667037.600   668743.600   669315.600   669354.600
   200:   669479.600   671886.600   672052.600   672074.600   673947.600
   205:   678382.600   679964.600   680061.600   680131.600   684460.600
   210:   684514.600   693152.600   693337.600   693738.600   700484.600
   215:   702408.600   761566.600   761597.600   763861.600   767726.600
   220:   767796.600   767851.600   767973.600   777257.600   777373.600
   225:   777526.600   778531.600   780858.600   787449.600   787606.600
   230:   787852.600   788072.600   789465.600   789575.600   794117.600
   235:   794157.600   799342.600   829343.600   830964.600   831756.600
   240:   832041.600   837192.600   843393.600   844289.600   845692.600
   245:   858789.600   859054.600   860254.600   860395.600   861058.600
   250:   886610.600   898885.650   899119.650   905136.650   905192.650
   255:   906074.650   906309.650   908854.650   908984.650   909366.650
   260:   909482.650   910031.650   917445.650   918029.650   918638.650
   265:   952124.650   953180.650   958261.650   961752.650   962592.650
   270:   962634.650   963795.650   964867.650   964992.650   972992.650
   275:   973013.650   973128.650   976324.650   976442.650   976866.650
   280:   978848.650   980208.650   985775.650   985841.650   985985.650
   285:   988422.400   988467.410   988516.410   988561.410   988576.610
   290:   988593.610   988610.410   988619.610   988655.410   988704.410
   295:   988749.410   988798.410   988843.410   988848.420   992740.600
   300:   992770.600   993147.600   997168.600  1002778.600  1002893.600
   305:  1009776.600  1009821.600  1010328.600  1011995.600  1016122.600
   310:  1016158.600  1018974.600  1019400.600  1027260.600  1069834.650
   315:  1070930.650  1072583.650  1072649.650  1077676.650  1078654.650
   320:  1128551.650  1128711.650  1142969.400  1143014.410  1143063.410
   325:  1143107.610  1143108.410  1143157.410  1143202.410  1143251.410
   330:  1143296.410  1143345.410  1143390.410  1143395.420  1145302.600
   335:  1146959.600  1150208.600  1150236.600  1151708.600  1154160.600
   340:  1154209.600  1154576.600  1156827.600  1157464.600  1157492.600
   345:  1158085.600  1164917.600  1165197.600  1173800.600  1173907.600
   350:  1210016.650  1212947.650  1213407.650  1219225.650  1220325.650
   355:  1267123.650  1267168.650  1268217.650  1268470.650  1272469.650
   360:  1282183.650  1285114.400  1285159.410  1285208.410  1285234.610
   365:  1285253.410  1285266.610  1285273.610  1285302.410  1285347.410
   370:  1285396.410  1285441.410  1285490.410  1285535.410  1285540.420
   375:  1286001.600  1286022.600  1286052.600  1286073.600  1286080.600
   380:  1286123.600  1286152.600  1286174.600  1286184.600  1286196.600
   385:  1286250.600  1286270.600  1286293.600  1286315.600  1286360.600
   390:  1286434.600  1287331.600  1289707.600  1290029.600  1290041.600
   395:  1290062.600  1290115.600  1290178.600  1290188.600  1290197.600
   400:  1290271.600  1290537.600  1290570.600  1293094.600  1293111.600
   405:  1296602.600  1302754.600  1306945.600  1307754.600  1310376.600
   410:  1310637.600  1310910.600  1310920.600  1311018.600  1311064.600
   415:  1313653.600  1314514.200  1319180.600  1319614.600  1319871.600
   420:  1348666.600  1348687.600  1428961.600  1431550.600  1431922.600
   425:  1436257.600  1436275.600  1436306.600  1436622.600  1437046.600
   430:  1437072.600  1440498.600  1445561.600  1493468.600  1522709.600
   435:  1530949.600  1530990.600  1568465.650  1588513.650  1634935.650
   440:  1635332.650  1640358.400  1640403.410  1640452.410  1640497.410
   445:  1640513.610  1640546.410  1640591.410  1640640.410  1640685.410
   450:  1640734.410  1640779.410  1640784.420  1642708.600  1643700.600
   455:  1644445.600  1645042.600  1645090.600  1645177.600  1645198.600
   460:  1645215.600  1645218.600  1645261.600  1645315.600  1645365.600
   465:  1645511.600  1645562.600  1645573.600  1645581.600  1645602.600
   470:  1645612.600  1645684.600  1645727.600  1645737.600  1645782.600
   475:  1645793.600  1645812.600  1645835.600  1645851.600  1645870.600
   480:  1645890.600  1645905.600  1645926.600  1645952.600  1645964.600
   485:  1645980.600  1645999.600  1646013.600  1646030.600  1646046.600
   490:  1646086.600  1646127.600  1646139.600  1648638.600  1648645.600
   495:  1648679.600  1655219.600  1655223.600  1655242.600  1659389.600
   500:  1661487.600  1665207.200  1669839.600  1670036.600  1670041.600
   505:  1673376.600  1677464.600  1677486.600  1681673.600  1752404.600
   510:  1752586.600  1811599.600  1811622.600  1829296.600  1829664.600
   515:  1859160.600  1895209.600  1901918.600  1902866.600  1924990.600
   520:  1996704.600  2005369.600  2005569.600  2082373.600  2082407.600
   525:  2082418.600  2115189.600  2115239.600  2115831.600  2116970.600
   530:  2125508.600  2126203.600  2129085.600  2129118.600  2139000.600
   535:  2259031.600  2276377.600  2334202.600  2334825.600  2346763.600
   540:  2391038.600  2395046.600  2401024.600  2404335.600  2404432.600
   545:  2410005.600  2410064.600  2412558.600  2412880.600  2499970.600
   550:  2500010.600  2504055.600  2504110.600  2510252.600  2638297.600
   555:  2638428.600  2651464.600  2664885.600  2664919.600  2664948.600
   560:  2674233.600  2674276.600  2750088.600  2782171.600  2784651.600
   565:  2784661.600  2785308.600  2790586.600  2790623.600  2791552.650
   570:  2796788.650  2797118.650  2797302.650  2797356.650  2834170.650
   575:  2886925.400  2886970.410  2887019.410  2887064.410  2887095.610
   580:  2887113.410  2887158.410  2887207.410  2887252.410  2887301.410
   585:  2887346.410  2887351.420  2889546.600  2894850.600  2894876.600
   590:  2904253.600  2923626.600  2925955.600  3072918.400  3072963.410
   595:  3073012.410  3073057.410  3073093.610  3073100.610  3073106.410
   600:  3073111.610  3073151.410  3073200.410  3073245.410  3073294.410
   605:  3073339.410  3073344.420  3073502.600  3075068.600  3075102.600
   610:  3076802.600  3076821.600  3077404.600  3077429.600  3077448.600
   615:  3077477.600  3077534.600  3077543.600  3077656.600  3305138.400
   620:  3305183.410  3305232.410  3305277.410  3305326.410  3305371.410
   625:  3305420.410  3305465.410  3305502.610  3305514.410  3305518.610
   630:  3305559.410  3305564.420  3307061.600  3307542.600  3309344.600
   635:  3309357.600  3309368.600  3311718.600  3311985.600  3312312.600
   640:  3312395.600  3312906.600  3316783.600  3316977.600  3354759.600
   645:  3355413.600  3362848.600  3363137.600  3392021.600  3468973.600
   650:  3469787.600  3480469.600  3483888.600  3503633.600  3505116.600
   655:  3964840.600  4036832.600  4040439.600  4040872.600  4041226.600
   660:  4043933.600  4048700.600  4049741.600  4122773.600  4122792.600
   665:  4123635.600  4126334.600  4127111.600  4128653.600  4130201.600
   670:  4131628.600  4134676.600  4138963.600  4138988.600  4139013.600
   675:  4140578.600  4143217.600  4145541.600  4145751.600  4155837.600
   680:  4157103.600  4157145.600  4159048.200  4209242.600  4209249.600
   685:  4210306.600  4213149.600  4213300.600  4214082.600  4214892.200
   690:  4217111.600  4217474.600  4221577.600  4230218.200  4230357.600
   695:  4230564.600  4237118.600  4237170.600  4237750.600  4245466.600
   700:  4272882.600  4272925.600  4272987.600  4273016.600  4273026.600
   705:  4273054.600  4273157.600  4273189.600  4273248.600  4278801.600
   710:  4281730.600  4323408.999
E:
     0:        5.200       16.300       28.800       43.200       59.900
     5:       80.100      105.300      139.300      191.600      330.300
F:
     0:        0.000        0.000        0.000        0.000        0.000
     5:        0.000
L:
     0:       12.000      153.000      137.000      119.000      154.000
     5:      169.000      174.000      363.000
M:
     0:        0.000        0.000        0.000        0.000        0.000
     5:        0.000
