File: C:\MED-PC IV\DATA\!2023-02-27_18h40m.Subject DF26


Start Date: 02/27/23
End Date: 02/28/23
Subject: DF26
Experiment: delayed_acquisition
Group: 1
Box: 6
Start Time: 18:40:39
End Time:  6:58:32
MSN: Delayed_AcquisitionYoked2_w_magmacro
G:       0.000
H:       0.000
I:       0.000
J:       0.000
K:       0.000
N:       0.000
O:       0.000
P:       0.000
Q:       0.000
R:       0.000
S:       0.000
T:       0.000
U:       0.000
V:       0.000
W:       0.000
X:      -1.000
Y:       0.000
Z:       0.000
A:
     0:        2.000       60.000  4320000.000        1.000        0.000
     5:        1.000    96000.000        1.000       10.000        0.000
    10:        0.000        0.000        0.000        0.000        0.000
    15:        0.000        0.000        0.000        0.000        0.000
    20:        0.000        0.000        0.000        0.000        0.000
    25:        0.000        0.000        0.000        0.000        0.000
    30:        0.000        0.000        0.000        0.000        0.000
    35:        0.000        0.000        0.000        0.000        0.000
    40:        0.000        0.000        0.000        0.000        0.000
    45:        0.000        0.000        0.000        0.000        0.000
    50:        0.000        0.000        0.000        0.000        0.000
    55:        0.000        0.000        0.000        0.000        0.000
    60:        0.000        0.000        0.000        0.000        0.000
    65:        0.000        0.000        0.000        0.000        0.000
    70:        0.000        0.000        0.000        0.000        0.000
    75:        0.000        0.000        0.000        0.000        0.000
    80:        0.000        0.000        0.000        0.000        0.000
    85:        0.000        0.000        0.000        0.000        0.000
    90:        0.000        0.000        0.000        0.000        0.000
    95:        0.000        0.000        0.000        0.000        0.000
   100:        0.000
B:
     0:  4320000.000  4323834.000        1.000       22.000        0.000
     5:        0.000        0.000        9.000      725.000      807.000
    10:        0.000      613.000        9.000        3.000       59.000
    15:        0.000        9.000        0.000        0.000        0.000
    20:        0.000        0.000        0.000        0.000        0.000
    25:        0.000        0.000        0.000        0.000        0.000
    30:        1.570        0.000        0.000       90.000        0.000
    35:        0.000        0.000        0.000        0.000        0.000
    40:        0.000        0.000        0.000        0.000        0.000
    45:        0.000        0.000        0.000        0.000        0.000
    50:        0.000        0.000        0.000        0.000        0.000
    55:        0.000        0.000        0.000        0.000        0.000
    60:        0.000        0.000        0.000        0.000        0.000
    65:        0.000        0.000        0.000        0.000        0.000
    70:        0.000        0.000        0.000        0.000        0.000
    75:        0.000        0.000        0.000        0.000        0.000
    80:        0.000        0.000        0.000        0.000        0.000
    85:        0.000        0.000        0.000        0.000        0.000
    90:        0.000        0.000        0.000        0.000        0.000
    95:        0.000        0.000        0.000        0.000        0.000
   100:        0.000
C:
     0:   100311.200   100311.200   100311.200   100311.200   100311.200
     5:   100311.200   100311.200   100311.200   100311.200   100311.200
    10:   102276.300   102357.300   103012.300   103074.300   103115.300
    15:   103148.300   103173.300   103192.300   103226.300   103250.300
    20:   103282.300   103336.300   103364.300   103389.300   103392.300
    25:   103401.300   103563.300   103574.300   103770.300   103963.300
    30:   104098.300   104191.300   104205.300   104233.300   104267.300
    35:   104333.300   104413.300   104431.300   104684.300   105248.300
    40:   113956.300   114083.300   114944.300   115199.300   115242.300
    45:   115291.300   119057.300   119093.300   140009.300   144872.300
    50:   151709.300   152234.300   152525.300   155765.300   164699.300
    55:   164850.300   175545.300   175571.300   176404.300   200873.300
    60:   200999.300   207862.300   235722.300   261943.300   261963.300
    65:   285496.100   286173.300   297672.300   301013.300   301074.300
    70:   311793.300   312679.300   360623.300   360705.300   368144.300
    75:   386706.300   386819.300   387436.300   390713.300   396017.300
    80:   436033.300   438047.300   441369.300   453331.300   453376.300
    85:   453381.300   461515.300   466926.100   467012.100   467290.300
    90:   467313.300   467744.300   475537.100   476033.300   476657.300
    95:   484640.300   485164.300   497218.300   524924.300   524928.300
   100:   524993.300   525002.300   540699.100   540942.100   541089.300
   105:   548472.100   549214.300   567133.300   571917.300   580228.300
   110:   580248.300   588399.300   588856.300   589508.300   635852.300
   115:   635893.300   635968.300   660297.300   665567.300   795184.200
   120:   795184.200   795184.200   795184.200   795184.200   795184.200
   125:   795184.200   795184.200   795184.200   795184.200   798854.300
   130:   799034.300   799054.300   799092.300   799102.300   799110.300
   135:   799146.300   799206.300   799210.300   799341.300   799359.300
   140:   799387.300   799399.300   799402.300   799435.300   799451.300
   145:   799481.300   799506.300   799514.300   799533.300   799570.300
   150:   799586.300   799591.300   799615.300   799781.300   799808.300
   155:   799900.300   799908.300   799947.300   800037.300   800580.300
   160:   800650.300   800936.300   801537.300   801889.300   802097.300
   165:   802207.300   802247.300   802299.300   802614.300   824450.300
   170:   825556.300   825594.300   831123.300   831149.300   831177.300
   175:   839729.100   896822.300   897922.300   906740.300   907358.300
   180:   913666.300   921325.300   922197.300   942233.300   942287.300
   185:   942502.300   955638.300   956436.300   956894.300   966838.300
   190:   979332.300   994231.300   994469.300  1005933.300  1006713.300
   195:  1031728.300  1040993.300  1049812.300  1049855.300  1099092.300
   200:  1099370.300  1100384.300  1105415.300  1113188.300  1116983.300
   205:  1117199.300  1121962.300  1125731.300  1134287.300  1159168.300
   210:  1176920.300  1176980.300  1194788.300  1219645.300  1222575.300
   215:  1319130.200  1319130.200  1319130.200  1319130.200  1319130.200
   220:  1319130.200  1319130.200  1319130.200  1319130.200  1319130.200
   225:  1319949.300  1321692.300  1321784.300  1321829.300  1322030.300
   230:  1322430.300  1322454.300  1322464.300  1322505.300  1322524.300
   235:  1322531.300  1322572.300  1322582.300  1322598.300  1322619.300
   240:  1322740.300  1322849.300  1323040.300  1323129.300  1323154.300
   245:  1323563.300  1323659.300  1323701.300  1323786.300  1323860.300
   250:  1323950.300  1323964.300  1324218.300  1324293.300  1324304.300
   255:  1324529.300  1324595.300  1324623.300  1324648.300  1324775.300
   260:  1324804.300  1324886.300  1324981.300  1325004.300  1325018.300
   265:  1325022.300  1325216.300  1325218.300  1325245.300  1325367.300
   270:  1325562.300  1325564.300  1325699.300  1326099.300  1326334.300
   275:  1326357.300  1326517.300  1326539.300  1326967.300  1327067.300
   280:  1327173.300  1327189.300  1327315.300  1327485.300  1327567.300
   285:  1327720.300  1327815.300  1327835.300  1327862.300  1328057.300
   290:  1328121.300  1328406.300  1328962.300  1328965.300  1329492.300
   295:  1329610.300  1329649.300  1329748.300  1330024.300  1330264.300
   300:  1330776.300  1331046.300  1331435.300  1331437.300  1331459.300
   305:  1331496.300  1331788.300  1331971.300  1331984.300  1332043.300
   310:  1332495.300  1332606.300  1332990.300  1333669.300  1334168.300
   315:  1334271.300  1335066.300  1335204.300  1335288.300  1335403.300
   320:  1335589.300  1335928.300  1336341.300  1336745.300  1337045.300
   325:  1337204.300  1338502.300  1338525.300  1338557.300  1338608.300
   330:  1338639.300  1338678.300  1339055.300  1339334.300  1339429.300
   335:  1339538.300  1339626.300  1340080.300  1340577.300  1341131.300
   340:  1344367.300  1344623.300  1344628.300  1344934.300  1345527.300
   345:  1347117.300  1347310.300  1347717.300  1352159.300  1356852.300
   350:  1356860.300  1359354.300  1359507.300  1362972.300  1363038.300
   355:  1363680.300  1365653.300  1365746.300  1365914.300  1366058.300
   360:  1372098.300  1372545.300  1372554.300  1375972.300  1376024.300
   365:  1376653.300  1377399.300  1383692.300  1383867.300  1384565.300
   370:  1384595.300  1390305.100  1390845.300  1390933.300  1390946.300
   375:  1391348.300  1394009.300  1398197.300  1398199.300  1400697.300
   380:  1400699.300  1400754.300  1400822.300  1401966.300  1411649.300
   385:  1411664.300  1411694.300  1411727.300  1411750.300  1412718.300
   390:  1413404.300  1415522.300  1415902.300  1420666.300  1420680.300
   395:  1420838.300  1433012.300  1439125.300  1543633.200  1543633.200
   400:  1543633.200  1543633.200  1543633.200  1543633.200  1543633.200
   405:  1543633.200  1543633.200  1543633.200  1545293.300  1545309.300
   410:  1545330.300  1545351.300  1545355.300  1545422.300  1545430.300
   415:  1545447.300  1545450.300  1545469.300  1545489.300  1545509.300
   420:  1545628.300  1545716.300  1545733.300  1545788.300  1545817.300
   425:  1545824.300  1545839.300  1545870.300  1545887.300  1545906.300
   430:  1545926.300  1545946.300  1546012.300  1546024.300  1546031.300
   435:  1546047.300  1546084.300  1546731.300  1546788.300  1546841.300
   440:  1546925.300  1546936.300  1546960.300  1546971.300  1546980.300
   445:  1547052.300  1547100.300  1547174.300  1547187.300  1547421.300
   450:  1547645.300  1659329.200  1659329.200  1659329.200  1659329.200
   455:  1659329.200  1659329.200  1659329.200  1659329.200  1659329.200
   460:  1659329.200  1663017.300  1663415.300  1663715.300  1663909.300
   465:  1663965.300  1664220.300  1664688.300  1664724.300  1664775.300
   470:  1664937.300  1665114.300  1665574.300  1665969.300  1666006.300
   475:  1666107.300  1680952.100  1730771.300  1735474.300  1735667.300
   480:  1744920.300  1744924.300  1748126.300  1748299.300  1815886.300
   485:  1843279.300  1866529.300  1883032.300  1911326.300  1911388.300
   490:  1911599.300  1918148.300  1945456.300  1981213.300  1981276.300
   495:  1981649.300  2110310.200  2110310.200  2110310.200  2110310.200
   500:  2110310.200  2110310.200  2110310.200  2110310.200  2110310.200
   505:  2110310.200  2110873.300  2110908.300  2110913.300  2110939.300
   510:  2110972.300  2111498.300  2111525.300  2112018.300  2112265.300
   515:  2112750.300  2112782.300  2112787.300  2112791.300  2112979.300
   520:  2112989.300  2113144.300  2113185.300  2113260.300  2113584.300
   525:  2114357.300  2114664.300  2114847.300  2115015.300  2115243.300
   530:  2115473.300  2115590.300  2115627.300  2115655.300  2115720.300
   535:  2115786.300  2116275.300  2116557.300  2116747.300  2116898.300
   540:  2117079.300  2117567.300  2117581.300  2117952.300  2118217.300
   545:  2118344.300  2118361.300  2118726.300  2118929.300  2119866.300
   550:  2120028.300  2120087.300  2120853.300  2121141.300  2121226.300
   555:  2122174.300  2122210.300  2122289.300  2126147.300  2126289.300
   560:  2134193.300  2134227.300  2172995.300  2173039.300  2173444.300
   565:  2173531.300  2173748.300  2204412.300  2256964.300  2256977.300
   570:  2298835.300  2298913.300  2298932.300  2303868.300  2303887.300
   575:  2303940.300  2316869.300  2317183.300  2317186.300  2317247.300
   580:  2317366.300  2317979.300  2318195.300  2325917.100  2357663.300
   585:  2358300.300  2388758.300  2388771.300  2389410.300  2389505.300
   590:  2393507.300  2395797.300  2395927.300  2398777.300  2398803.300
   595:  2409073.100  2417000.300  2417127.300  2417255.300  2452758.300
   600:  2452889.300  2463208.100  2463237.100  2471485.100  2471510.100
   605:  2484020.300  2604746.200  2604746.200  2604746.200  2604746.200
   610:  2604746.200  2604746.200  2604746.200  2604746.200  2604746.200
   615:  2604746.200  2606470.300  2606508.300  2606528.300  2606545.300
   620:  2606566.300  2606572.300  2606594.300  2606615.300  2606617.300
   625:  2606635.300  2606695.300  2606726.300  2606744.300  2607275.300
   630:  2607286.300  2608696.300  2608944.300  2608968.300  2609034.300
   635:  2609049.300  2609077.300  2609093.300  2609121.300  2609455.300
   640:  2723054.300  2780618.300  2925086.200  2925086.200  2925086.200
   645:  2925086.200  2925086.200  2925086.200  2925086.200  2925086.200
   650:  2925086.200  2925086.200  2928230.300  2929886.300  2929915.300
   655:  2929940.300  2930163.300  2930243.300  2931067.300  2931313.300
   660:  2932260.300  2932955.300  2940869.300  3364712.300  3364736.300
   665:  3436289.300  3436397.300  3436436.300  3436571.300  3439074.300
   670:  3470428.300  3470593.300  3470744.300  3478840.300  3479162.300
   675:  3479770.300  3500451.100  3507828.300  3507844.300  3507860.300
   680:  3706021.300  3713450.300  3713625.300  4119047.200  4119047.200
   685:  4119047.200  4119047.200  4119047.200  4119047.200  4119047.200
   690:  4119047.200  4119047.200  4119047.200  4119513.300  4119535.300
   695:  4119565.300  4119592.300  4119615.300  4119640.300  4119668.300
   700:  4119696.300  4119719.300  4119821.300  4122724.300  4123838.300
   705:  4123943.300  4124388.300  4124801.300  4128788.300  4138958.300
   710:  4139186.300  4139843.300  4144277.300  4149117.100  4154941.300
   715:  4170350.300  4170469.300  4170931.300  4171036.300  4238560.300
   720:  4248204.300  4252655.100  4252684.100  4252909.100  4257845.100
D:
     0:        0.111     8741.650     9830.650     9917.650    10202.650
     5:    10250.650    18713.650    22715.250    23236.250    23557.650
    10:    23758.650    41524.650    41615.650    46422.650    46858.650
    15:    46909.650    54766.650    54857.650    54989.650    55287.650
    20:    55377.650    55583.650    55651.650    60730.650    76360.650
    25:   100311.400   100356.410   100405.410   100444.610   100450.410
    30:   100499.410   100544.410   100593.410   100638.410   100687.410
    35:   100732.410   100737.420   102702.600   102783.600   103438.600
    40:   103500.600   103541.600   103574.600   103599.600   103618.600
    45:   103652.600   103676.600   103708.600   103762.600   103790.600
    50:   103815.600   103818.600   103827.600   103989.600   104000.600
    55:   104196.600   104389.600   104524.600   104617.600   104631.600
    60:   104659.600   104693.600   104759.600   104839.600   104857.600
    65:   105110.600   105674.600   114382.600   114509.600   115370.600
    70:   115625.600   115668.600   115717.600   119483.600   119519.600
    75:   140435.600   145298.600   152135.600   152660.600   152951.600
    80:   156191.600   165125.600   165276.600   175971.600   175997.600
    85:   176830.600   201299.600   201425.600   208288.600   236148.600
    90:   262369.600   262389.600   285922.200   286599.600   298098.600
    95:   301439.600   301500.600   312219.600   313105.600   361049.600
   100:   361131.600   368570.600   387132.600   387245.600   387862.600
   105:   391139.600   396443.600   436459.600   438473.600   441795.600
   110:   453757.600   453802.600   453807.600   461941.600   467352.200
   115:   467438.200   467716.600   467739.600   468170.600   475963.200
   120:   476459.600   477083.600   485066.600   485590.600   497644.600
   125:   525350.600   525354.600   525419.600   525428.600   541125.200
   130:   541368.200   541515.600   548898.200   549640.600   567559.600
   135:   572343.600   580654.600   580674.600   588825.600   589282.600
   140:   589934.600   636278.600   636319.600   636394.600   660723.600
   145:   665993.600   710369.650   710389.650   740110.650   740141.650
   150:   742148.650   763765.650   776335.650   776846.650   795610.400
   155:   795655.410   795704.410   795713.610   795749.410   795798.410
   160:   795843.410   795892.410   795937.410   795986.410   796031.410
   165:   796036.420   799706.600   799886.600   799906.600   799944.600
   170:   799954.600   799962.600   799998.600   800058.600   800062.600
   175:   800193.600   800211.600   800239.600   800251.600   800254.600
   180:   800287.600   800303.600   800333.600   800358.600   800366.600
   185:   800385.600   800422.600   800438.600   800443.600   800467.600
   190:   800633.600   800660.600   800752.600   800760.600   800799.600
   195:   800889.600   801432.600   801502.600   801788.600   802389.600
   200:   802741.600   802949.600   803059.600   803099.600   803151.600
   205:   803466.600   825302.600   826408.600   826446.600   831975.600
   210:   832001.600   832029.600   840581.200   897674.600   898774.600
   215:   907592.600   908210.600   914518.600   922177.600   923049.600
   220:   943085.600   943139.600   943354.600   956490.600   957288.600
   225:   957746.600   967690.600   980184.600   995083.600   995321.600
   230:  1006785.600  1007565.600  1032580.600  1041845.600  1050664.600
   235:  1050707.600  1099944.600  1100222.600  1101236.600  1106267.600
   240:  1114040.600  1117835.600  1118051.600  1122814.600  1126583.600
   245:  1135139.600  1160020.600  1177772.600  1177832.600  1195640.600
   250:  1220497.600  1223427.600  1275199.650  1275534.650  1288877.250
   255:  1289325.650  1295312.650  1299146.650  1317548.650  1317737.650
   260:  1319232.650  1319982.400  1320027.410  1320076.410  1320121.410
   265:  1320136.610  1320170.410  1320215.410  1320264.410  1320309.410
   270:  1320358.410  1320403.410  1320408.420  1321227.600  1322970.600
   275:  1323062.600  1323107.600  1323308.600  1323708.600  1323732.600
   280:  1323742.600  1323783.600  1323802.600  1323809.600  1323850.600
   285:  1323860.600  1323876.600  1323897.600  1324018.600  1324127.600
   290:  1324318.600  1324407.600  1324432.600  1324841.600  1324937.600
   295:  1324979.600  1325064.600  1325138.600  1325228.600  1325242.600
   300:  1325496.600  1325571.600  1325582.600  1325807.600  1325873.600
   305:  1325901.600  1325926.600  1326053.600  1326082.600  1326164.600
   310:  1326259.600  1326282.600  1326296.600  1326300.600  1326494.600
   315:  1326496.600  1326523.600  1326645.600  1326840.600  1326842.600
   320:  1326977.600  1327377.600  1327612.600  1327635.600  1327795.600
   325:  1327817.600  1328245.600  1328345.600  1328451.600  1328467.600
   330:  1328593.600  1328763.600  1328845.600  1328998.600  1329093.600
   335:  1329113.600  1329140.600  1329335.600  1329399.600  1329684.600
   340:  1330240.600  1330243.600  1330770.600  1330888.600  1330927.600
   345:  1331026.600  1331302.600  1331542.600  1332054.600  1332324.600
   350:  1332713.600  1332715.600  1332737.600  1332774.600  1333066.600
   355:  1333249.600  1333262.600  1333321.600  1333773.600  1333884.600
   360:  1334268.600  1334947.600  1335446.600  1335549.600  1336344.600
   365:  1336482.600  1336566.600  1336681.600  1336867.600  1337206.600
   370:  1337619.600  1338023.600  1338323.600  1338482.600  1339780.600
   375:  1339803.600  1339835.600  1339886.600  1339917.600  1339956.600
   380:  1340333.600  1340612.600  1340707.600  1340816.600  1340904.600
   385:  1341358.600  1341855.600  1342409.600  1345645.600  1345901.600
   390:  1345906.600  1346212.600  1346805.600  1348395.600  1348588.600
   395:  1348995.600  1353437.600  1358130.600  1358138.600  1360632.600
   400:  1360785.600  1364250.600  1364316.600  1364958.600  1366931.600
   405:  1367024.600  1367192.600  1367336.600  1373376.600  1373823.600
   410:  1373832.600  1377250.600  1377302.600  1377931.600  1378677.600
   415:  1384970.600  1385145.600  1385843.600  1385873.600  1391583.200
   420:  1392123.600  1392211.600  1392224.600  1392626.600  1395287.600
   425:  1399475.600  1399477.600  1401975.600  1401977.600  1402032.600
   430:  1402100.600  1403244.600  1412927.600  1412942.600  1412972.600
   435:  1413005.600  1413028.600  1413996.600  1414682.600  1416800.600
   440:  1417180.600  1421944.600  1421958.600  1422116.600  1434290.600
   445:  1440403.600  1484018.650  1489928.650  1490130.650  1495874.650
   450:  1506510.650  1506796.650  1517189.650  1544911.400  1544956.410
   455:  1545005.410  1545050.410  1545081.610  1545099.410  1545144.410
   460:  1545193.410  1545238.410  1545287.410  1545332.410  1545337.420
   465:  1546997.600  1547013.600  1547034.600  1547055.600  1547059.600
   470:  1547126.600  1547134.600  1547151.600  1547154.600  1547173.600
   475:  1547193.600  1547213.600  1547332.600  1547420.600  1547437.600
   480:  1547492.600  1547521.600  1547528.600  1547543.600  1547574.600
   485:  1547591.600  1547610.600  1547630.600  1547650.600  1547716.600
   490:  1547728.600  1547735.600  1547751.600  1547788.600  1548435.600
   495:  1548492.600  1548545.600  1548629.600  1548640.600  1548664.600
   500:  1548675.600  1548684.600  1548756.600  1548804.600  1548878.600
   505:  1548891.600  1549125.600  1549349.600  1582581.650  1633845.650
   510:  1661033.400  1661078.410  1661127.410  1661133.610  1661172.410
   515:  1661221.410  1661266.410  1661315.410  1661360.410  1661409.410
   520:  1661454.410  1661459.420  1665147.600  1665545.600  1665845.600
   525:  1666039.600  1666095.600  1666350.600  1666818.600  1666854.600
   530:  1666905.600  1667067.600  1667244.600  1667704.600  1668099.600
   535:  1668136.600  1668237.600  1683082.200  1732901.600  1737604.600
   540:  1737797.600  1747050.600  1747054.600  1750256.600  1750429.600
   545:  1818016.600  1845409.600  1868659.600  1885162.600  1913456.600
   550:  1913518.600  1913729.600  1920278.600  1947586.600  1983343.600
   555:  1983406.600  1983779.600  2028512.650  2034127.650  2034342.650
   560:  2034430.650  2112440.400  2112485.410  2112534.410  2112579.410
   565:  2112628.410  2112673.410  2112722.410  2112767.410  2112781.610
   570:  2112816.410  2112861.410  2112866.420  2113429.600  2113464.600
   575:  2113469.600  2113495.600  2113528.600  2114054.600  2114081.600
   580:  2114574.600  2114821.600  2115306.600  2115338.600  2115343.600
   585:  2115347.600  2115535.600  2115545.600  2115700.600  2115741.600
   590:  2115816.600  2116140.600  2116913.600  2117220.600  2117403.600
   595:  2117571.600  2117799.600  2118029.600  2118146.600  2118183.600
   600:  2118211.600  2118276.600  2118342.600  2118831.600  2119113.600
   605:  2119303.600  2119454.600  2119635.600  2120123.600  2120137.600
   610:  2120508.600  2120773.600  2120900.600  2120917.600  2121282.600
   615:  2121485.600  2122422.600  2122584.600  2122643.600  2123409.600
   620:  2123697.600  2123782.600  2124730.600  2124766.600  2124845.600
   625:  2128703.600  2128845.600  2136749.600  2136783.600  2175551.600
   630:  2175595.600  2176000.600  2176087.600  2176304.600  2206968.600
   635:  2259520.600  2259533.600  2301391.600  2301469.600  2301488.600
   640:  2306424.600  2306443.600  2306496.600  2319425.600  2319739.600
   645:  2319742.600  2319803.600  2319922.600  2320535.600  2320751.600
   650:  2328473.200  2360219.600  2360856.600  2391314.600  2391327.600
   655:  2391966.600  2392061.600  2396063.600  2398353.600  2398483.600
   660:  2401333.600  2401359.600  2411629.200  2419556.600  2419683.600
   665:  2419811.600  2455314.600  2455445.600  2465764.200  2465793.200
   670:  2474041.200  2474066.200  2486576.600  2607302.400  2607347.410
   675:  2607396.410  2607413.610  2607441.410  2607490.410  2607535.410
   680:  2607584.410  2607629.410  2607678.410  2607723.410  2607728.420
   685:  2609452.600  2609490.600  2609510.600  2609527.600  2609548.600
   690:  2609554.600  2609576.600  2609597.600  2609599.600  2609617.600
   695:  2609677.600  2609708.600  2609726.600  2610257.600  2610268.600
   700:  2611678.600  2611926.600  2611950.600  2612016.600  2612031.600
   705:  2612059.600  2612075.600  2612103.600  2612437.600  2726036.600
   710:  2783600.600  2854172.650  2854288.650  2871485.650  2872099.650
   715:  2881750.650  2896561.650  2896791.650  2899247.650  2928068.400
   720:  2928113.410  2928162.410  2928207.410  2928212.610  2928256.410
   725:  2928301.410  2928350.410  2928395.410  2928444.410  2928489.410
   730:  2928494.420  2931638.600  2933294.600  2933323.600  2933348.600
   735:  2933571.600  2933651.600  2934475.600  2934721.600  2935668.600
   740:  2936363.600  2944277.600  3368120.600  3368144.600  3439697.600
   745:  3439805.600  3439844.600  3439979.600  3442482.600  3473836.600
   750:  3474001.600  3474152.600  3482248.600  3482570.600  3483178.600
   755:  3503859.200  3511236.600  3511252.600  3511268.600  3709429.600
   760:  3716858.600  3717033.600  4122455.400  4122500.410  4122549.410
   765:  4122594.410  4122621.610  4122643.410  4122688.410  4122737.410
   770:  4122782.410  4122831.410  4122876.410  4122881.420  4123347.600
   775:  4123369.600  4123399.600  4123426.600  4123449.600  4123474.600
   780:  4123502.600  4123530.600  4123553.600  4123655.600  4126558.600
   785:  4127672.600  4127777.600  4128222.600  4128635.600  4132622.600
   790:  4142792.600  4143020.600  4143677.600  4148111.600  4152951.200
   795:  4158775.600  4174184.600  4174303.600  4174765.600  4174870.600
   800:  4242394.600  4252038.600  4256489.200  4256518.200  4256743.200
   805:  4261679.200  4323834.999
E:
     0:        5.200       16.300       28.800       43.200       59.900
     5:       80.100      105.300      139.300      191.600      330.300
F:
     0:        0.000        0.000        0.000        0.000        0.000
     5:        0.000
L:
     0:      132.000      102.000      153.000      169.000       99.000
     5:      340.000      110.000      143.000      165.000
M:
     0:        0.000        0.000        0.000        0.000        0.000
     5:        0.000
