File: C:\MED-PC IV\DATA\!2023-03-07_18h55m.Subject DF24


Start Date: 03/07/23
End Date: 03/08/23
Subject: DF24
Experiment: delayed_acquisition
Group: 1
Box: 4
Start Time: 18:55:48
End Time:  7:12:14
MSN: Delayed_AcquisitionYoked2_w_magmacro
G:       0.000
H:       0.000
I:       0.000
J:       0.000
K:       0.000
N:       0.000
O:       0.000
P:       0.000
Q:       0.000
R:       0.000
S:       0.000
T:       0.000
U:       0.000
V:       0.000
W:       0.000
X:      -6.000
Y:       0.000
Z:       0.000
A:
     0:        2.000       60.000  4320000.000        1.000        0.000
     5:        1.000    96000.000        1.000       10.000        0.000
    10:        0.000        0.000        0.000        0.000        0.000
    15:        0.000        0.000        0.000        0.000        0.000
    20:        0.000        0.000        0.000        0.000        0.000
    25:        0.000        0.000        0.000        0.000        0.000
    30:        0.000        0.000        0.000        0.000        0.000
    35:        0.000        0.000        0.000        0.000        0.000
    40:        0.000        0.000        0.000        0.000        0.000
    45:        0.000        0.000        0.000        0.000        0.000
    50:        0.000        0.000        0.000        0.000        0.000
    55:        0.000        0.000        0.000        0.000        0.000
    60:        0.000        0.000        0.000        0.000        0.000
    65:        0.000        0.000        0.000        0.000        0.000
    70:        0.000        0.000        0.000        0.000        0.000
    75:        0.000        0.000        0.000        0.000        0.000
    80:        0.000        0.000        0.000        0.000        0.000
    85:        0.000        0.000        0.000        0.000        0.000
    90:        0.000        0.000        0.000        0.000        0.000
    95:        0.000        0.000        0.000        0.000        0.000
   100:        0.000
B:
     0:  4320000.000  4323408.000        1.000        1.000        0.000
     5:        0.000        0.000        8.000     1649.000     2211.000
    10:        0.000     1568.000       10.000        2.000      540.000
    15:        0.000        8.000        0.000        0.000        0.000
    20:        0.000        0.000        0.000        0.000        0.000
    25:        0.000        0.000        0.000        0.000        0.000
    30:        0.906        0.000        0.000       80.000        0.000
    35:        0.000        0.000        0.000        0.000        0.000
    40:        0.000        0.000        0.000        0.000        0.000
    45:        0.000        0.000        0.000        0.000        0.000
    50:        0.000        0.000        0.000        0.000        0.000
    55:        0.000        0.000        0.000        0.000        0.000
    60:        0.000        0.000        0.000        0.000        0.000
    65:        0.000        0.000        0.000        0.000        0.000
    70:        0.000        0.000        0.000        0.000        0.000
    75:        0.000        0.000        0.000        0.000        0.000
    80:        0.000        0.000        0.000        0.000        0.000
    85:        0.000        0.000        0.000        0.000        0.000
    90:        0.000        0.000        0.000        0.000        0.000
    95:        0.000        0.000        0.000        0.000        0.000
   100:        0.000
C:
     0:     1267.300     1312.300     1461.300     6316.300     6536.300
     5:     9316.300     9345.300    18234.300    18318.300   117287.200
    10:   117287.200   117287.200   117287.200   117287.200   117287.200
    15:   117287.200   117287.200   117287.200   117287.200   117466.300
    20:   117536.300   118897.300   120752.300   120788.300   120796.300
    25:   127137.300   128324.300   128371.300   128385.300   135042.300
    30:   135376.300   135524.300   137869.300   138089.300   139429.300
    35:   139466.300   139506.300   141701.300   141735.300   142768.300
    40:   143289.300   143997.300   144040.300   144714.300   148638.300
    45:   150374.300   150923.300   156680.300   157951.300   158026.300
    50:   159084.300   159269.300   159919.300   162036.300   162241.300
    55:   162947.300   162960.300   166542.300   168913.300   172010.300
    60:   172337.300   174204.300   175295.300   175637.300   183399.300
    65:   186819.300   188123.300   188202.300   190529.300   192420.300
    70:   195594.300   196749.300   197683.300   198608.300   203110.300
    75:   204845.300   204927.300   205077.300   205429.300   205553.300
    80:   208692.300   210002.300   210463.300   211580.300   212628.300
    85:   214867.300   219190.300   219225.300   224403.300   225011.300
    90:   225959.300   228345.300   229217.300   230333.300   233188.300
    95:   233220.300   233282.300   233515.300   234683.300   237671.300
   100:   241148.300   241251.300   337995.200   337995.200   337995.200
   105:   337995.200   337995.200   337995.200   337995.200   337995.200
   110:   337995.200   337995.200   338116.300   338141.300   338159.300
   115:   338187.300   338204.300   338249.300   338662.300   339244.300
   120:   339291.300   339357.300   339380.300   339421.300   339442.300
   125:   339484.300   339504.300   339558.300   339575.300   339593.300
   130:   339644.300   339668.300   339690.300   339716.300   339749.300
   135:   341354.300   341376.300   341399.300   341423.300   341508.300
   140:   341532.300   341574.300   341768.300   341873.300   341937.300
   145:   341949.300   341963.300   341988.300   341995.300   342002.300
   150:   342043.300   342087.300   342096.300   342104.300   342112.300
   155:   342133.300   342152.300   342172.300   342182.300   342191.300
   160:   342245.300   342282.300   342298.300   342333.300   342349.300
   165:   342361.300   342384.300   342413.300   346250.300   346271.300
   170:   347811.300   348262.300   348302.300   351986.300   352012.300
   175:   352055.300   352140.300   352197.300   352247.300   352911.300
   180:   353078.300   353295.300   353634.300   360373.300   360419.300
   185:   360429.300   364252.300   365022.300   365300.300   365746.300
   190:   370459.300   372219.300   373430.300   374710.300   374719.300
   195:   374756.300   374776.300   375275.300   375313.300   376959.300
   200:   377065.300   377076.300   377105.300   377126.300   377136.300
   205:   377156.300   377178.300   377188.300   377226.300   377254.300
   210:   377331.300   377372.300   378008.300   378061.300   379454.300
   215:   380583.300   387397.300   389182.300   391141.300   391531.300
   220:   393568.300   394730.300   395391.300   395957.300   395982.300
   225:   403581.300   403607.300   405185.300   407717.300   409223.300
   230:   409258.300   409323.300   412052.300   412065.300   414316.300
   235:   415650.300   415670.300   415691.300   416466.300   417381.300
   240:   418976.300   420666.300   420707.300   424208.300   424321.300
   245:   424434.300   428202.300   428751.300   429236.300   429389.300
   250:   429448.300   431237.300   431300.300   432883.300   434213.300
   255:   439337.300   441636.300   446723.300   447884.300   455657.300
   260:   456772.300   457507.300   458526.300   458784.300   461532.300
   265:   461580.300   463978.300   468189.300   469965.300   472390.300
   270:   472424.300   477194.300   477845.300   480517.300   486299.300
   275:   487270.300   487919.300   491233.300   493182.300   493266.300
   280:   496616.300   498122.300   498958.300   500924.300   501157.300
   285:   502384.300   505451.300   507357.300   509524.300   516699.300
   290:   518604.300   518709.300   518756.300   518812.300   518856.300
   295:   518885.300   518907.300   518983.300   519019.300   519042.300
   300:   519068.300   519150.300   519257.300   519831.300   523157.300
   305:   523160.300   523356.300   523497.300   524652.300   524667.300
   310:   524734.300   530240.300   530292.300   531176.300   531881.300
   315:   537162.300   537819.300   553242.300   555137.300   556508.300
   320:   557407.300   558064.300   562082.300   562174.300   562274.300
   325:   562325.300   562598.300   564966.300   565060.300   567556.300
   330:   568779.300   569493.300   569888.300   570005.300   572576.300
   335:   572607.300   572648.300   572785.300   572878.300   572994.300
   340:   573144.300   573167.300   581142.300   583628.300   587184.300
   345:   587556.300   587623.300   587718.300   587740.300   587781.300
   350:   588127.300   588881.300   588895.300   589081.300   589129.300
   355:   589288.300   589338.300   589393.300   589517.300   589529.300
   360:   589540.300   589550.300   589562.300   589678.300   589686.300
   365:   589696.300   589724.300   589773.300   589803.300   589815.300
   370:   589833.300   589871.300   589904.300   590531.300   590865.300
   375:   590904.300   591992.300   594177.300   594977.300   595195.300
   380:   597356.300   598503.300   600081.300   600497.300   603439.300
   385:   603537.300   603596.300   603641.300   603864.300   605098.300
   390:   606404.300   606803.300   606878.300   606931.300   607039.300
   395:   608999.300   611357.300   613089.300   613691.300   614159.300
   400:   615069.300   616586.300   617472.300   617937.300   618251.300
   405:   618666.300   618797.300   619440.300   620286.300   621862.300
   410:   622616.300   627598.300   630257.300   630666.300   632402.300
   415:   632479.300   632482.300   634079.300   634639.300   642386.300
   420:   642623.300   642682.300   649069.300   649123.300   649185.300
   425:   649199.300   649644.300   651506.300   651718.300   653430.300
   430:   653469.300   653521.300   656969.300   660625.300   661717.300
   435:   668743.300   670344.300   671108.300   671983.300   679000.300
   440:   679476.300   682613.300   684936.300   685620.300   686007.300
   445:   686280.300   699060.300   699080.300   699936.300   700764.300
   450:   707085.300   709849.300   711364.300   711458.300   711509.300
   455:   712275.300   716242.300   716297.300   716970.300   722080.300
   460:   722225.300   722236.300   722304.300   722355.300   722366.300
   465:   722385.300   722400.300   722490.300   722501.300   722519.300
   470:   722547.300   722615.300   725697.300   731488.300   735837.300
   475:   746216.300   746312.300   746467.300   746475.300   746550.300
   480:   746557.300   746619.300   746690.300   746792.300   746797.300
   485:   746830.300   746889.300   746912.300   746957.300   747018.300
   490:   747068.300   747108.300   747186.300   750118.300   750315.300
   495:   753756.300   755361.300   756630.300   759310.300   856431.200
   500:   856431.200   856431.200   856431.200   856431.200   856431.200
   505:   856431.200   856431.200   856431.200   856431.200   856655.300
   510:   856680.300   856707.300   856716.300   856740.300   856743.300
   515:   856768.300   856792.300   856815.300   856843.300   856867.300
   520:   856893.300   856911.300   856936.300   856963.300   856972.300
   525:   856987.300   857015.300   857037.300   857059.300   859109.300
   530:   859475.300   859492.300   859513.300   859540.300   859556.300
   535:   859617.300   859646.300   859670.300   859689.300   859760.300
   540:   859778.300   859780.300   859814.300   859844.300   859861.300
   545:   859886.300   862181.300   862248.300   862285.300   862289.300
   550:   862308.300   862335.300   862360.300   862367.300   862429.300
   555:   862442.300   862463.300   862484.300   866892.300   866930.300
   560:   867609.300   874032.300   874448.300   874493.300   876940.300
   565:   876995.300   880530.300   881253.300   882213.300   882394.300
   570:   885402.300   889121.300   889620.300   889627.300   893571.300
   575:   893575.300   894596.300   895176.300   895350.300   898984.300
   580:   905277.300   906450.300   913745.300   914761.300   916141.300
   585:   921262.300   927051.300   927787.300   927886.300   927952.300
   590:   927964.300   929429.300   929459.300   929524.300   932331.300
   595:   934613.300   935105.300   935437.300   941974.300   942904.300
   600:   944506.300   944560.300   944613.300   944638.300   944722.300
   605:   944819.300   944966.300   945354.300   947202.300   948989.300
   610:   949955.300   954269.300   959404.300   959418.300   959488.300
   615:   959628.300   960150.300   964535.300   966525.300   966557.300
   620:   966786.300   967281.300   969720.300   969729.300   969775.300
   625:   969812.300   969879.300   969914.300   969986.300   970062.300
   630:   970160.300   970280.300   970321.300   970383.300   970459.300
   635:   970571.300   970655.300   970670.300   970712.300   970802.300
   640:   970852.300   970906.300   970947.300   970983.300   971024.300
   645:   971075.300   971143.300   971171.300   973802.300   973980.300
   650:  1070896.200  1070896.200  1070896.200  1070896.200  1070896.200
   655:  1070896.200  1070896.200  1070896.200  1070896.200  1070896.200
   660:  1071145.300  1071160.300  1071190.300  1071826.300  1072195.300
   665:  1072801.300  1073231.300  1073237.300  1073254.300  1073300.300
   670:  1073352.300  1079554.300  1080151.300  1082046.300  1084017.300
   675:  1085933.300  1094768.300  1095474.300  1095557.300  1098993.300
   680:  1099026.300  1099130.300  1099544.300  1100353.300  1101219.300
   685:  1101760.300  1102837.300  1103141.300  1104117.300  1106589.300
   690:  1109107.300  1110493.300  1110841.300  1114097.300  1124568.300
   695:  1125103.300  1125132.300  1125188.300  1125203.300  1125218.300
   700:  1125232.300  1127444.300  1127497.300  1127548.300  1127595.300
   705:  1127924.300  1137828.300  1140001.300  1140131.300  1140176.300
   710:  1140324.300  1140384.300  1145772.300  1145814.300  1147300.300
   715:  1149594.300  1159819.300  1160605.300  1161943.300  1163143.300
   720:  1163167.300  1163178.300  1163246.300  1163311.300  1164101.300
   725:  1164623.300  1172700.300  1177748.300  1178951.300  1193876.300
   730:  1201457.300  1202044.300  1202061.300  1202101.300  1202347.300
   735:  1202409.300  1202452.300  1202456.300  1202477.300  1207575.300
   740:  1207605.300  1207707.300  1207772.300  1207826.300  1207877.300
   745:  1210519.300  1212105.300  1212274.300  1212337.300  1212387.300
   750:  1212398.300  1212485.300  1212516.300  1212522.300  1212581.300
   755:  1212644.300  1214603.300  1219117.300  1221930.300  1222087.300
   760:  1224655.300  1225079.300  1225161.300  1225792.300  1225962.300
   765:  1230597.300  1230627.300  1234025.300  1234900.300  1237901.300
   770:  1238093.300  1238527.300  1248788.300  1252833.300  1253349.300
   775:  1253840.300  1255041.300  1258219.300  1258236.300  1260692.300
   780:  1261253.300  1263693.300  1264526.300  1264552.300  1264609.300
   785:  1267503.300  1272770.300  1273388.300  1279122.300  1282005.300
   790:  1286082.300  1286124.300  1286158.300  1292068.300  1292103.300
   795:  1292782.300  1294794.300  1294817.300  1301406.300  1303998.300
   800:  1304082.300  1304746.300  1304936.300  1305111.300  1306215.300
   805:  1306269.300  1306678.300  1307911.300  1313201.300  1317144.300
   810:  1325542.300  1328616.300  1329806.300  1330339.300  1332513.300
   815:  1335357.300  1338915.300  1339203.300  1340312.300  1341581.300
   820:  1342075.300  1342083.300  1342147.300  1346288.300  1346341.300
   825:  1346585.300  1346588.300  1346615.300  1353680.300  1355726.300
   830:  1360465.300  1360508.300  1360946.300  1361380.300  1362106.300
   835:  1364126.300  1365679.300  1369151.300  1372505.300  1372678.300
   840:  1375629.300  1376182.300  1376753.300  1380282.300  1386843.300
   845:  1387693.300  1391866.300  1391908.300  1397249.300  1397294.300
   850:  1397409.300  1398517.300  1398581.300  1398621.300  1398661.300
   855:  1400319.300  1400351.300  1400384.300  1400781.300  1401018.300
   860:  1401348.300  1402894.300  1402985.300  1406796.300  1409457.300
   865:  1417091.300  1417270.300  1417358.300  1422023.300  1424941.300
   870:  1424956.300  1425093.300  1427629.300  1440946.300  1441240.300
   875:  1443431.300  1443689.300  1450938.300  1455493.300  1457373.300
   880:  1459631.300  1478726.300  1483285.300  1483478.300  1487115.300
   885:  1487403.300  1491590.300  1491643.300  1491758.300  1491795.300
   890:  1491891.300  1494589.300  1496639.300  1499736.300  1509298.300
   895:  1605647.200  1605647.200  1605647.200  1605647.200  1605647.200
   900:  1605647.200  1605647.200  1605647.200  1605647.200  1605647.200
   905:  1607727.300  1608213.300  1608218.300  1608232.300  1608889.300
   910:  1609274.300  1609304.300  1609321.300  1609351.300  1609372.300
   915:  1609398.300  1609452.300  1609477.300  1609504.300  1609522.300
   920:  1609543.300  1609568.300  1609571.300  1609624.300  1610008.300
   925:  1610026.300  1610339.300  1611565.300  1612475.300  1615153.300
   930:  1616007.300  1616064.300  1616445.300  1627874.300  1628931.300
   935:  1629152.300  1629193.300  1632695.300  1634466.100  1637431.300
   940:  1637594.300  1637658.300  1638261.300  1639368.300  1639394.300
   945:  1640419.300  1640456.300  1641783.300  1641878.300  1641891.300
   950:  1641923.300  1642181.300  1664386.300  1664408.300  1664420.300
   955:  1665409.300  1667186.300  1670107.300  1670124.300  1673200.300
   960:  1673212.300  1673244.300  1674768.300  1682660.300  1682683.300
   965:  1682698.300  1682790.300  1686228.300  1686263.300  1692383.300
   970:  1692397.300  1692407.300  1692524.300  1692780.300  1692890.300
   975:  1692904.300  1692921.300  1692935.300  1717117.300  1717152.300
   980:  1718296.300  1718376.300  1718417.300  1718459.300  1718527.300
   985:  1718572.300  1718623.300  1718665.300  1718696.300  1721073.300
   990:  1721111.300  1721158.300  1721263.300  1723026.300  1723110.300
   995:  1723717.300  1723867.300  1730464.300  1731768.300  1731891.300
  1000:  1732112.300  1735327.300  1735692.300  1735718.300  1735750.300
  1005:  1740778.300  1740839.300  1742904.300  1747942.300  1748441.300
  1010:  1749402.300  1753656.300  1753753.300  1754416.300  1754521.300
  1015:  1755152.300  1756879.300  1757589.300  1765800.300  1765848.300
  1020:  1765878.300  1769987.300  1770799.300  1771255.300  1772197.300
  1025:  1774242.300  1775392.300  1775470.300  1775478.300  1779889.300
  1030:  1784710.300  1784797.300  1784817.300  1785515.300  1791495.300
  1035:  1888745.200  1888745.200  1888745.200  1888745.200  1888745.200
  1040:  1888745.200  1888745.200  1888745.200  1888745.200  1888745.200
  1045:  1890379.300  1890450.300  1891794.300  1892005.300  1893959.300
  1050:  1894048.300  1894189.300  1896457.300  1898279.300  1899663.300
  1055:  1901842.300  1901882.300  1903214.300  1904660.300  1908456.300
  1060:  1911634.300  1911637.300  1911647.300  1914296.300  1917127.300
  1065:  1917156.300  1917805.300  1924778.300  1928347.300  1928408.300
  1070:  1933818.300  1938058.300  1938223.300  1938293.300  1942229.300
  1075:  1945102.300  1946671.300  1946883.300  1947536.300  1948861.300
  1080:  1952959.300  1952996.300  1953017.300  1953062.300  1953119.300
  1085:  1954625.300  1956974.300  1958941.300  1962008.300  1970434.300
  1090:  1971719.300  1971738.300  1976113.300  1976127.300  1976356.300
  1095:  1981501.300  1982903.300  1983012.300  1983076.300  1983506.300
  1100:  1983553.300  1987593.300  1989690.300  1991008.300  1992510.300
  1105:  1992589.300  1993383.300  1993419.300  1993585.300  1993660.300
  1110:  1993707.300  1993827.300  1994040.300  1994055.300  1994071.300
  1115:  1994090.300  1994410.300  1994445.300  1994625.300  1997019.300
  1120:  1997159.300  1997253.300  1997322.300  1999138.300  2004823.300
  1125:  2004870.300  2005160.300  2005847.300  2005890.300  2005906.300
  1130:  2006858.300  2006927.300  2007077.300  2007113.300  2007126.300
  1135:  2007192.300  2007248.300  2007295.300  2007679.300  2009123.300
  1140:  2010345.300  2010387.300  2016752.300  2020066.300  2021591.300
  1145:  2024747.300  2024793.300  2025305.300  2028937.300  2029239.300
  1150:  2033993.300  2035281.300  2035320.300  2041849.300  2042514.300
  1155:  2043026.300  2043638.300  2046479.300  2049453.300  2052820.300
  1160:  2055194.300  2055313.300  2057756.300  2057789.300  2057873.300
  1165:  2057896.300  2057910.300  2064805.300  2067806.300  2068055.300
  1170:  2072733.300  2076391.300  2083323.300  2083417.300  2083630.300
  1175:  2086360.300  2086782.300  2087948.300  2088640.300  2091844.300
  1180:  2091968.300  2092093.300  2092696.300  2095716.300  2095758.300
  1185:  2100285.300  2103567.300  2109603.300  2109708.300  2109789.300
  1190:  2109833.300  2109868.300  2109930.300  2112452.300  2115115.300
  1195:  2115190.300  2115212.300  2115268.300  2115331.300  2115381.300
  1200:  2115459.300  2115531.300  2115626.300  2115821.300  2115842.300
  1205:  2115910.300  2115981.300  2116056.300  2116128.300  2118472.300
  1210:  2118602.300  2118652.300  2118722.300  2118788.300  2118905.300
  1215:  2119007.300  2119050.300  2119210.300  2119228.300  2119260.300
  1220:  2120328.300  2122088.300  2122416.300  2126156.300  2128030.300
  1225:  2130334.300  2131372.300  2131753.300  2134068.300  2135180.300
  1230:  2137681.300  2140954.300  2142468.300  2142817.300  2146903.300
  1235:  2153508.300  2153523.300  2161155.300  2161196.300  2161246.300
  1240:  2171916.300  2174267.300  2178054.300  2178111.300  2178145.300
  1245:  2180803.300  2180830.300  2181416.300  2181672.300  2187835.300
  1250:  2188060.300  2190690.300  2191602.300  2191744.300  2191754.300
  1255:  2191810.300  2191861.300  2191869.300  2191888.300  2196567.300
  1260:  2196619.300  2197214.300  2197220.300  2197244.300  2197481.300
  1265:  2205510.300  2206227.300  2206839.300  2212235.300  2216843.300
  1270:  2218731.300  2219500.300  2219517.300  2219576.300  2219632.300
  1275:  2224701.300  2226232.300  2227489.300  2227519.300  2227549.300
  1280:  2227633.300  2232247.300  2232478.300  2232589.300  2233393.300
  1285:  2236404.300  2237928.300  2238814.300  2240983.300  2245571.300
  1290:  2245728.300  2246291.300  2246341.300  2246472.300  2246563.300
  1295:  2246966.300  2247038.300  2247114.300  2252571.300  2252960.300
  1300:  2252987.300  2253425.300  2266327.300  2267332.300  2270881.300
  1305:  2270907.300  2271006.300  2271558.300  2276735.300  2277742.300
  1310:  2278535.300  2278552.300  2278559.300  2278664.300  2379725.200
  1315:  2379725.200  2379725.200  2379725.200  2379725.200  2379725.200
  1320:  2379725.200  2379725.200  2379725.200  2379725.200  2381884.300
  1325:  2381895.300  2382546.300  2383023.300  2383034.300  2383079.300
  1330:  2383146.300  2383158.300  2383188.300  2383316.300  2383445.300
  1335:  2389384.300  2397158.300  2400663.300  2400707.300  2400749.300
  1340:  2401005.300  2405634.300  2407060.300  2407126.300  2409523.300
  1345:  2409556.300  2411739.300  2510579.200  2510579.200  2510579.200
  1350:  2510579.200  2510579.200  2510579.200  2510579.200  2510579.200
  1355:  2510579.200  2510579.200  2510841.300  2510856.300  2512667.300
  1360:  2515066.300  2515089.300  2517645.300  2517658.300  2517674.300
  1365:  2518835.300  2519387.300  2519427.300  2519900.300  2532277.300
  1370:  2541821.300  2545970.300  2546540.300  2559458.300  2559485.300
  1375:  2559549.300  2560044.300  2562004.300  2567702.300  2569670.300
  1380:  2569866.300  2573786.300  2574824.300  2576734.300  2578069.300
  1385:  2583200.300  2583623.300  2584222.300  2584856.300  2590905.300
  1390:  2591791.300  2592564.300  2592681.300  2598136.300  2598269.300
  1395:  2600273.300  2605071.300  2607433.300  2611574.300  2612162.300
  1400:  2622029.300  2623459.300  2623602.300  2623610.300  2629234.300
  1405:  2630899.300  2633278.300  2636181.300  2636493.300  2641163.300
  1410:  2641470.300  2641528.300  2643693.300  2645069.300  2652561.300
  1415:  2653990.300  2654039.300  2654052.300  2656216.300  2656302.300
  1420:  2656336.300  2656543.300  2656634.300  2658543.300  2658713.300
  1425:  2659804.300  2660573.300  2662208.300  2662262.300  2662270.300
  1430:  2662311.300  2666143.300  2670620.300  2670666.300  2670701.300
  1435:  2673615.300  2673802.300  2675197.300  2675464.300  2675537.300
  1440:  3138876.300  3289217.300  3306163.300  3306667.300  3306722.300
  1445:  3314249.300  3404389.300  3404574.300  3409416.300  3410295.300
  1450:  3410308.300  3410534.300  3414786.300  3414858.300  3415013.300
  1455:  3420087.300  3421086.300  3429487.300  3439588.300  3441714.300
  1460:  3445069.300  3467532.300  3472530.300  3473322.300  3473466.300
  1465:  3476489.300  3479524.300  3483731.300  3504330.300  3509273.300
  1470:  3510682.300  3511946.300  3512151.300  3512897.300  3512919.300
  1475:  3515034.300  3516249.300  3572092.300  3572518.300  3573489.300
  1480:  3670199.300  3670356.300  3679789.300  3679970.300  3682371.300
  1485:  3683312.300  3687017.300  3692360.300  3692922.300  3702955.300
  1490:  3708948.300  3709040.300  3712221.300  3716635.300  3718134.300
  1495:  3718234.300  3721061.300  3721311.300  3722946.300  3729392.300
  1500:  3729475.300  3729489.300  3729540.300  3729897.300  3729929.300
  1505:  3736970.300  3742119.300  3760365.300  3763773.300  3765001.300
  1510:  3765546.300  3766688.300  3831629.300  3832333.300  3832389.300
  1515:  3843644.300  3848159.300  3848663.300  3848824.300  3863186.300
  1520:  3863219.300  3865837.300  3867092.300  3867153.300  3867237.300
  1525:  3872106.300  3872152.300  3876235.300  3876476.300  3877562.300
  1530:  3890318.300  3922073.300  3923123.300  3925863.300  3926535.300
  1535:  3926709.300  3926762.300  3926825.300  3926888.300  3926972.300
  1540:  3927137.300  3959647.300  3960802.300  3964996.300  3965018.300
  1545:  3969531.300  3971104.300  3976010.300  3976118.300  3976785.300
  1550:  4000944.300  4001691.300  4004202.300  4006012.300  4006913.300
  1555:  4007977.300  4009217.300  4018208.300  4018301.300  4020436.300
  1560:  4023314.300  4023327.300  4023387.300  4023416.300  4025037.300
  1565:  4028579.300  4029754.300  4029811.300  4038736.300  4039048.300
  1570:  4039055.300  4039913.300  4040066.300  4043983.300  4045185.300
  1575:  4045268.300  4046106.300  4046385.300  4046559.300  4052057.300
  1580:  4052079.300  4056662.300  4056767.300  4063080.300  4082234.300
  1585:  4082333.300  4082420.300  4082493.300  4082540.300  4082625.300
  1590:  4082684.300  4082739.300  4082804.300  4082827.300  4082846.300
  1595:  4082914.300  4083108.300  4083122.300  4083148.300  4083531.300
  1600:  4083602.300  4083657.300  4083778.300  4083819.300  4103660.300
  1605:  4106869.300  4106929.300  4107116.300  4107189.300  4107230.300
  1610:  4107618.300  4112548.300  4114504.300  4114540.300  4116873.300
  1615:  4116886.300  4117196.300  4117620.300  4117680.300  4117729.300
  1620:  4117781.300  4119197.300  4120274.300  4123470.300  4123858.300
  1625:  4125116.300  4125217.300  4125303.300  4125382.300  4132497.300
  1630:  4143031.300  4190609.300  4192036.300  4198055.300  4198370.300
  1635:  4216563.300  4219168.300  4219372.300  4219641.300  4225773.300
  1640:  4227526.300  4229869.300  4230219.300  4264169.300  4269306.300
  1645:  4270268.300  4270700.300  4271099.300  4275180.300
D:
     0:        0.111     1267.600     1312.600     1461.600     6316.600
     5:     6536.600     9316.600     9345.600    18234.600    18318.600
    10:    21316.650    21482.650    21815.650    22113.650    25582.650
    15:    25629.650    27902.650    27945.650    27977.650    28763.650
    20:    29069.650    29166.650    31326.650    31417.650    31439.650
    25:    31516.650    31612.650    31658.650    31722.650    34980.650
    30:    35098.650    35191.650    35950.250    36501.650    37218.650
    35:    38113.650    41265.650    41747.650    42172.650    44696.650
    40:    45374.650    45475.650    45838.650    46486.250    49345.650
    45:    49421.650    50754.650    51021.650    51309.650    53708.650
    50:    53746.650    55261.650    55829.650    56101.650    56813.650
    55:    56951.650    58016.650    58056.650    58166.650    62364.650
    60:    62931.650    63495.650    63573.650    73263.650    74602.650
    65:    74781.650    75350.650    75448.650    76959.650    77778.650
    70:    80176.650    81372.650    81661.650    83192.650    85082.650
    75:    87210.650    87234.650    87346.650    87429.650    87703.650
    80:    88045.650    89656.650    89734.650    92226.650    92299.650
    85:    92327.650    93131.650    93406.650    93767.650    94747.650
    90:    96618.650    96652.650    96991.650    97124.650    99932.650
    95:    99989.650   103696.650   104894.650   105304.650   105855.650
   100:   106055.650   106578.650   106643.650   106951.650   107507.650
   105:   109213.650   110415.650   112086.650   112750.650   112781.650
   110:   114001.650   116557.650   117287.400   117332.410   117366.610
   115:   117381.410   117426.410   117475.410   117520.410   117569.410
   120:   117614.410   117663.410   117708.410   117713.420   117892.600
   125:   117962.600   119323.600   121178.600   121214.600   121222.600
   130:   127563.600   128750.600   128797.600   128811.600   135468.600
   135:   135802.600   135950.600   138295.600   138515.600   139855.600
   140:   139892.600   139932.600   142127.600   142161.600   143194.600
   145:   143715.600   144423.600   144466.600   145140.600   149064.600
   150:   150800.600   151349.600   157106.600   158377.600   158452.600
   155:   159510.600   159695.600   160345.600   162462.600   162667.600
   160:   163373.600   163386.600   166968.600   169339.600   172436.600
   165:   172763.600   174630.600   175721.600   176063.600   183825.600
   170:   187245.600   188549.600   188628.600   190955.600   192846.600
   175:   196020.600   197175.600   198109.600   199034.600   203536.600
   180:   205271.600   205353.600   205503.600   205855.600   205979.600
   185:   209118.600   210428.600   210889.600   212006.600   213054.600
   190:   215293.600   219616.600   219651.600   224829.600   225437.600
   195:   226385.600   228771.600   229643.600   230759.600   233614.600
   200:   233646.600   233708.600   233941.600   235109.600   238097.600
   205:   241574.600   241677.600   243616.650   243650.650   245961.650
   210:   245994.650   246026.650   246050.650   246058.650   246178.650
   215:   247268.650   247400.650   247435.650   247530.650   247979.650
   220:   251130.650   251182.650   252020.650   252428.650   256215.650
   225:   258303.650   258478.650   258687.650   260575.650   264536.650
   230:   266230.650   269292.650   269332.650   269437.650   271805.650
   235:   272634.650   273133.650   274639.650   279385.650   279902.650
   240:   288042.650   288891.650   289000.650   290747.650   292356.650
   245:   293818.650   297054.650   297092.650   302544.650   302675.650
   250:   304207.650   304220.650   306449.650   306492.650   307106.650
   255:   308242.650   310946.650   310988.650   311192.650   311500.650
   260:   311865.650   324691.650   324997.650   327355.650   329080.650
   265:   329289.650   329957.650   329972.650   329999.650   330013.650
   270:   332456.650   334398.650   338421.400   338466.410   338493.610
   275:   338515.410   338560.410   338609.410   338654.410   338703.410
   280:   338748.410   338797.410   338842.410   338847.420   338968.600
   285:   338993.600   339011.600   339039.600   339056.600   339101.600
   290:   339514.600   340096.600   340143.600   340209.600   340232.600
   295:   340273.600   340294.600   340336.600   340356.600   340410.600
   300:   340427.600   340445.600   340496.600   340520.600   340542.600
   305:   340568.600   340601.600   342206.600   342228.600   342251.600
   310:   342275.600   342360.600   342384.600   342426.600   342620.600
   315:   342725.600   342789.600   342801.600   342815.600   342840.600
   320:   342847.600   342854.600   342895.600   342939.600   342948.600
   325:   342956.600   342964.600   342985.600   343004.600   343024.600
   330:   343034.600   343043.600   343097.600   343134.600   343150.600
   335:   343185.600   343201.600   343213.600   343236.600   343265.600
   340:   347102.600   347123.600   348663.600   349114.600   349154.600
   345:   352838.600   352864.600   352907.600   352992.600   353049.600
   350:   353099.600   353763.600   353930.600   354147.600   354486.600
   355:   361225.600   361271.600   361281.600   365104.600   365874.600
   360:   366152.600   366598.600   371311.600   373071.600   374282.600
   365:   375562.600   375571.600   375608.600   375628.600   376127.600
   370:   376165.600   377811.600   377917.600   377928.600   377957.600
   375:   377978.600   377988.600   378008.600   378030.600   378040.600
   380:   378078.600   378106.600   378183.600   378224.600   378860.600
   385:   378913.600   380306.600   381435.600   388249.600   390034.600
   390:   391993.600   392383.600   394420.600   395582.600   396243.600
   395:   396809.600   396834.600   404433.600   404459.600   406037.600
   400:   408569.600   410075.600   410110.600   410175.600   412904.600
   405:   412917.600   415168.600   416502.600   416522.600   416543.600
   410:   417318.600   418233.600   419828.600   421518.600   421559.600
   415:   425060.600   425173.600   425286.600   429054.600   429603.600
   420:   430088.600   430241.600   430300.600   432089.600   432152.600
   425:   433735.600   435065.600   440189.600   442488.600   447575.600
   430:   448736.600   456509.600   457624.600   458359.600   459378.600
   435:   459636.600   462384.600   462432.600   464830.600   469041.600
   440:   470817.600   473242.600   473276.600   478046.600   478697.600
   445:   481369.600   487151.600   488122.600   488771.600   492085.600
   450:   494034.600   494118.600   497468.600   498974.600   499810.600
   455:   501776.600   502009.600   503236.600   506303.600   508209.600
   460:   510376.600   517551.600   519456.600   519561.600   519608.600
   465:   519664.600   519708.600   519737.600   519759.600   519835.600
   470:   519871.600   519894.600   519920.600   520002.600   520109.600
   475:   520683.600   524009.600   524012.600   524208.600   524349.600
   480:   525504.600   525519.600   525586.600   531092.600   531144.600
   485:   532028.600   532733.600   538014.600   538671.600   554094.600
   490:   555989.600   557360.600   558259.600   558916.600   562934.600
   495:   563026.600   563126.600   563177.600   563450.600   565818.600
   500:   565912.600   568408.600   569631.600   570345.600   570740.600
   505:   570857.600   573428.600   573459.600   573500.600   573637.600
   510:   573730.600   573846.600   573996.600   574019.600   581994.600
   515:   584480.600   588036.600   588408.600   588475.600   588570.600
   520:   588592.600   588633.600   588979.600   589733.600   589747.600
   525:   589933.600   589981.600   590140.600   590190.600   590245.600
   530:   590369.600   590381.600   590392.600   590402.600   590414.600
   535:   590530.600   590538.600   590548.600   590576.600   590625.600
   540:   590655.600   590667.600   590685.600   590723.600   590756.600
   545:   591383.600   591717.600   591756.600   592844.600   595029.600
   550:   595829.600   596047.600   598208.600   599355.600   600933.600
   555:   601349.600   604291.600   604389.600   604448.600   604493.600
   560:   604716.600   605950.600   607256.600   607655.600   607730.600
   565:   607783.600   607891.600   609851.600   612209.600   613941.600
   570:   614543.600   615011.600   615921.600   617438.600   618324.600
   575:   618789.600   619103.600   619518.600   619649.600   620292.600
   580:   621138.600   622714.600   623468.600   628450.600   631109.600
   585:   631518.600   633254.600   633331.600   633334.600   634931.600
   590:   635491.600   643238.600   643475.600   643534.600   649921.600
   595:   649975.600   650037.600   650051.600   650496.600   652358.600
   600:   652570.600   654282.600   654321.600   654373.600   657821.600
   605:   661477.600   662569.600   669595.600   671196.600   671960.600
   610:   672835.600   679852.600   680328.600   683465.600   685788.600
   615:   686472.600   686859.600   687132.600   699912.600   699932.600
   620:   700788.600   701616.600   707937.600   710701.600   712216.600
   625:   712310.600   712361.600   713127.600   717094.600   717149.600
   630:   717822.600   722932.600   723077.600   723088.600   723156.600
   635:   723207.600   723218.600   723237.600   723252.600   723342.600
   640:   723353.600   723371.600   723399.600   723467.600   726549.600
   645:   732340.600   736689.600   747068.600   747164.600   747319.600
   650:   747327.600   747402.600   747409.600   747471.600   747542.600
   655:   747644.600   747649.600   747682.600   747741.600   747764.600
   660:   747809.600   747870.600   747920.600   747960.600   748038.600
   665:   750970.600   751167.600   754608.600   756213.600   757482.600
   670:   760162.600   764066.650   764165.650   764246.650   768383.650
   675:   769388.650   770468.650   773049.650   773604.650   774176.650
   680:   774712.650   775530.650   781159.650   781247.650   786084.650
   685:   786108.650   786169.650   786318.650   788353.650   788587.650
   690:   788592.650   788722.650   788746.650   801134.650   801184.650
   695:   801713.650   801858.650   801866.650   802496.650   804615.650
   700:   807301.650   807515.650   807637.650   807674.650   809233.650
   705:   810753.650   814589.650   816133.650   817169.650   817211.650
   710:   818746.650   821356.650   821420.650   821584.650   821647.650
   715:   821882.650   821939.650   821982.650   822043.650   822071.650
   720:   822114.650   822129.650   822144.650   823255.650   826302.650
   725:   826367.650   826429.650   827807.650   829515.650   831914.650
   730:   831949.650   834245.650   834284.650   834890.650   834907.650
   735:   834944.650   836773.650   836808.650   836823.650   839498.650
   740:   843364.650   854887.650   857283.400   857328.410   857377.410
   745:   857399.610   857422.410   857423.610   857449.610   857471.410
   750:   857516.410   857565.410   857610.410   857659.410   857704.410
   755:   857709.420   857933.600   857958.600   857985.600   857994.600
   760:   858018.600   858021.600   858046.600   858070.600   858093.600
   765:   858121.600   858145.600   858171.600   858189.600   858214.600
   770:   858241.600   858250.600   858265.600   858293.600   858315.600
   775:   858337.600   860387.600   860753.600   860770.600   860791.600
   780:   860818.600   860834.600   860895.600   860924.600   860948.600
   785:   860967.600   861038.600   861056.600   861058.600   861092.600
   790:   861122.600   861139.600   861164.600   863459.600   863526.600
   795:   863563.600   863567.600   863586.600   863613.600   863638.600
   800:   863645.600   863707.600   863720.600   863741.600   863762.600
   805:   868170.600   868208.600   868887.600   875310.600   875726.600
   810:   875771.600   878218.600   878273.600   881808.600   882531.600
   815:   883491.600   883672.600   886680.600   890399.600   890898.600
   820:   890905.600   894849.600   894853.600   895874.600   896454.600
   825:   896628.600   900262.600   906555.600   907728.600   915023.600
   830:   916039.600   917419.600   922540.600   928329.600   929065.600
   835:   929164.600   929230.600   929242.600   930707.600   930737.600
   840:   930802.600   933609.600   935891.600   936383.600   936715.600
   845:   943252.600   944182.600   945784.600   945838.600   945891.600
   850:   945916.600   946000.600   946097.600   946244.600   946632.600
   855:   948480.600   950267.600   951233.600   955547.600   960682.600
   860:   960696.600   960766.600   960906.600   961428.600   965813.600
   865:   967803.600   967835.600   968064.600   968559.600   970998.600
   870:   971007.600   971053.600   971090.600   971157.600   971192.600
   875:   971264.600   971340.600   971438.600   971558.600   971599.600
   880:   971661.600   971737.600   971849.600   971933.600   971948.600
   885:   971990.600   972080.600   972130.600   972184.600   972225.600
   890:   972261.600   972302.600   972353.600   972421.600   972449.600
   895:   975080.600   975258.600   977560.650   980423.650   980463.650
   900:   980485.650   981885.650   981990.650   982231.650   982536.650
   905:   982644.650   982674.650   982798.650   982822.650   982842.650
   910:   983138.650   983181.650   983340.650   983385.650   983422.650
   915:   983445.650   983671.650   983973.650   985806.650   985818.650
   920:   985996.650   986077.650   986144.650   986410.650   986458.650
   925:   986469.650   986534.650   986608.650   986701.650   986834.650
   930:   986845.650   986898.650   986969.650   987083.650   987175.650
   935:   987192.650   987223.650   987288.650   987790.650   987810.650
   940:   990158.650   990203.650   990263.650   991146.650   991764.650
   945:   995120.650   996653.650   999349.650  1000556.650  1004016.650
   950:  1009940.650  1009955.650  1010527.650  1011526.650  1018626.650
   955:  1018704.650  1018760.650  1019279.650  1023973.650  1024221.650
   960:  1025828.650  1027650.650  1030103.650  1030196.650  1033440.650
   965:  1034480.650  1035935.650  1036275.650  1043882.650  1051953.650
   970:  1052022.650  1052829.650  1056154.650  1056175.650  1056229.650
   975:  1056423.650  1060925.650  1060981.650  1061752.650  1061909.650
   980:  1072174.400  1072219.410  1072268.410  1072298.610  1072313.410
   985:  1072362.410  1072407.410  1072456.410  1072501.410  1072550.410
   990:  1072595.410  1072600.420  1072849.600  1072864.600  1072894.600
   995:  1073530.600  1073899.600  1074505.600  1074935.600  1074941.600
  1000:  1074958.600  1075004.600  1075056.600  1081258.600  1081855.600
  1005:  1083750.600  1085721.600  1087637.600  1096472.600  1097178.600
  1010:  1097261.600  1100697.600  1100730.600  1100834.600  1101248.600
  1015:  1102057.600  1102923.600  1103464.600  1104541.600  1104845.600
  1020:  1105821.600  1108293.600  1110811.600  1112197.600  1112545.600
  1025:  1115801.600  1126272.600  1126807.600  1126836.600  1126892.600
  1030:  1126907.600  1126922.600  1126936.600  1129148.600  1129201.600
  1035:  1129252.600  1129299.600  1129628.600  1139532.600  1141705.600
  1040:  1141835.600  1141880.600  1142028.600  1142088.600  1147476.600
  1045:  1147518.600  1149004.600  1151298.600  1161523.600  1162309.600
  1050:  1163647.600  1164847.600  1164871.600  1164882.600  1164950.600
  1055:  1165015.600  1165805.600  1166327.600  1174404.600  1179452.600
  1060:  1180655.600  1195580.600  1203161.600  1203748.600  1203765.600
  1065:  1203805.600  1204051.600  1204113.600  1204156.600  1204160.600
  1070:  1204181.600  1209279.600  1209309.600  1209411.600  1209476.600
  1075:  1209530.600  1209581.600  1212223.600  1213809.600  1213978.600
  1080:  1214041.600  1214091.600  1214102.600  1214189.600  1214220.600
  1085:  1214226.600  1214285.600  1214348.600  1216307.600  1220821.600
  1090:  1223634.600  1223791.600  1226359.600  1226783.600  1226865.600
  1095:  1227496.600  1227666.600  1232301.600  1232331.600  1235729.600
  1100:  1236604.600  1239605.600  1239797.600  1240231.600  1250492.600
  1105:  1254537.600  1255053.600  1255544.600  1256745.600  1259923.600
  1110:  1259940.600  1262396.600  1262957.600  1265397.600  1266230.600
  1115:  1266256.600  1266313.600  1269207.600  1274474.600  1275092.600
  1120:  1280826.600  1283709.600  1287786.600  1287828.600  1287862.600
  1125:  1293772.600  1293807.600  1294486.600  1296498.600  1296521.600
  1130:  1303110.600  1305702.600  1305786.600  1306450.600  1306640.600
  1135:  1306815.600  1307919.600  1307973.600  1308382.600  1309615.600
  1140:  1314905.600  1318848.600  1327246.600  1330320.600  1331510.600
  1145:  1332043.600  1334217.600  1337061.600  1340619.600  1340907.600
  1150:  1342016.600  1343285.600  1343779.600  1343787.600  1343851.600
  1155:  1347992.600  1348045.600  1348289.600  1348292.600  1348319.600
  1160:  1355384.600  1357430.600  1362169.600  1362212.600  1362650.600
  1165:  1363084.600  1363810.600  1365830.600  1367383.600  1370855.600
  1170:  1374209.600  1374382.600  1377333.600  1377886.600  1378457.600
  1175:  1381986.600  1388547.600  1389397.600  1393570.600  1393612.600
  1180:  1398953.600  1398998.600  1399113.600  1400221.600  1400285.600
  1185:  1400325.600  1400365.600  1402023.600  1402055.600  1402088.600
  1190:  1402485.600  1402722.600  1403052.600  1404598.600  1404689.600
  1195:  1408500.600  1411161.600  1418795.600  1418974.600  1419062.600
  1200:  1423727.600  1426645.600  1426660.600  1426797.600  1429333.600
  1205:  1442650.600  1442944.600  1445135.600  1445393.600  1452642.600
  1210:  1457197.600  1459077.600  1461335.600  1480430.600  1484989.600
  1215:  1485182.600  1488819.600  1489107.600  1493294.600  1493347.600
  1220:  1493462.600  1493499.600  1493595.600  1496293.600  1498343.600
  1225:  1501440.600  1511002.600  1511519.650  1512011.650  1516552.650
  1230:  1529584.650  1529607.650  1529671.650  1529881.650  1531323.650
  1235:  1536089.650  1556961.650  1558255.650  1558268.650  1560123.650
  1240:  1560905.650  1563561.650  1563807.650  1563864.650  1564022.650
  1245:  1564078.650  1564226.650  1564274.650  1564353.650  1565066.650
  1250:  1568361.650  1569723.650  1572699.650  1574702.650  1576175.650
  1255:  1576515.650  1577582.650  1577619.650  1577692.650  1577738.650
  1260:  1577791.650  1577936.650  1578024.650  1578026.650  1578059.650
  1265:  1580973.650  1581641.650  1589773.650  1590022.650  1590178.650
  1270:  1597473.650  1600545.650  1600580.650  1605404.650  1607351.400
  1275:  1607396.410  1607445.410  1607450.610  1607490.410  1607539.410
  1280:  1607584.410  1607633.410  1607678.410  1607727.410  1607772.410
  1285:  1607777.420  1609857.600  1610343.600  1610348.600  1610362.600
  1290:  1611019.600  1611404.600  1611434.600  1611451.600  1611481.600
  1295:  1611502.600  1611528.600  1611582.600  1611607.600  1611634.600
  1300:  1611652.600  1611673.600  1611698.600  1611701.600  1611754.600
  1305:  1612138.600  1612156.600  1612469.600  1613695.600  1614605.600
  1310:  1617283.600  1618137.600  1618194.600  1618575.600  1630004.600
  1315:  1631061.600  1631282.600  1631323.600  1634825.600  1636596.200
  1320:  1639561.600  1639724.600  1639788.600  1640391.600  1641498.600
  1325:  1641524.600  1642549.600  1642586.600  1643913.600  1644008.600
  1330:  1644021.600  1644053.600  1644311.600  1666516.600  1666538.600
  1335:  1666550.600  1667539.600  1669316.600  1672237.600  1672254.600
  1340:  1675330.600  1675342.600  1675374.600  1676898.600  1684790.600
  1345:  1684813.600  1684828.600  1684920.600  1688358.600  1688393.600
  1350:  1694513.600  1694527.600  1694537.600  1694654.600  1694910.600
  1355:  1695020.600  1695034.600  1695051.600  1695065.600  1719247.600
  1360:  1719282.600  1720426.600  1720506.600  1720547.600  1720589.600
  1365:  1720657.600  1720702.600  1720753.600  1720795.600  1720826.600
  1370:  1723203.600  1723241.600  1723288.600  1723393.600  1725156.600
  1375:  1725240.600  1725847.600  1725997.600  1732594.600  1733898.600
  1380:  1734021.600  1734242.600  1737457.600  1737822.600  1737848.600
  1385:  1737880.600  1742908.600  1742969.600  1745034.600  1750072.600
  1390:  1750571.600  1751532.600  1755786.600  1755883.600  1756546.600
  1395:  1756651.600  1757282.600  1759009.600  1759719.600  1767930.600
  1400:  1767978.600  1768008.600  1772117.600  1772929.600  1773385.600
  1405:  1774327.600  1776372.600  1777522.600  1777600.600  1777608.600
  1410:  1782019.600  1786840.600  1786927.600  1786947.600  1787645.600
  1415:  1793625.600  1799191.650  1799442.650  1799472.650  1799834.650
  1420:  1805191.650  1806945.650  1807756.650  1809708.650  1809771.650
  1425:  1810032.650  1810073.650  1810199.650  1811886.650  1814774.650
  1430:  1815756.650  1815923.650  1816995.650  1819627.650  1821643.650
  1435:  1822789.650  1822903.650  1823346.650  1827225.650  1829445.650
  1440:  1834319.650  1834968.650  1839567.650  1840481.650  1841774.650
  1445:  1846008.650  1848334.650  1849769.650  1849938.650  1858000.650
  1450:  1864116.650  1867770.650  1870981.650  1871004.650  1871106.650
  1455:  1871668.650  1872921.650  1874279.650  1875438.650  1875735.650
  1460:  1877119.650  1877881.650  1880377.650  1881093.650  1881619.650
  1465:  1881772.650  1884806.650  1885301.650  1886771.650  1886838.650
  1470:  1886858.650  1887637.650  1888842.650  1889364.650  1889993.650
  1475:  1890875.400  1890920.410  1890968.610  1890969.410  1891014.410
  1480:  1891063.410  1891108.410  1891157.410  1891202.410  1891251.410
  1485:  1891296.410  1891301.420  1892935.600  1893006.600  1894350.600
  1490:  1894561.600  1896515.600  1896604.600  1896745.600  1899013.600
  1495:  1900835.600  1902219.600  1904398.600  1904438.600  1905770.600
  1500:  1907216.600  1911012.600  1914190.600  1914193.600  1914203.600
  1505:  1916852.600  1919683.600  1919712.600  1920361.600  1927334.600
  1510:  1930903.600  1930964.600  1936374.600  1940614.600  1940779.600
  1515:  1940849.600  1944785.600  1947658.600  1949227.600  1949439.600
  1520:  1950092.600  1951417.600  1955515.600  1955552.600  1955573.600
  1525:  1955618.600  1955675.600  1957181.600  1959530.600  1961497.600
  1530:  1964564.600  1972990.600  1974275.600  1974294.600  1978669.600
  1535:  1978683.600  1978912.600  1984057.600  1985459.600  1985568.600
  1540:  1985632.600  1986062.600  1986109.600  1990149.600  1992246.600
  1545:  1993564.600  1995066.600  1995145.600  1995939.600  1995975.600
  1550:  1996141.600  1996216.600  1996263.600  1996383.600  1996596.600
  1555:  1996611.600  1996627.600  1996646.600  1996966.600  1997001.600
  1560:  1997181.600  1999575.600  1999715.600  1999809.600  1999878.600
  1565:  2001694.600  2007379.600  2007426.600  2007716.600  2008403.600
  1570:  2008446.600  2008462.600  2009414.600  2009483.600  2009633.600
  1575:  2009669.600  2009682.600  2009748.600  2009804.600  2009851.600
  1580:  2010235.600  2011679.600  2012901.600  2012943.600  2019308.600
  1585:  2022622.600  2024147.600  2027303.600  2027349.600  2027861.600
  1590:  2031493.600  2031795.600  2036549.600  2037837.600  2037876.600
  1595:  2044405.600  2045070.600  2045582.600  2046194.600  2049035.600
  1600:  2052009.600  2055376.600  2057750.600  2057869.600  2060312.600
  1605:  2060345.600  2060429.600  2060452.600  2060466.600  2067361.600
  1610:  2070362.600  2070611.600  2075289.600  2078947.600  2085879.600
  1615:  2085973.600  2086186.600  2088916.600  2089338.600  2090504.600
  1620:  2091196.600  2094400.600  2094524.600  2094649.600  2095252.600
  1625:  2098272.600  2098314.600  2102841.600  2106123.600  2112159.600
  1630:  2112264.600  2112345.600  2112389.600  2112424.600  2112486.600
  1635:  2115008.600  2117671.600  2117746.600  2117768.600  2117824.600
  1640:  2117887.600  2117937.600  2118015.600  2118087.600  2118182.600
  1645:  2118377.600  2118398.600  2118466.600  2118537.600  2118612.600
  1650:  2118684.600  2121028.600  2121158.600  2121208.600  2121278.600
  1655:  2121344.600  2121461.600  2121563.600  2121606.600  2121766.600
  1660:  2121784.600  2121816.600  2122884.600  2124644.600  2124972.600
  1665:  2128712.600  2130586.600  2132890.600  2133928.600  2134309.600
  1670:  2136624.600  2137736.600  2140237.600  2143510.600  2145024.600
  1675:  2145373.600  2149459.600  2156064.600  2156079.600  2163711.600
  1680:  2163752.600  2163802.600  2174472.600  2176823.600  2180610.600
  1685:  2180667.600  2180701.600  2183359.600  2183386.600  2183972.600
  1690:  2184228.600  2190391.600  2190616.600  2193246.600  2194158.600
  1695:  2194300.600  2194310.600  2194366.600  2194417.600  2194425.600
  1700:  2194444.600  2199123.600  2199175.600  2199770.600  2199776.600
  1705:  2199800.600  2200037.600  2208066.600  2208783.600  2209395.600
  1710:  2214791.600  2219399.600  2221287.600  2222056.600  2222073.600
  1715:  2222132.600  2222188.600  2227257.600  2228788.600  2230045.600
  1720:  2230075.600  2230105.600  2230189.600  2234803.600  2235034.600
  1725:  2235145.600  2235949.600  2238960.600  2240484.600  2241370.600
  1730:  2243539.600  2248127.600  2248284.600  2248847.600  2248897.600
  1735:  2249028.600  2249119.600  2249522.600  2249594.600  2249670.600
  1740:  2255127.600  2255516.600  2255543.600  2255981.600  2268883.600
  1745:  2269888.600  2273437.600  2273463.600  2273562.600  2274114.600
  1750:  2279291.600  2280298.600  2281091.600  2281108.600  2281115.600
  1755:  2281220.600  2288045.650  2289077.650  2289154.650  2289219.650
  1760:  2291081.650  2296204.650  2304396.650  2304433.650  2304729.650
  1765:  2307899.650  2316530.650  2317786.650  2334229.650  2334607.650
  1770:  2341587.650  2342180.650  2342196.650  2342461.650  2342931.650
  1775:  2343404.650  2343437.650  2345307.650  2345340.650  2345502.650
  1780:  2345517.650  2345569.650  2345576.650  2345746.650  2345801.650
  1785:  2346166.650  2350459.650  2351107.650  2359874.650  2360737.650
  1790:  2374329.650  2374424.650  2374470.650  2374489.650  2374527.650
  1795:  2375233.650  2377088.650  2380420.650  2380592.650  2380695.650
  1800:  2382281.400  2382326.410  2382370.610  2382375.410  2382420.410
  1805:  2382469.410  2382514.410  2382563.410  2382608.410  2382657.410
  1810:  2382702.410  2382707.420  2384866.600  2384877.600  2385528.600
  1815:  2386005.600  2386016.600  2386061.600  2386128.600  2386140.600
  1820:  2386170.600  2386298.600  2386427.600  2392366.600  2400140.600
  1825:  2403645.600  2403689.600  2403731.600  2403987.600  2408616.600
  1830:  2410042.600  2410108.600  2412505.600  2412538.600  2414721.600
  1835:  2426165.650  2426212.650  2426224.650  2426292.650  2426388.650
  1840:  2427367.650  2427393.650  2427435.650  2428002.650  2431699.650
  1845:  2438085.650  2438103.650  2440993.650  2446760.650  2454474.650
  1850:  2454574.650  2459887.650  2461884.650  2462364.650  2462523.650
  1855:  2482710.650  2482871.650  2483775.650  2495820.650  2498560.650
  1860:  2498617.650  2498641.650  2498659.650  2498732.650  2498770.650
  1865:  2498803.650  2498856.650  2498869.650  2498938.650  2499006.650
  1870:  2499062.650  2499180.650  2499373.650  2499436.650  2499485.650
  1875:  2499497.650  2499500.650  2499525.650  2499590.650  2499675.650
  1880:  2499735.650  2499757.650  2499798.650  2499851.650  2499877.650
  1885:  2499912.650  2499984.650  2500013.650  2500095.650  2500130.650
  1890:  2502140.650  2506742.650  2508260.650  2511212.650  2511307.650
  1895:  2511434.650  2511489.650  2511533.650  2511576.650  2511634.650
  1900:  2511659.650  2511782.650  2511826.650  2511879.650  2511911.650
  1905:  2512849.650  2513561.400  2513606.410  2513622.610  2513655.410
  1910:  2513700.410  2513749.410  2513794.410  2513843.410  2513888.410
  1915:  2513937.410  2513982.410  2513987.420  2514249.600  2514264.600
  1920:  2516075.600  2518474.600  2518497.600  2521053.600  2521066.600
  1925:  2521082.600  2522243.600  2522795.600  2522835.600  2523308.600
  1930:  2535685.600  2545229.600  2549378.600  2549948.600  2562866.600
  1935:  2562893.600  2562957.600  2563452.600  2565412.600  2571110.600
  1940:  2573078.600  2573274.600  2577194.600  2578232.600  2580142.600
  1945:  2581477.600  2586608.600  2587031.600  2587630.600  2588264.600
  1950:  2594313.600  2595199.600  2595972.600  2596089.600  2601544.600
  1955:  2601677.600  2603681.600  2608479.600  2610841.600  2614982.600
  1960:  2615570.600  2625437.600  2626867.600  2627010.600  2627018.600
  1965:  2632642.600  2634307.600  2636686.600  2639589.600  2639901.600
  1970:  2644571.600  2644878.600  2644936.600  2647101.600  2648477.600
  1975:  2655969.600  2657398.600  2657447.600  2657460.600  2659624.600
  1980:  2659710.600  2659744.600  2659951.600  2660042.600  2661951.600
  1985:  2662121.600  2663212.600  2663981.600  2665616.600  2665670.600
  1990:  2665678.600  2665719.600  2669551.600  2674028.600  2674074.600
  1995:  2674109.600  2677023.600  2677210.600  2678605.600  2678872.600
  2000:  2678945.600  3142284.600  3292625.600  3309571.600  3310075.600
  2005:  3310130.600  3317657.600  3407797.600  3407982.600  3412824.600
  2010:  3413703.600  3413716.600  3413942.600  3418194.600  3418266.600
  2015:  3418421.600  3423495.600  3424494.600  3432895.600  3442996.600
  2020:  3445122.600  3448477.600  3470940.600  3475938.600  3476730.600
  2025:  3476874.600  3479897.600  3482932.600  3487139.600  3507738.600
  2030:  3512681.600  3514090.600  3515354.600  3515559.600  3516305.600
  2035:  3516327.600  3518442.600  3519657.600  3575500.600  3575926.600
  2040:  3576897.600  3673607.600  3673764.600  3683197.600  3683378.600
  2045:  3685779.600  3686720.600  3690425.600  3695768.600  3696330.600
  2050:  3706363.600  3712356.600  3712448.600  3715629.600  3720043.600
  2055:  3721542.600  3721642.600  3724469.600  3724719.600  3726354.600
  2060:  3732800.600  3732883.600  3732897.600  3732948.600  3733305.600
  2065:  3733337.600  3740378.600  3745527.600  3763773.600  3767181.600
  2070:  3768409.600  3768954.600  3770096.600  3835037.600  3835741.600
  2075:  3835797.600  3847052.600  3851567.600  3852071.600  3852232.600
  2080:  3866594.600  3866627.600  3869245.600  3870500.600  3870561.600
  2085:  3870645.600  3875514.600  3875560.600  3879643.600  3879884.600
  2090:  3880970.600  3893726.600  3925481.600  3926531.600  3929271.600
  2095:  3929943.600  3930117.600  3930170.600  3930233.600  3930296.600
  2100:  3930380.600  3930545.600  3963055.600  3964210.600  3968404.600
  2105:  3968426.600  3972939.600  3974512.600  3979418.600  3979526.600
  2110:  3980193.600  4004352.600  4005099.600  4007610.600  4009420.600
  2115:  4010321.600  4011385.600  4012625.600  4021616.600  4021709.600
  2120:  4023844.600  4026722.600  4026735.600  4026795.600  4026824.600
  2125:  4028445.600  4031987.600  4033162.600  4033219.600  4042144.600
  2130:  4042456.600  4042463.600  4043321.600  4043474.600  4047391.600
  2135:  4048593.600  4048676.600  4049514.600  4049793.600  4049967.600
  2140:  4055465.600  4055487.600  4060070.600  4060175.600  4066488.600
  2145:  4085642.600  4085741.600  4085828.600  4085901.600  4085948.600
  2150:  4086033.600  4086092.600  4086147.600  4086212.600  4086235.600
  2155:  4086254.600  4086322.600  4086516.600  4086530.600  4086556.600
  2160:  4086939.600  4087010.600  4087065.600  4087186.600  4087227.600
  2165:  4107068.600  4110277.600  4110337.600  4110524.600  4110597.600
  2170:  4110638.600  4111026.600  4115956.600  4117912.600  4117948.600
  2175:  4120281.600  4120294.600  4120604.600  4121028.600  4121088.600
  2180:  4121137.600  4121189.600  4122605.600  4123682.600  4126878.600
  2185:  4127266.600  4128524.600  4128625.600  4128711.600  4128790.600
  2190:  4135905.600  4146439.600  4194017.600  4195444.600  4201463.600
  2195:  4201778.600  4219971.600  4222576.600  4222780.600  4223049.600
  2200:  4229181.600  4230934.600  4233277.600  4233627.600  4267577.600
  2205:  4272714.600  4273676.600  4274108.600  4274507.600  4278588.600
  2210:  4323408.999
E:
     0:        5.200       16.300       28.800       43.200       59.900
     5:       80.100      105.300      139.300      191.600      330.300
F:
     0:        0.000        0.000        0.000        0.000        0.000
     5:        0.000
L:
     0:       78.000       71.000      115.000      123.000       98.000
     5:       92.000       88.000       60.000
M:
     0:        0.000        0.000        0.000        0.000        0.000
     5:        0.000
