File: C:\MED-PC IV\DATA\!2020-03-17_09h01m.Subject EB11


Start Date: 03/17/20
End Date: 03/17/20
Subject: EB11
Experiment: MagThin
Group: 2
Box: 1
Start Time:  9:01:53
End Time:  9:34:41
MSN: MagThin
G:       0.000
H:       0.000
I:       0.000
J:       0.000
K:       0.000
L:       0.000
M:       0.000
N:       0.000
O:       0.000
P:       0.000
Q:       0.000
R:       0.000
S:       0.000
T:       0.000
U:       0.000
V:       0.000
W:       0.000
X:       0.000
Y:       0.000
Z:       0.000
A:
     0:        2.000        6.000        6.000       15.000        0.000
     5:    60000.000       11.000     1000.000        0.000        9.000
    10:        7.000       10.000       12.000        0.000        0.000
    15:        0.000
B:
     0:      362.000      686.000        1.000    60000.000   101415.000
     5:      278.000       28.000        0.000        0.000        0.000
    10:       63.000       33.000      198.000        0.000       -0.500
    15:     1000.000        0.000       33.000       51.000        0.000
    20:        0.000
C:
     0:      153.100      199.100      214.100      227.100      274.100
     5:      287.100      300.100      313.100      325.100      335.100
    10:      409.300      449.300      597.100      632.100      643.100
    15:      659.100      693.100      845.100      870.100      934.300
    20:      972.300     1036.300     1107.300     1399.100     1418.100
    25:     1472.100     1520.100     1529.100     1534.100     1545.100
    30:     1612.100     1629.100     1693.300     1862.100     1885.100
    35:     1914.100     1966.100     2028.100     2076.100     2180.100
    40:     2499.100     2590.100     2734.100     2753.100     2775.100
    45:     2836.100     2856.100     3099.100     3242.100     3302.100
    50:     3491.100     3525.100     3560.100     3573.100     3674.100
    55:     3729.100     3733.100     3752.100     3823.300     4120.100
    60:     4259.100     4296.100     4346.100     4367.100     4742.100
    65:     5016.100     5017.200     5075.100     5351.100     5352.200
    70:     5540.300     5871.300     6324.100     6325.200     6704.300
    75:     6723.300     6731.300     6763.300     6766.300     6794.300
    80:     7157.100     7158.200     7611.100     7750.100     7981.100
    85:     8193.100     8292.100     8571.100     8572.200     8835.100
    90:     8897.100     9410.100     9489.100     9490.200    10177.100
    95:    10247.100    10346.100    10483.100    10672.100    10729.100
   100:    10881.100    11108.100    11109.200    11775.100    11842.100
   105:    11914.100    11997.100    12132.100    12492.100    12689.100
   110:    12749.100    12903.100    13044.100    13336.100    13337.200
   115:    13714.100    13807.100    13976.100    14349.100    14425.300
   120:    14438.300    14564.300    14627.100    14675.100    14894.100
   125:    15414.100    15864.100    16056.100    16129.100    16203.300
   130:    16378.100    16379.200    16484.100    16485.200    16744.100
   135:    16959.100    17150.100    17455.100    17516.100    17839.100
   140:    17840.200    18004.100    18113.300    18155.300    18552.100
   145:    18620.300    18670.300    18743.100    18789.100    19328.100
   150:    19444.100    19462.100    20366.100    20367.200    20543.100
   155:    20929.100    21032.100    21322.100    21645.100    21687.100
   160:    21926.100    21981.100    22028.100    22140.100    22739.100
   165:    22938.100    23285.100    23286.200    23494.100    23658.300
   170:    23832.100    23911.100    24045.100    24123.100    24184.100
   175:    24245.100    24460.100    24909.100    24966.100    25278.100
   180:    25353.100    25797.100    25887.300    26016.100    26569.100
   185:    26635.300    27017.100    27076.100    27200.100    27242.100
   190:    27271.100    27336.100    27444.100    27471.100    27737.100
   195:    27795.100    27830.100    27976.100    28191.100    28397.100
   200:    28398.200    28663.100    28743.300    29126.100    29177.100
   205:    29416.100    29564.300    30031.100    30032.200    30238.100
   210:    30239.200    30268.100    30394.100    31074.100    31075.200
   215:    31215.100    31360.100    31785.100    31786.200    31937.100
   220:    32194.100    32252.100    32744.100    32745.200    32902.300
   225:    33734.100    33735.200    34136.100    34270.100    34752.100
   230:    35097.100    35160.100    35517.100    36075.100    36142.100
   235:    36394.100    36464.100    36595.100    36752.100    36874.100
   240:    37734.100    37820.100    37954.100    37987.100    38166.100
   245:    38348.100    38636.100    38693.100    38694.200    38721.300
   250:    38865.300    38973.100    38974.200    39131.300    39644.100
   255:    39645.200    40254.100    40490.100    40640.300    40855.100
   260:    40856.200    41085.300    41440.300    42152.300    42420.100
   265:    42421.200    42518.100    42624.300    42942.100    42943.200
   270:    43585.100    44246.100    44582.100    44583.200    45179.100
   275:    45180.200    45201.100    45931.100    46104.100    46253.100
   280:    46389.100    46433.100    46779.100    46879.100    47083.100
   285:    47163.100    47238.300    47322.300    47367.300    47427.300
   290:    47605.100    47606.200    47750.100    47976.100    48425.100
   295:    48498.100    48671.100    48771.100    49274.100    49373.100
   300:    49647.100    50062.100    50262.100    50444.100    50500.100
   305:    50501.200    50938.100    51054.100    51301.100    51389.300
   310:    51615.100    51701.100    51839.300    52035.100    52276.100
   315:    52348.100    52392.100    52451.100    52504.100    52538.100
   320:    52665.100    52942.100    52983.100    53069.100    53111.100
   325:    53128.100    53196.100    53268.300    53460.100    53461.200
   330:    53795.300    54042.100    54139.100    54239.100    54378.300
   335:    54542.100    54731.100    55058.100    55205.100    55252.100
   340:    55359.100    55463.100    55498.100    55579.100    55850.100
   345:    56703.100    57011.100    57086.100    57407.100    57488.100
   350:    57570.300    57885.100    57937.100    57985.100    58051.300
   355:    58125.300    58198.100    58630.100    58631.200    58641.300
   360:    58767.100    58768.200
D:
     0:        0.111      153.200      199.200      214.200      227.200
     5:      274.200      287.200      300.200      313.200      325.200
    10:      335.200      409.700      449.700      597.200      632.200
    15:      643.200      659.200      693.200      845.200      870.200
    20:      934.700      972.700     1036.700     1107.700     1399.200
    25:     1418.200     1472.200     1520.200     1529.200     1534.200
    30:     1545.200     1612.200     1629.200     1693.700     1862.200
    35:     1885.200     1914.200     1966.200     2028.200     2076.200
    40:     2180.200     2499.200     2590.200     2734.200     2753.200
    45:     2775.200     2836.200     2856.200     3099.200     3242.200
    50:     3302.200     3491.200     3525.200     3560.200     3573.200
    55:     3674.200     3729.200     3733.200     3752.200     3823.700
    60:     4120.200     4259.200     4296.200     4346.200     4367.200
    65:     4742.200     5016.200     5017.500     5017.510     5067.510
    70:     5094.710     5117.510     5167.510     5217.510     5267.510
    75:     5875.210     6121.210     6272.520     6330.200     6606.200
    80:     6607.500     6607.510     6657.510     6707.510     6708.710
    85:     6757.510     6807.510     6857.510     6893.710     7062.710
    90:     7081.710     7261.710     7696.710     7862.520     8050.700
    95:     8381.700     8834.200     8835.500     8835.510     8885.510
   100:     8935.510     8985.510     9035.510     9085.510     9535.710
   105:    10090.520    10469.700    10488.700    10496.700    10528.700
   110:    10531.700    10559.700    10922.200    10923.500    10923.510
   115:    10973.510    11023.510    11032.710    11073.510    11123.510
   120:    11173.510    11876.710    12032.710    12178.520    12631.200
   125:    12770.200    13001.200    13213.200    13312.200    13591.200
   130:    13592.500    13592.510    13642.510    13688.710    13692.510
   135:    13729.710    13742.510    13792.510    13842.510    14381.210
   140:    14437.210    14847.520    15110.200    15172.200    15685.200
   145:    15764.200    15765.500    15765.510    15815.510    15843.710
   150:    15865.510    15915.510    15965.510    16015.510    16498.210
   155:    16878.210    17020.520    17707.200    17777.200    17876.200
   160:    18013.200    18202.200    18259.200    18411.200    18638.200
   165:    18639.500    18639.510    18689.510    18708.710    18739.510
   170:    18789.510    18839.510    18889.510    19172.710    19558.210
   175:    19625.210    19890.210    19894.520    20560.200    20627.200
   180:    20699.200    20782.200    20917.200    21277.200    21474.200
   185:    21534.200    21688.200    21829.200    22121.200    22122.500
   190:    22122.510    22172.510    22177.710    22222.510    22272.510
   195:    22322.510    22372.510    23071.210    23193.210    23377.520
   200:    23754.200    23847.200    24016.200    24389.200    24465.700
   205:    24478.700    24604.700    24667.200    24715.200    24934.200
   210:    25454.200    25904.200    26096.200    26169.200    26243.700
   215:    26418.200    26419.500    26419.510    26469.510    26469.710
   220:    26519.510    26569.510    26619.510    26669.510    26987.210
   225:    27279.210    27396.710    27674.520    27779.200    27780.500
   230:    27780.510    27830.510    27856.710    27880.510    27930.510
   235:    27980.510    28030.510    29035.520    29294.200    29509.200
   240:    29700.200    30005.200    30066.200    30389.200    30390.500
   245:    30390.510    30440.510    30468.710    30490.510    30540.510
   250:    30590.510    30640.510    31323.210    31434.710    31480.710
   255:    31555.710    31578.710    31600.710    31645.520    31809.200
   260:    31918.700    31960.700    32357.200    32425.700    32475.700
   265:    32548.200    32594.200    33133.200    33249.200    33267.200
   270:    34171.200    34172.500    34172.510    34222.510    34227.710
   275:    34272.510    34322.510    34372.510    34422.510    34928.210
   280:    35383.210    35427.520    35603.200    35989.200    36092.200
   285:    36382.200    36705.200    36747.200    36986.200    37041.200
   290:    37088.200    37200.200    37799.200    37998.200    38345.200
   295:    38346.500    38346.510    38396.510    38426.710    38446.510
   300:    38496.510    38546.510    38596.510    39440.210    39601.520
   305:    39809.200    39973.700    40147.200    40226.200    40360.200
   310:    40438.200    40499.200    40560.200    40775.200    41224.200
   315:    41281.200    41593.200    41668.200    42112.200    42202.700
   320:    42331.200    42884.200    42950.700    43332.200    43391.200
   325:    43515.200    43557.200    43586.200    43651.200    43759.200
   330:    43786.200    44052.200    44110.200    44145.200    44291.200
   335:    44506.200    44712.200    44713.500    44713.510    44763.510
   340:    44780.710    44813.510    44863.510    44913.510    44963.510
   345:    45382.210    45705.210    45845.710    45968.520    46233.200
   350:    46313.700    46696.200    46747.200    46986.200    47134.700
   355:    47601.200    47602.500    47602.510    47652.510    47664.710
   360:    47702.510    47752.510    47802.510    47852.510    48244.210
   365:    48857.520    49063.200    49064.500    49064.510    49114.510
   370:    49164.510    49164.710    49214.510    49264.510    49314.510
   375:    50319.520    50348.200    50474.200    51154.200    51155.500
   380:    51155.510    51205.510    51242.710    51255.510    51305.510
   385:    51355.510    51405.510    52410.520    52550.200    52695.200
   390:    53120.200    53121.500    53121.510    53171.510    53206.710
   395:    53221.510    53271.510    53321.510    53371.510    54376.520
   400:    54527.200    54784.200    54842.200    55334.200    55335.500
   405:    55335.510    55385.510    55402.710    55435.510    55485.510
   410:    55535.510    55585.510    56590.520    56747.700    57579.200
   415:    57580.500    57580.510    57630.510    57661.710    57680.510
   420:    57730.510    57780.510    57830.510    58835.520    59236.200
   425:    59370.200    59852.200    60197.200    60260.200    60617.200
   430:    61175.200    61242.200    61494.200    61564.200    61695.200
   435:    61852.200    61974.200    62834.200    62920.200    63054.200
   440:    63087.200    63266.200    63448.200    63736.200    63793.200
   445:    63794.500    63794.510    63810.210    63844.510    63870.710
   450:    63894.510    63944.510    63994.510    64044.510    64455.210
   455:    64983.210    65049.520    65076.700    65220.700    65328.200
   460:    65329.500    65329.510    65379.510    65402.710    65429.510
   465:    65479.510    65529.510    65579.510    65890.710    66226.710
   470:    66260.710    66584.520    66741.700    67254.200    67255.500
   475:    67255.510    67305.510    67355.510    67405.510    67455.510
   480:    67505.510    67698.710    67788.710    67809.710    67903.710
   485:    68510.520    69119.200    69355.200    69505.700    69720.200
   490:    69721.500    69721.510    69771.510    69800.710    69821.510
   495:    69871.510    69921.510    69971.510    70395.710    70403.710
   500:    70408.710    70421.710    70976.520    71205.700    71560.700
   505:    72272.700    72540.200    72541.500    72541.510    72591.510
   510:    72604.710    72641.510    72691.510    72741.510    72791.510
   515:    73668.210    73796.520    73893.200    73999.700    74317.200
   520:    74318.500    74318.510    74368.510    74398.710    74418.510
   525:    74468.510    74518.510    74568.510    75552.710    75573.520
   530:    76215.200    76876.200    77212.200    77213.500    77213.510
   535:    77263.510    77299.710    77313.510    77363.510    77413.510
   540:    77463.510    78468.520    79064.200    79065.500    79065.510
   545:    79115.510    79152.710    79165.510    79215.510    79265.510
   550:    79315.510    80158.210    80320.520    80341.200    81071.200
   555:    81244.200    81393.200    81529.200    81573.200    81919.200
   560:    82019.200    82223.200    82303.200    82378.700    82462.700
   565:    82507.700    82567.700    82745.200    82746.500    82746.510
   570:    82796.510    82805.710    82825.710    82846.510    82896.510
   575:    82946.510    82996.510    84001.520    84145.200    84371.200
   580:    84820.200    84893.200    85066.200    85166.200    85669.200
   585:    85768.200    86042.200    86457.200    86657.200    86839.200
   590:    86895.200    86896.500    86896.510    86946.510    86983.710
   595:    86996.510    87046.510    87096.510    87146.510    88151.520
   600:    88588.200    88704.200    88951.200    89039.700    89265.200
   605:    89351.200    89489.700    89685.200    89926.200    89998.200
   610:    90042.200    90101.200    90154.200    90188.200    90315.200
   615:    90592.200    90633.200    90719.200    90761.200    90778.200
   620:    90846.200    90918.700    91110.200    91111.500    91111.510
   625:    91161.510    91162.710    91211.510    91261.510    91311.510
   630:    91361.510    91957.210    92366.520    92700.700    92947.200
   635:    93044.200    93144.200    93283.700    93447.200    93636.200
   640:    93963.200    94110.200    94157.200    94264.200    94368.200
   645:    94403.200    94484.200    94755.200    95608.200    95916.200
   650:    95991.200    96312.200    96393.200    96475.700    96790.200
   655:    96842.200    96890.200    96956.700    97030.700    97103.200
   660:    97535.200    97536.500    97536.510    97586.510    97607.710
   665:    97636.510    97686.510    97736.510    97786.510    98573.210
   670:    98650.210    98791.520    98801.700    98927.200    98928.500
   675:    98928.510    98978.510    99001.710    99028.510    99078.510
   680:    99128.510    99178.510    99430.710    99900.710   100183.520
   685:   101415.999
E:
     0:        5.200       16.300       28.800       43.200       59.900
     5:       80.100      105.300      139.300      191.600      330.300
F:
     0:        0.000        0.000        0.000
