File: C:\MED-PC IV\DATA\!2023-03-01_18h38m.Subject DF21


Start Date: 03/01/23
End Date: 03/02/23
Subject: DF21
Experiment: delayed_acquisition
Group: 1
Box: 1
Start Time: 18:38:31
End Time:  7:00:13
MSN: Delayed_Acquisition2_w_magmacro
G:       0.000
H:       0.000
I:       0.000
J:       0.000
K:       0.000
N:       0.000
O:       0.000
P:       0.000
Q:       0.000
R:       0.000
S:       0.000
T:       0.000
U:       0.000
V:       0.000
W:       0.000
X:       0.000
Y:       0.000
Z:       0.000
A:
     0:        2.000       60.000  4320000.000        1.000        0.000
     5:        1.000    96000.000        0.000       10.000        0.000
    10:        0.000        0.000        0.000        0.000        0.000
    15:        0.000        0.000        0.000        0.000        0.000
    20:        0.000        0.000        0.000        0.000        0.000
    25:        0.000        0.000        0.000        0.000        0.000
    30:        0.000        0.000        0.000        0.000        0.000
    35:        0.000        0.000        0.000        0.000        0.000
    40:        0.000        0.000        0.000        0.000        0.000
    45:        0.000        0.000        0.000        0.000        0.000
    50:        0.000        0.000        0.000        0.000        0.000
    55:        0.000        0.000        0.000        0.000        0.000
    60:        0.000        0.000        0.000        0.000        0.000
    65:        0.000        0.000        0.000        0.000        0.000
    70:        0.000        0.000        0.000        0.000        0.000
    75:        0.000        0.000        0.000        0.000        0.000
    80:        0.000        0.000        0.000        0.000        0.000
    85:        0.000        0.000        0.000        0.000        0.000
    90:        0.000        0.000        0.000        0.000        0.000
    95:        0.000        0.000        0.000        0.000        0.000
   100:        0.000
B:
     0:  4320000.000  4323408.000        1.000        8.000        0.000
     5:        0.000        0.000        8.000      485.000      537.000
    10:        0.000      397.000        8.000        7.000       27.000
    15:        0.000        8.000        0.000        0.000        0.000
    20:        0.000        0.000        0.000        0.000        0.000
    25:        0.000        0.000        0.000        0.000        0.000
    30:        1.356        0.000        0.000       80.000        0.000
    35:        0.000        0.000        0.000        0.000        0.000
    40:        0.000        0.000        0.000        0.000        0.000
    45:        0.000        0.000        0.000        0.000        0.000
    50:        0.000        0.000        0.000        0.000        0.000
    55:        0.000        0.000        0.000        0.000        0.000
    60:        0.000        0.000        0.000        0.000        0.000
    65:        0.000        0.000        0.000        0.000        0.000
    70:        0.000        0.000        0.000        0.000        0.000
    75:        0.000        0.000        0.000        0.000        0.000
    80:        0.000        0.000        0.000        0.000        0.000
    85:        0.000        0.000        0.000        0.000        0.000
    90:        0.000        0.000        0.000        0.000        0.000
    95:        0.000        0.000        0.000        0.000        0.000
   100:        0.000
C:
     0:      567.300     3187.300    13152.300    19150.300    26477.100
     5:   122478.200   122478.200   122478.200   122478.200   122478.200
    10:   122478.200   122478.200   122478.200   122478.200   122478.200
    15:   124072.300   124912.300   124928.300   124936.300   124947.300
    20:   124953.300   124970.300   125507.300   125930.300   125961.300
    25:   126484.300   126805.300   132349.300   140095.300   145657.300
    30:   148337.300   160143.300   160152.300   160160.300   160193.300
    35:   160270.300   207579.100   303580.200   303580.200   303580.200
    40:   303580.200   303580.200   303580.200   303580.200   303580.200
    45:   303580.200   303580.200   303983.300   304017.300   304055.300
    50:   304105.300   304169.300   304802.300   305684.300   306334.300
    55:   306344.300   306369.300   306385.300   306396.300   306469.300
    60:   319547.300   321960.300   331950.300   332021.300   332793.300
    65:   452703.300   459661.300   459757.300   459910.300   474922.300
    70:   488256.300   489134.300   623468.300   693677.300   722318.300
    75:   722320.300   722444.300   722474.300   722498.300   731978.300
    80:   732755.300   732761.300   732802.300   758750.300   758771.300
    85:   758818.300   831558.300   834315.300   834854.300   834926.300
    90:   834934.300   834948.300   834951.300   835171.300   837613.300
    95:   876451.300   882806.300   883477.300   883486.300   883494.300
   100:   883507.300   883739.300   883752.300   884542.300   970563.300
   105:   970845.300   983735.300   987954.300   997012.300   997287.300
   110:   997363.300   997425.300   997452.300   997510.300   997528.300
   115:  1005654.300  1053066.300  1070467.300  1097895.300  1097974.300
   120:  1117460.100  1213461.200  1213461.200  1213461.200  1213461.200
   125:  1213461.200  1213461.200  1213461.200  1213461.200  1213461.200
   130:  1213461.200  1213646.300  1214912.300  1215470.300  1215481.300
   135:  1215490.300  1215513.300  1215523.300  1215540.300  1215561.300
   140:  1215576.300  1215583.300  1215594.300  1215605.300  1215626.300
   145:  1215635.300  1215644.300  1215658.300  1215668.300  1215680.300
   150:  1215690.300  1215699.300  1215708.300  1215719.300  1215791.300
   155:  1215828.300  1216343.300  1216381.300  1216407.300  1216428.300
   160:  1216728.300  1217238.300  1217242.300  1217251.300  1217275.300
   165:  1219024.300  1219098.300  1219347.300  1219879.300  1219923.300
   170:  1221908.300  1226384.300  1260205.300  1288472.300  1300177.100
   175:  1396178.200  1396178.200  1396178.200  1396178.200  1396178.200
   180:  1396178.200  1396178.200  1396178.200  1396178.200  1396178.200
   185:  1399549.300  1399583.300  1399607.300  1399610.300  1399627.300
   190:  1399969.300  1400290.300  1400311.300  1400319.300  1401031.300
   195:  1456446.300  1457461.300  1462784.300  1463996.300  1516228.300
   200:  1532440.300  1539849.300  1555615.300  1555852.300  1555861.300
   205:  1555972.300  1556060.300  1726100.300  1726151.300  1738278.300
   210:  1738911.300  1754156.300  1755642.300  1756739.300  1757192.300
   215:  1757245.300  1757253.300  1765247.300  1811913.300  1825042.300
   220:  1825267.300  2527378.100  2623379.200  2623379.200  2623379.200
   225:  2623379.200  2623379.200  2623379.200  2623379.200  2623379.200
   230:  2623379.200  2623379.200  2623838.300  2623864.300  2623907.300
   235:  2624739.300  2625111.300  2625234.300  2626842.300  2626911.300
   240:  2626944.300  2626969.300  2627053.300  2627872.300  2631511.300
   245:  2631770.300  2673472.300  2673730.300  2720055.300  2732123.100
   250:  2828124.200  2828124.200  2828124.200  2828124.200  2828124.200
   255:  2828124.200  2828124.200  2828124.200  2828124.200  2828124.200
   260:  2830947.300  2831201.300  2831206.300  2831790.300  2832337.300
   265:  2832382.300  2832675.300  2833171.300  2833226.300  2833249.300
   270:  2833266.300  2834193.300  2850907.300  2850930.300  2851011.300
   275:  2851022.300  2981677.300  3282084.300  3289726.300  3290474.300
   280:  3290569.300  3290631.300  3304888.300  3306108.100  3402109.200
   285:  3402109.200  3402109.200  3402109.200  3402109.200  3402109.200
   290:  3402109.200  3402109.200  3402109.200  3402109.200  3403474.300
   295:  3403485.300  3403495.300  3403987.300  3407200.300  3407352.300
   300:  3407714.300  3427599.300  3461706.100  3557707.200  3557707.200
   305:  3557707.200  3557707.200  3557707.200  3557707.200  3557707.200
   310:  3557707.200  3557707.200  3557707.200  3559077.300  3559100.300
   315:  3559119.300  3559201.300  3559205.300  3559653.300  3559657.300
   320:  3560724.300  3561217.300  3561301.300  3561325.300  3561686.300
   325:  3561883.300  3561902.300  3562038.300  3562318.300  3562418.300
   330:  3562519.300  3562540.300  3562813.300  3562921.300  3562977.300
   335:  3562992.300  3563003.300  3563012.300  3563027.300  3563036.300
   340:  3563090.300  3563312.300  3563445.300  3563486.300  3563529.300
   345:  3563628.300  3563754.300  3563863.300  3563914.300  3564003.300
   350:  3564053.300  3564102.300  3564246.300  3564533.300  3564541.300
   355:  3564558.300  3564625.300  3564630.300  3564635.300  3564707.300
   360:  3564762.300  3564907.300  3564922.300  3564929.300  3565325.300
   365:  3565376.300  3565411.300  3565583.300  3565760.300  3565768.300
   370:  3565892.300  3565913.300  3565916.300  3565954.300  3565995.300
   375:  3566128.300  3566279.300  3566702.300  3567401.300  3567554.300
   380:  3567727.300  3568125.300  3568191.300  3568290.300  3568329.300
   385:  3568769.300  3568933.300  3569001.300  3569025.300  3569045.300
   390:  3569131.300  3569257.300  3569277.300  3569333.300  3569450.300
   395:  3569713.300  3569735.300  3569936.300  3569964.300  3570117.300
   400:  3571748.300  3572278.300  3572439.300  3572698.300  3573105.300
   405:  3573617.300  3573947.300  3573997.300  3574101.300  3574120.300
   410:  3574509.300  3574781.300  3574808.300  3574931.300  3574977.300
   415:  3575063.300  3575068.300  3575084.300  3575152.300  3575171.300
   420:  3575182.300  3575352.300  3575437.300  3575459.300  3575465.300
   425:  3575476.300  3575567.300  3575879.300  3575915.300  3575945.300
   430:  3575991.300  3576021.300  3576069.300  3576116.300  3576202.300
   435:  3576211.300  3577058.300  3577457.300  3577525.300  3577627.300
   440:  3577686.300  3577742.300  3577874.300  3577881.300  3578224.300
   445:  3578356.300  3578484.300  3578565.300  3578908.300  3578958.300
   450:  3578995.300  3579082.300  3579466.300  3579589.300  3579626.300
   455:  3579663.300  3579674.300  3596251.300  3596318.300  3596327.300
   460:  3596782.300  3628780.300  3646534.300  3657686.300  3686084.300
   465:  3810934.300  3820068.300  3839438.300  3852782.300  3864450.300
   470:  3864556.300  3880687.300  3880775.300  3939385.300  3959634.300
   475:  3974976.300  3981363.300  3981493.300  3999912.300  4293422.300
   480:  4293969.300  4293999.300  4307786.300  4318242.300  4318902.300
D:
     0:        0.111      567.600     3187.600    13152.600    19150.600
     5:    26477.200    26675.250    61780.650    62215.650    62225.650
    10:    62731.650    64260.650    95224.650   108850.650   108952.650
    15:   122478.400   122523.410   122572.410   122602.610   122617.410
    20:   122666.410   122711.410   122760.410   122805.410   122854.410
    25:   122899.410   122904.420   124498.600   125338.600   125354.600
    30:   125362.600   125373.600   125379.600   125396.600   125933.600
    35:   126356.600   126387.600   126910.600   127231.600   132775.600
    40:   140521.600   146083.600   148763.600   160569.600   160578.600
    45:   160586.600   160619.600   160696.600   208005.200   285363.650
    50:   287639.650   287769.650   303173.650   304006.400   304051.410
    55:   304100.410   304134.610   304145.410   304194.410   304239.410
    60:   304288.410   304333.410   304382.410   304427.410   304432.420
    65:   304835.600   304869.600   304907.600   304957.600   305021.600
    70:   305654.600   306536.600   307186.600   307196.600   307221.600
    75:   307237.600   307248.600   307321.600   320399.600   322812.600
    80:   332802.600   332873.600   333645.600   453555.600   460513.600
    85:   460609.600   460762.600   475774.600   489108.600   489986.600
    90:   624320.600   694529.600   723170.600   723172.600   723296.600
    95:   723326.600   723350.600   732830.600   733607.600   733613.600
   100:   733654.600   759602.600   759623.600   759670.600   832410.600
   105:   835167.600   835706.600   835778.600   835786.600   835800.600
   110:   835803.600   836023.600   838465.600   877303.600   883658.600
   115:   884329.600   884338.600   884346.600   884359.600   884591.600
   120:   884604.600   885394.600   971415.600   971697.600   984587.600
   125:   988806.600   997864.600   998139.600   998215.600   998277.600
   130:   998304.600   998362.600   998380.600  1006506.600  1053918.600
   135:  1071319.600  1098747.600  1098826.600  1118312.200  1131288.650
   140:  1131343.650  1214313.400  1214358.410  1214407.410  1214430.610
   145:  1214452.410  1214501.410  1214546.410  1214595.410  1214640.410
   150:  1214689.410  1214734.410  1214739.420  1214924.600  1216190.600
   155:  1216748.600  1216759.600  1216768.600  1216791.600  1216801.600
   160:  1216818.600  1216839.600  1216854.600  1216861.600  1216872.600
   165:  1216883.600  1216904.600  1216913.600  1216922.600  1216936.600
   170:  1216946.600  1216958.600  1216968.600  1216977.600  1216986.600
   175:  1216997.600  1217069.600  1217106.600  1217621.600  1217659.600
   180:  1217685.600  1217706.600  1218006.600  1218516.600  1218520.600
   185:  1218529.600  1218553.600  1220302.600  1220376.600  1220625.600
   190:  1221157.600  1221201.600  1223186.600  1227662.600  1261483.600
   195:  1289750.600  1301455.200  1301518.250  1301808.650  1310625.650
   200:  1397456.400  1397501.410  1397550.410  1397595.410  1397633.610
   205:  1397644.410  1397689.410  1397738.410  1397783.410  1397832.410
   210:  1397877.410  1397882.420  1401253.600  1401287.600  1401311.600
   215:  1401314.600  1401331.600  1401673.600  1401994.600  1402015.600
   220:  1402023.600  1402735.600  1458150.600  1459165.600  1464488.600
   225:  1465700.600  1517932.600  1534144.600  1541553.600  1557319.600
   230:  1557556.600  1557565.600  1557676.600  1557764.600  1727804.600
   235:  1727855.600  1739982.600  1740615.600  1755860.600  1757346.600
   240:  1758443.600  1758896.600  1758949.600  1758957.600  1766951.600
   245:  1813617.600  1826746.600  1826971.600  2529082.200  2529161.250
   250:  2579213.650  2623093.650  2625083.400  2625128.410  2625177.410
   255:  2625206.610  2625222.410  2625271.410  2625316.410  2625365.410
   260:  2625410.410  2625459.410  2625504.410  2625509.420  2625968.600
   265:  2625994.600  2626037.600  2626869.600  2627241.600  2627364.600
   270:  2628972.600  2629041.600  2629074.600  2629099.600  2629183.600
   275:  2630002.600  2633641.600  2633900.600  2675602.600  2675860.600
   280:  2722185.600  2734253.200  2734285.250  2741056.650  2741102.650
   285:  2741117.650  2744853.650  2757057.250  2761816.650  2762333.650
   290:  2830254.400  2830299.410  2830348.410  2830393.410  2830408.610
   295:  2830442.410  2830487.410  2830536.410  2830581.410  2830630.410
   300:  2830675.410  2830680.420  2833503.600  2833757.600  2833762.600
   305:  2834346.600  2834893.600  2834938.600  2835231.600  2835727.600
   310:  2835782.600  2835805.600  2835822.600  2836749.600  2853463.600
   315:  2853486.600  2853567.600  2853578.600  2984233.600  3284640.600
   320:  3292282.600  3293030.600  3293125.600  3293187.600  3307444.600
   325:  3308664.200  3404665.400  3404710.410  3404759.410  3404804.410
   330:  3404829.610  3404853.410  3404898.410  3404947.410  3404992.410
   335:  3405041.410  3405086.410  3405091.420  3406456.600  3406467.600
   340:  3406477.600  3406969.600  3410182.600  3410334.600  3410696.600
   345:  3430581.600  3464688.200  3540388.650  3540618.650  3547579.650
   350:  3549998.250  3550018.250  3560689.400  3560734.410  3560783.410
   355:  3560795.610  3560828.410  3560877.410  3560922.410  3560971.410
   360:  3561016.410  3561065.410  3561110.410  3561115.420  3562485.600
   365:  3562508.600  3562527.600  3562609.600  3562613.600  3563061.600
   370:  3563065.600  3564132.600  3564625.600  3564709.600  3564733.600
   375:  3565094.600  3565291.600  3565310.600  3565446.600  3565726.600
   380:  3565826.600  3565927.600  3565948.600  3566221.600  3566329.600
   385:  3566385.600  3566400.600  3566411.600  3566420.600  3566435.600
   390:  3566444.600  3566498.600  3566720.600  3566853.600  3566894.600
   395:  3566937.600  3567036.600  3567162.600  3567271.600  3567322.600
   400:  3567411.600  3567461.600  3567510.600  3567654.600  3567941.600
   405:  3567949.600  3567966.600  3568033.600  3568038.600  3568043.600
   410:  3568115.600  3568170.600  3568315.600  3568330.600  3568337.600
   415:  3568733.600  3568784.600  3568819.600  3568991.600  3569168.600
   420:  3569176.600  3569300.600  3569321.600  3569324.600  3569362.600
   425:  3569403.600  3569536.600  3569687.600  3570110.600  3570809.600
   430:  3570962.600  3571135.600  3571533.600  3571599.600  3571698.600
   435:  3571737.600  3572177.600  3572341.600  3572409.600  3572433.600
   440:  3572453.600  3572539.600  3572665.600  3572685.600  3572741.600
   445:  3572858.600  3573121.600  3573143.600  3573344.600  3573372.600
   450:  3573525.600  3575156.600  3575686.600  3575847.600  3576106.600
   455:  3576513.600  3577025.600  3577355.600  3577405.600  3577509.600
   460:  3577528.600  3577917.600  3578189.600  3578216.600  3578339.600
   465:  3578385.600  3578471.600  3578476.600  3578492.600  3578560.600
   470:  3578579.600  3578590.600  3578760.600  3578845.600  3578867.600
   475:  3578873.600  3578884.600  3578975.600  3579287.600  3579323.600
   480:  3579353.600  3579399.600  3579429.600  3579477.600  3579524.600
   485:  3579610.600  3579619.600  3580466.600  3580865.600  3580933.600
   490:  3581035.600  3581094.600  3581150.600  3581282.600  3581289.600
   495:  3581632.600  3581764.600  3581892.600  3581973.600  3582316.600
   500:  3582366.600  3582403.600  3582490.600  3582874.600  3582997.600
   505:  3583034.600  3583071.600  3583082.600  3599659.600  3599726.600
   510:  3599735.600  3600190.600  3632188.600  3649942.600  3661094.600
   515:  3689492.600  3814342.600  3823476.600  3842846.600  3856190.600
   520:  3867858.600  3867964.600  3884095.600  3884183.600  3942793.600
   525:  3963042.600  3978384.600  3984771.600  3984901.600  4003320.600
   530:  4296830.600  4297377.600  4297407.600  4311194.600  4321650.600
   535:  4322310.600  4323408.999
E:
     0:        5.200       16.300       28.800       43.200       59.900
     5:       80.100      105.300      139.300      191.600      330.300
F:
     0:        0.000        0.000        0.000        0.000        0.000
     5:        0.000
L:
     0:      123.000      127.000      116.000      176.000      122.000
     5:      153.000      163.000      105.000
M:
     0:        0.000        0.000        0.000        0.000        0.000
     5:        0.000
