File: C:\MED-PC IV\DATA\!2023-03-05_18h44m.Subject DF24


Start Date: 03/05/23
End Date: 03/06/23
Subject: DF24
Experiment: delayed_acquisition
Group: 1
Box: 4
Start Time: 18:44:33
End Time:  6:57:54
MSN: Delayed_AcquisitionYoked2_w_magmacro
G:       0.000
H:       0.000
I:       0.000
J:       0.000
K:       0.000
N:       0.000
O:       0.000
P:       0.000
Q:       0.000
R:       0.000
S:       0.000
T:       0.000
U:       0.000
V:       0.000
W:       0.000
X:      -6.000
Y:       0.000
Z:       0.000
A:
     0:        2.000       60.000  4320000.000        1.000        0.000
     5:        1.000    96000.000        1.000       10.000        0.000
    10:        0.000        0.000        0.000        0.000        0.000
    15:        0.000        0.000        0.000        0.000        0.000
    20:        0.000        0.000        0.000        0.000        0.000
    25:        0.000        0.000        0.000        0.000        0.000
    30:        0.000        0.000        0.000        0.000        0.000
    35:        0.000        0.000        0.000        0.000        0.000
    40:        0.000        0.000        0.000        0.000        0.000
    45:        0.000        0.000        0.000        0.000        0.000
    50:        0.000        0.000        0.000        0.000        0.000
    55:        0.000        0.000        0.000        0.000        0.000
    60:        0.000        0.000        0.000        0.000        0.000
    65:        0.000        0.000        0.000        0.000        0.000
    70:        0.000        0.000        0.000        0.000        0.000
    75:        0.000        0.000        0.000        0.000        0.000
    80:        0.000        0.000        0.000        0.000        0.000
    85:        0.000        0.000        0.000        0.000        0.000
    90:        0.000        0.000        0.000        0.000        0.000
    95:        0.000        0.000        0.000        0.000        0.000
   100:        0.000
B:
     0:  4320000.000  4323834.000        1.000        2.000        0.000
     5:        0.000        0.000        9.000     1310.000     1677.000
    10:        0.000     1218.000       17.000        1.000      338.000
    15:        0.000        9.000        0.000        0.000        0.000
    20:        0.000        0.000        0.000        0.000        0.000
    25:        0.000        0.000        0.000        0.000        0.000
    30:        1.052        0.000        0.000       90.000        0.000
    35:        0.000        0.000        0.000        0.000        0.000
    40:        0.000        0.000        0.000        0.000        0.000
    45:        0.000        0.000        0.000        0.000        0.000
    50:        0.000        0.000        0.000        0.000        0.000
    55:        0.000        0.000        0.000        0.000        0.000
    60:        0.000        0.000        0.000        0.000        0.000
    65:        0.000        0.000        0.000        0.000        0.000
    70:        0.000        0.000        0.000        0.000        0.000
    75:        0.000        0.000        0.000        0.000        0.000
    80:        0.000        0.000        0.000        0.000        0.000
    85:        0.000        0.000        0.000        0.000        0.000
    90:        0.000        0.000        0.000        0.000        0.000
    95:        0.000        0.000        0.000        0.000        0.000
   100:        0.000
C:
     0:      624.300    97582.200    97582.200    97582.200    97582.200
     5:    97582.200    97582.200    97582.200    97582.200    97582.200
    10:    97582.200    98850.300   106233.300   106237.300   106243.300
    15:   106293.300   106311.300   106544.300   106857.300   107023.300
    20:   107105.300   107231.300   107964.300   109321.300   109379.300
    25:   109612.300   110934.300   111346.300   111411.300   111604.300
    30:   111638.300   115923.300   116636.300   116672.300   116691.300
    35:   119846.300   127641.300   128142.300   131214.300   132804.300
    40:   140639.300   140659.300   141796.300   141799.300   142248.300
    45:   142344.300   149169.300   149940.300   150026.300   150503.300
    50:   150676.300   150796.300   253776.200   253776.200   253776.200
    55:   253776.200   253776.200   253776.200   253776.200   253776.200
    60:   253776.200   253776.200   257166.300   257212.300   257229.300
    65:   257300.300   257308.300   257323.300   257371.300   257397.300
    70:   257418.300   257440.300   257457.300   257460.300   257488.300
    75:   257506.300   264066.300   264979.300   265074.300   265461.300
    80:   265534.300   268611.300   269241.300   269978.300   270200.300
    85:   270352.300   270711.300   276705.300   373757.200   373757.200
    90:   373757.200   373757.200   373757.200   373757.200   373757.200
    95:   373757.200   373757.200   373757.200   374054.300   374102.300
   100:   374118.300   374121.300   374142.300   374167.300   374193.300
   105:   374219.300   374245.300   374271.300   374290.300   374317.300
   110:   374337.300   374363.300   375232.300   376540.300   376864.300
   115:   376949.300   376989.300   376993.300   377005.300   377012.300
   120:   377030.300   377069.300   377089.300   377107.300   377114.300
   125:   377129.300   377142.300   377151.300   377154.300   377169.300
   130:   377215.300   377274.300   377289.300   377313.300   377328.300
   135:   377339.300   377349.300   377357.300   377414.300   377435.300
   140:   377437.300   377460.300   377494.300   377582.300   377657.300
   145:   377669.300   377709.300   378031.300   378082.300   382384.300
   150:   382419.300   387465.300   387645.300   388268.300   388358.300
   155:   388432.300   392123.300   392239.300   392583.300   392676.300
   160:   392730.300   392794.300   393075.300   393428.300   397434.300
   165:   397463.300   397494.300   399566.300   416563.300   416801.300
   170:   416937.300   417112.300   424915.300   425875.300   426310.300
   175:   426479.300   426713.300   426875.300   435402.300   435568.300
   180:   436512.300   437159.300   438107.300   438123.300   443477.300
   185:   443523.300   443595.300   443894.300   443963.300   448116.300
   190:   448170.300   449253.300   449553.300   449661.300   449678.300
   195:   449834.300   450282.300   450538.300   450789.300   453344.300
   200:   453404.300   453728.300   454224.300   460776.300   461282.300
   205:   461836.300   464630.300   465860.300   465901.300   466228.300
   210:   466306.300   466382.300   466403.300   476621.300   477128.300
   215:   477491.300   490412.300   493188.300   494728.300   496170.300
   220:   500423.300   501435.300   501484.300   502578.300   502631.300
   225:   506384.300   507262.300   507573.300   507949.300   508522.300
   230:   516897.300   517397.300   518489.300   522753.300   523493.300
   235:   523514.300   523949.300   524078.300   536395.300   536987.300
   240:   537532.300   537616.300   540772.300   542580.300   543508.300
   245:   543602.300   563096.300   564259.300   564796.300   565175.300
   250:   565181.300   565633.300   566296.300   566333.300   566392.300
   255:   566441.300   570626.300   571462.300   571472.300   571524.300
   260:   571565.300   571615.300   572465.300   572492.300   573500.300
   265:   573507.300   580748.300   583493.300   592287.300   592366.300
   270:   593727.300   594814.300   596197.300   597486.300   597979.300
   275:   598007.300   605875.300   607347.300   609645.300   610283.300
   280:   610749.300   611020.300   616755.300   616787.300   618226.300
   285:   618365.300   619149.300   623586.300   625150.300   625530.300
   290:   625566.300   625715.300   629517.300   630621.300   630737.300
   295:   631477.300   632133.100   632372.300   632554.300   634991.300
   300:   636001.300   636356.300   636526.300   636567.300   636726.300
   305:   636823.300   648737.300   650359.300   652395.300   652418.300
   310:   653031.300   659830.300   662602.300   663728.300   665561.300
   315:   665889.300   667270.300   669988.300   671150.300   671759.300
   320:   675769.300   675841.300   676289.300   681780.300   683995.300
   325:   684321.300   684512.300   686359.300   686387.300   690020.300
   330:   703523.300   703910.300   706877.300   706963.300   707311.300
   335:   707489.300   707709.300   708109.300   708435.300   711695.300
   340:   711750.300   711827.300   714571.300   715144.300   715347.300
   345:   715582.300   715741.300   721623.300   721810.300   722420.300
   350:   722910.300   723375.300   724400.300   724428.300   724602.300
   355:   724626.300   724656.300   724689.300   724810.300   728081.300
   360:   728112.300   728747.300   728897.300   729437.300   730215.300
   365:   730374.300   733977.300   735897.300   735991.300   736298.300
   370:   737740.300   738716.300   739754.300   739917.300   739988.300
   375:   739994.300   740054.300   740097.300   740123.300   740287.300
   380:   740358.300   740424.300   752335.300   752717.300   752773.300
   385:   753066.300   753127.300   753203.300   753289.300   753342.300
   390:   753370.300   753398.300   753461.300   753495.300   754751.300
   395:   756011.300   763970.300   765792.300   767352.300   768352.300
   400:   768391.300   773375.300   773390.300   774855.300   776965.300
   405:   777765.300   777901.300   778218.300   782511.300   787557.300
   410:   788724.300   789458.300   792858.300   794081.300   795006.300
   415:   796302.300   797581.300   800111.300   802795.300   806323.300
   420:   808377.300   808413.300   808714.300   812268.300   813565.300
   425:   814582.300   816316.300   816388.300   817115.300   817876.300
   430:   826125.300   827274.300   830414.300   831980.300   832248.300
   435:   836905.300   837598.300   840983.300   841016.300   841050.300
   440:   841064.300   841078.300   845891.300   846125.300   847355.300
   445:   847958.300   848239.300   848666.300   856283.300   858585.300
   450:   858851.300   862343.300   862439.300   862767.300   862918.300
   455:   862935.300   864691.300   865574.300   866943.300   866985.300
   460:   867041.300   867087.300   867137.300   867184.300   867232.300
   465:   867255.300   867335.300   867402.300   868043.300   868317.300
   470:   868975.300   869985.300   880162.300   881581.300   881625.300
   475:   881644.300   881678.300   881704.300   882652.300   882693.300
   480:   882736.300   882775.300   882827.300   885519.300   886379.300
   485:   886979.300   887686.300   887719.300   890202.300   891411.300
   490:   895927.300   898179.300   899342.300   899356.300   899367.300
   495:   899411.300   899424.300   899590.300   899693.300   899747.300
   500:   899755.300   899765.300   899788.300   899827.300   899893.300
   505:   900027.300   900053.300   900092.300   900140.300   900162.300
   510:   900195.300   900202.300   910244.300   911568.300   912450.300
   515:   912513.300   912699.300   913025.300   918159.300   919473.300
   520:   925510.300   925597.300   932445.300   933830.300   934197.300
   525:   934199.300   934224.300   934390.300   934566.300   948886.300
   530:   948907.300   949401.300   950903.300   952218.300   954635.300
   535:   956567.300   959708.300   967338.300   969197.300   969681.300
   540:   971396.300   975788.300   975826.300   976956.300   977237.300
   545:   978544.300   978810.300   979029.300   987362.300   988915.300
   550:   989608.300   989621.300   989652.300   991006.300   994628.300
   555:   995808.300   995909.300   996124.300  1008356.300  1009521.300
   560:  1009948.300  1009958.300  1010004.300  1010044.300  1010083.300
   565:  1010513.300  1016894.300  1019056.300  1019121.300  1019243.300
   570:  1019301.300  1019394.300  1019464.300  1019491.300  1019540.300
   575:  1020738.300  1020749.300  1021294.300  1021441.300  1021474.300
   580:  1021487.300  1027203.300  1027252.300  1027306.300  1027366.300
   585:  1028208.300  1028781.300  1033706.300  1033771.300  1034457.300
   590:  1049172.300  1055375.300  1057622.300  1057670.300  1057724.300
   595:  1057756.300  1058681.300  1059005.300  1060030.300  1060251.300
   600:  1061159.300  1063014.300  1064563.300  1064647.300  1064693.300
   605:  1065168.300  1065423.300  1066786.300  1067065.300  1070915.300
   610:  1072347.300  1073314.300  1074170.300  1075198.300  1075241.300
   615:  1089706.300  1091582.300  1091951.300  1093470.300  1095265.300
   620:  1101391.300  1101574.300  1102171.300  1104961.300  1105411.300
   625:  1105502.300  1106193.300  1106727.300  1107407.300  1109992.300
   630:  1110052.300  1110581.300  1110636.300  1110834.300  1115390.300
   635:  1116482.300  1116677.100  1116834.300  1117018.300  1117256.300
   640:  1119639.300  1122724.300  1122751.300  1122781.300  1123334.300
   645:  1123661.300  1123722.300  1223783.200  1223783.200  1223783.200
   650:  1223783.200  1223783.200  1223783.200  1223783.200  1223783.200
   655:  1223783.200  1223783.200  1223916.300  1226321.300  1228446.300
   660:  1235483.300  1238676.300  1240269.300  1241331.300  1241577.300
   665:  1244604.300  1244614.300  1246015.300  1246661.300  1250378.300
   670:  1254042.300  1254104.300  1256037.300  1256085.300  1258759.300
   675:  1258964.300  1261726.300  1262070.300  1264945.300  1271506.300
   680:  1271533.300  1381052.200  1381052.200  1381052.200  1381052.200
   685:  1381052.200  1381052.200  1381052.200  1381052.200  1381052.200
   690:  1381052.200  1381358.300  1381429.300  1381452.300  1381474.300
   695:  1381499.300  1381520.300  1381544.300  1381568.300  1381590.300
   700:  1381599.300  1381618.300  1381631.300  1381672.300  1381698.300
   705:  1381718.300  1381738.300  1381762.300  1381805.300  1381826.300
   710:  1384041.300  1384095.300  1384161.300  1384234.300  1384273.300
   715:  1384296.300  1384430.300  1384448.300  1384476.300  1384491.300
   720:  1384512.300  1384525.300  1384554.300  1384577.300  1384601.300
   725:  1384626.300  1384640.300  1384675.300  1384694.300  1384732.300
   730:  1384759.300  1384773.300  1384801.300  1384868.300  1384928.300
   735:  1384945.300  1384954.300  1384976.300  1384999.300  1385012.300
   740:  1385039.300  1385055.300  1385069.300  1385098.300  1385136.300
   745:  1385162.300  1385196.300  1385236.300  1385251.300  1385265.300
   750:  1393370.300  1393456.300  1393776.300  1396217.300  1492544.200
   755:  1492544.200  1492544.200  1492544.200  1492544.200  1492544.200
   760:  1492544.200  1492544.200  1492544.200  1492544.200  1492699.300
   765:  1492725.300  1492760.300  1492779.300  1494245.300  1494346.300
   770:  1494385.300  1494401.300  1494406.300  1494420.300  1496196.300
   775:  1496217.300  1496243.300  1496262.300  1496288.300  1496310.300
   780:  1496333.300  1496341.300  1496478.300  1496522.300  1496564.300
   785:  1496606.300  1496653.300  1496674.300  1496699.300  1496719.300
   790:  1496796.300  1496826.300  1496848.300  1496860.300  1496878.300
   795:  1496895.300  1496917.300  1496960.300  1496984.300  1497008.300
   800:  1497026.300  1497048.300  1497076.300  1497092.300  1497105.300
   805:  1497116.300  1497137.300  1497160.300  1497175.300  1497210.300
   810:  1497234.300  1497254.300  1497258.300  1497274.300  1497286.300
   815:  1497309.300  1497317.300  1497326.300  1497333.300  1497347.300
   820:  1497366.300  1497382.300  1497385.300  1497393.300  1497408.300
   825:  1497433.300  1497459.300  1497471.300  1497494.300  1497508.300
   830:  1497530.300  1497544.300  1497563.300  1497577.300  1497593.300
   835:  1497637.300  1497651.300  1497668.300  1497676.300  1497694.300
   840:  1497713.300  1497725.300  1497735.300  1497751.300  1497773.300
   845:  1497786.300  1497807.300  1497818.300  1497833.300  1497843.300
   850:  1497887.300  1497963.300  1498041.300  1498407.300  1498432.300
   855:  1498465.300  1501903.300  1503848.300  1509355.300  1516907.300
   860:  1517071.300  1522306.300  1522384.300  1522401.300  1547375.300
   865:  1547773.300  1556794.300  1557440.300  1557529.300  1567061.300
   870:  1567196.300  1567449.300  1567611.300  1593000.300  1599389.300
   875:  1602227.300  1602335.300  1602823.300  1606823.300  1606986.300
   880:  1607588.300  1607775.300  1613292.300  1615238.300  1615841.300
   885:  1616345.300  1620471.300  1620820.300  1620841.300  1627673.300
   890:  1627726.300  1627818.300  1627860.300  1627889.300  1627942.300
   895:  1628047.300  1628165.300  1628356.300  1628448.300  1628455.300
   900:  1628504.300  1628582.300  1628646.300  1628736.300  1630316.300
   905:  1636682.300  1637599.300  1637963.300  1638532.300  1642616.300
   910:  1642736.300  1645355.300  1645556.300  1646312.300  1647234.300
   915:  1647290.300  1647727.300  1651233.300  1652334.300  1652653.300
   920:  1652669.300  1652688.300  1660877.300  1668651.300  1668711.300
   925:  1668751.300  1670009.300  1686688.300  1689968.300  1707633.300
   930:  1707672.300  1707703.300  1707749.300  1712692.300  1717375.300
   935:  1717671.300  1718197.300  1718229.300  1723363.300  1729768.300
   940:  1732283.300  1740220.300  1752293.300  1754804.300  1756170.300
   945:  1756203.300  1764119.300  1777625.300  1790051.300  1791422.300
   950:  1801008.300  1801768.300  1805935.300  1810182.300  1813809.300
   955:  1814471.300  1814782.300  1816869.300  1816888.300  1816926.300
   960:  1819678.300  1819993.300  1823367.300  1824786.300  1831430.300
   965:  1843723.300  1844360.300  1844405.300  1844708.300  1850883.300
   970:  1850914.300  1851388.300  1853966.300  1856671.300  1856692.300
   975:  1856817.300  1857079.300  1860762.300  1862303.300  1866039.300
   980:  1871401.300  1871606.300  1871634.300  1887544.300  1887574.300
   985:  1887677.300  1894294.300  1898658.300  1898700.300  1899300.300
   990:  1899348.300  1902129.300  1902412.300  1906879.300  1908860.300
   995:  1909277.300  1921088.300  1922511.300  1940735.300  1948825.300
  1000:  1967520.300  1967537.300  1976482.300  1982587.300  1983143.300
  1005:  2001512.300  2001587.300  2004458.300  2004484.300  2005056.300
  1010:  2016588.300  2016936.300  2030932.300  2037101.300  2038144.300
  1015:  2038191.300  2041433.300  2041673.300  2041734.300  2047059.300
  1020:  2050440.300  2050452.300  2050965.300  2054885.300  2056799.300
  1025:  2057467.300  2057525.300  2057606.300  2058126.300  2204023.200
  1030:  2204023.200  2204023.200  2204023.200  2204023.200  2204023.200
  1035:  2204023.200  2204023.200  2204023.200  2204023.200  2205236.300
  1040:  2205579.300  2205993.300  2206886.300  2206892.300  2206913.300
  1045:  2206924.300  2206940.300  2206946.300  2206970.300  2206996.300
  1050:  2207016.300  2207042.300  2207057.300  2207079.300  2207094.300
  1055:  2212578.300  2212595.300  2212606.300  2213174.300  2220525.300
  1060:  2279238.300  2282167.300  2282206.300  2289491.300  2291443.300
  1065:  2299307.300  2299325.300  2299357.300  2300130.300  2401161.200
  1070:  2401161.200  2401161.200  2401161.200  2401161.200  2401161.200
  1075:  2401161.200  2401161.200  2401161.200  2401161.200  2401262.300
  1080:  2401337.300  2401364.300  2401392.300  2401419.300  2401447.300
  1085:  2401471.300  2401501.300  2401515.300  2401538.300  2401565.300
  1090:  2401590.300  2401636.300  2401663.300  2402981.300  2402992.300
  1095:  2403032.300  2403416.300  2403462.300  2403484.300  2403508.300
  1100:  2403541.300  2403580.300  2403615.300  2403678.300  2403706.300
  1105:  2403728.300  2403751.300  2403776.300  2403791.300  2403808.300
  1110:  2403826.300  2404220.300  2404241.300  2404267.300  2404294.300
  1115:  2404321.300  2404342.300  2404362.300  2404369.300  2404378.300
  1120:  2404404.300  2404427.300  2404447.300  2404467.300  2404520.300
  1125:  2404522.300  2404677.300  2410950.300  2410966.300  2411049.300
  1130:  2418311.300  2431463.300  2431504.300  2431596.300  2442455.300
  1135:  2442510.300  2443231.300  2544250.200  2544250.200  2544250.200
  1140:  2544250.200  2544250.200  2544250.200  2544250.200  2544250.200
  1145:  2544250.200  2544250.200  2546135.300  2546497.300  2546546.300
  1150:  2546787.300  2547134.300  2554877.300  2555432.300  2555456.300
  1155:  2555478.300  2557643.300  2563066.300  2563142.300  2563495.300
  1160:  2567396.300  2569672.300  2569703.300  2569732.300  2570368.300
  1165:  2572602.300  2573021.300  2583798.300  2606323.300  2642683.300
  1170:  2652029.300  2653797.300  2653834.300  2666475.300  2666524.300
  1175:  2675093.300  2679061.300  2680593.300  2681427.300  2688559.300
  1180:  2689721.300  2689769.300  2696534.300  2696682.300  2704176.300
  1185:  2705985.300  2706947.300  2710672.300  2711521.300  2711877.300
  1190:  2712702.300  2722800.300  2723945.300  2725331.300  2726987.300
  1195:  2727023.300  2727073.300  2730470.300  2730737.300  2731256.300
  1200:  2734730.300  2735592.300  2739533.300  2743395.300  2743594.300
  1205:  2743810.300  2748762.300  2754266.300  2754310.300  2754843.300
  1210:  2755405.300  2758825.300  2764702.300  2765636.300  2765760.300
  1215:  2770819.300  2770999.300  2775788.300  2775953.300  2776849.300
  1220:  2788601.300  2788679.300  2792789.300  2798855.300  2799055.300
  1225:  2799207.300  2799283.300  2799548.300  2817525.300  2817856.300
  1230:  2818392.300  2828389.300  2829733.300  2831155.300  2836474.300
  1235:  2836521.300  2844794.300  2844959.300  2845744.300  2847950.300
  1240:  2853870.300  2854040.300  2859967.300  2865889.300  2866792.300
  1245:  2872926.300  2873869.300  2873980.300  2879864.300  2879917.300
  1250:  2882907.300  2883605.300  2895746.300  2899688.300  2899740.300
  1255:  2899762.300  2899965.300  2908396.300  2908443.300  2916019.300
  1260:  2922011.300  2922174.300  2922801.300  2927245.300  2928700.300
  1265:  2954070.300  2954174.300  2959917.300  2959961.300  2960559.300
  1270:  2962460.300  2968730.300  2968818.300  2977752.300  2981225.300
  1275:  2985117.300  2985379.300  3000303.300  3000770.300  3072632.300
  1280:  3072713.300  3072769.300  3073931.300  3081667.300  3087143.300
  1285:  3087302.300  3087361.300  3087774.300  3091920.300  3091945.300
  1290:  3100114.300  3101297.300  3101330.300  3106454.300  3108718.300
  1295:  3112367.300  3113183.300  3681586.300  3681605.300  3691598.300
  1300:  4113993.300  4184815.300  4191054.300  4191193.300  4191220.300
  1305:  4207809.300  4207860.300  4208442.300  4232085.300  4232115.300
D:
     0:        0.111      624.600     6552.650     6650.650     9182.650
     5:     9267.650    12076.650    12101.650    12469.650    12579.650
    10:    13124.650    15218.650    15267.650    21063.650    21814.650
    15:    23961.650    24009.650    24563.650    24619.650    25483.650
    20:    28117.650    30617.650    30705.650    31423.650    31494.650
    25:    31770.650    34636.650    34697.650    35274.650    38482.650
    30:    39503.650    39785.650    39919.650    40264.650    44169.650
    35:    44191.650    45338.650    45446.650    45758.650    51267.650
    40:    52345.650    52501.650    55134.650    56492.650    58123.650
    45:    58895.650    58956.650    59485.650    59706.650    60080.650
    50:    64152.650    64231.650    65746.650    68961.650    69015.650
    55:    69993.650    73473.650    73557.650    73615.650    73654.650
    60:    74348.650    76572.650    76611.650    87174.650    93603.650
    65:    93998.650    94605.650    96750.650    96933.650    97090.650
    70:    97115.650    97184.650    97436.650    97524.650    97582.400
    75:    97627.410    97663.610    97676.410    97677.610    97721.410
    80:    97770.410    97815.410    97864.410    97909.410    97958.410
    85:    98003.410    98008.420    99276.600   106659.600   106663.600
    90:   106669.600   106719.600   106737.600   106970.600   107283.600
    95:   107449.600   107531.600   107657.600   108390.600   109747.600
   100:   109805.600   110038.600   111360.600   111772.600   111837.600
   105:   112030.600   112064.600   116349.600   117062.600   117098.600
   110:   117117.600   120272.600   128067.600   128568.600   131640.600
   115:   133230.600   141065.600   141085.600   142222.600   142225.600
   120:   142674.600   142770.600   149595.600   150366.600   150452.600
   125:   150929.600   151102.600   151222.600   161145.650   162066.650
   130:   162371.650   163072.650   163145.650   163212.650   168004.650
   135:   168621.650   171366.650   171580.650   171898.650   173105.650
   140:   174673.650   174709.650   174755.650   175328.650   177957.650
   145:   178274.650   186817.650   187899.650   199246.650   199320.650
   150:   199869.650   200079.650   206446.650   210158.650   211458.650
   155:   211585.650   214340.650   214413.650   214424.650   224845.650
   160:   226030.650   226185.650   228687.650   228723.650   228860.650
   165:   229307.650   229389.650   234170.650   234228.650   234294.650
   170:   234901.650   241584.650   241628.650   241755.650   241758.650
   175:   241775.650   254202.400   254247.410   254250.610   254296.410
   180:   254341.410   254390.410   254435.410   254484.410   254529.410
   185:   254578.410   254623.410   254628.420   258018.600   258064.600
   190:   258081.600   258152.600   258160.600   258175.600   258223.600
   195:   258249.600   258270.600   258292.600   258309.600   258312.600
   200:   258340.600   258358.600   264918.600   265831.600   265926.600
   205:   266313.600   266386.600   269463.600   270093.600   270830.600
   210:   271052.600   271204.600   271563.600   277557.600   290470.650
   215:   291446.650   295251.650   295578.650   295612.650   296096.650
   220:   296137.650   296286.650   296400.650   296427.650   296895.650
   225:   298034.650   312376.650   313346.650   314080.650   314540.650
   230:   318572.650   318611.650   320210.650   320287.650   320420.650
   235:   329149.650   329214.650   329264.650   329331.650   329367.650
   240:   329424.650   329465.650   329784.650   329917.650   331921.650
   245:   332069.650   336548.650   336623.650   336711.650   336778.650
   250:   336810.650   336886.650   337049.650   337123.650   338105.650
   255:   338508.650   338915.650   342967.650   345439.650   358451.650
   260:   358769.650   366435.650   368456.650   368818.650   368868.650
   265:   372928.650   372966.650   373029.650   373191.650   373326.650
   270:   374609.400   374654.410   374677.610   374703.410   374748.410
   275:   374797.410   374842.410   374891.410   374936.410   374985.410
   280:   375030.410   375035.420   375332.600   375380.600   375396.600
   285:   375399.600   375420.600   375445.600   375471.600   375497.600
   290:   375523.600   375549.600   375568.600   375595.600   375615.600
   295:   375641.600   376510.600   377818.600   378142.600   378227.600
   300:   378267.600   378271.600   378283.600   378290.600   378308.600
   305:   378347.600   378367.600   378385.600   378392.600   378407.600
   310:   378420.600   378429.600   378432.600   378447.600   378493.600
   315:   378552.600   378567.600   378591.600   378606.600   378617.600
   320:   378627.600   378635.600   378692.600   378713.600   378715.600
   325:   378738.600   378772.600   378860.600   378935.600   378947.600
   330:   378987.600   379309.600   379360.600   383662.600   383697.600
   335:   388743.600   388923.600   389546.600   389636.600   389710.600
   340:   393401.600   393517.600   393861.600   393954.600   394008.600
   345:   394072.600   394353.600   394706.600   398712.600   398741.600
   350:   398772.600   400844.600   417841.600   418079.600   418215.600
   355:   418390.600   426193.600   427153.600   427588.600   427757.600
   360:   427991.600   428153.600   436680.600   436846.600   437790.600
   365:   438437.600   439385.600   439401.600   444755.600   444801.600
   370:   444873.600   445172.600   445241.600   449394.600   449448.600
   375:   450531.600   450831.600   450939.600   450956.600   451112.600
   380:   451560.600   451816.600   452067.600   454622.600   454682.600
   385:   455006.600   455502.600   462054.600   462560.600   463114.600
   390:   465908.600   467138.600   467179.600   467506.600   467584.600
   395:   467660.600   467681.600   477899.600   478406.600   478769.600
   400:   491690.600   494466.600   496006.600   497448.600   501701.600
   405:   502713.600   502762.600   503856.600   503909.600   507662.600
   410:   508540.600   508851.600   509227.600   509800.600   518175.600
   415:   518675.600   519767.600   524031.600   524771.600   524792.600
   420:   525227.600   525356.600   537673.600   538265.600   538810.600
   425:   538894.600   542050.600   543858.600   544786.600   544880.600
   430:   564374.600   565537.600   566074.600   566453.600   566459.600
   435:   566911.600   567574.600   567611.600   567670.600   567719.600
   440:   571904.600   572740.600   572750.600   572802.600   572843.600
   445:   572893.600   573743.600   573770.600   574778.600   574785.600
   450:   582026.600   584771.600   593565.600   593644.600   595005.600
   455:   596092.600   597475.600   598764.600   599257.600   599285.600
   460:   607153.600   608625.600   610923.600   611561.600   612027.600
   465:   612298.600   618033.600   618065.600   619504.600   619643.600
   470:   620427.600   624864.600   626428.600   626808.600   626844.600
   475:   626993.600   630795.600   631899.600   632015.600   632755.600
   480:   633411.200   633650.600   633832.600   636269.600   637279.600
   485:   637634.600   637804.600   637845.600   638004.600   638101.600
   490:   650015.600   651637.600   653673.600   653696.600   654309.600
   495:   661108.600   663880.600   665006.600   666839.600   667167.600
   500:   668548.600   671266.600   672428.600   673037.600   677047.600
   505:   677119.600   677567.600   683058.600   685273.600   685599.600
   510:   685790.600   687637.600   687665.600   691298.600   704801.600
   515:   705188.600   708155.600   708241.600   708589.600   708767.600
   520:   708987.600   709387.600   709713.600   712973.600   713028.600
   525:   713105.600   715849.600   716422.600   716625.600   716860.600
   530:   717019.600   722901.600   723088.600   723698.600   724188.600
   535:   724653.600   725678.600   725706.600   725880.600   725904.600
   540:   725934.600   725967.600   726088.600   729359.600   729390.600
   545:   730025.600   730175.600   730715.600   731493.600   731652.600
   550:   735255.600   737175.600   737269.600   737576.600   739018.600
   555:   739994.600   741032.600   741195.600   741266.600   741272.600
   560:   741332.600   741375.600   741401.600   741565.600   741636.600
   565:   741702.600   753613.600   753995.600   754051.600   754344.600
   570:   754405.600   754481.600   754567.600   754620.600   754648.600
   575:   754676.600   754739.600   754773.600   756029.600   757289.600
   580:   765248.600   767070.600   768630.600   769630.600   769669.600
   585:   774653.600   774668.600   776133.600   778243.600   779043.600
   590:   779179.600   779496.600   783789.600   788835.600   790002.600
   595:   790736.600   794136.600   795359.600   796284.600   797580.600
   600:   798859.600   801389.600   804073.600   807601.600   809655.600
   605:   809691.600   809992.600   813546.600   814843.600   815860.600
   610:   817594.600   817666.600   818393.600   819154.600   827403.600
   615:   828552.600   831692.600   833258.600   833526.600   838183.600
   620:   838876.600   842261.600   842294.600   842328.600   842342.600
   625:   842356.600   847169.600   847403.600   848633.600   849236.600
   630:   849517.600   849944.600   857561.600   859863.600   860129.600
   635:   863621.600   863717.600   864045.600   864196.600   864213.600
   640:   865969.600   866852.600   868221.600   868263.600   868319.600
   645:   868365.600   868415.600   868462.600   868510.600   868533.600
   650:   868613.600   868680.600   869321.600   869595.600   870253.600
   655:   871263.600   881440.600   882859.600   882903.600   882922.600
   660:   882956.600   882982.600   883930.600   883971.600   884014.600
   665:   884053.600   884105.600   886797.600   887657.600   888257.600
   670:   888964.600   888997.600   891480.600   892689.600   897205.600
   675:   899457.600   900620.600   900634.600   900645.600   900689.600
   680:   900702.600   900868.600   900971.600   901025.600   901033.600
   685:   901043.600   901066.600   901105.600   901171.600   901305.600
   690:   901331.600   901370.600   901418.600   901440.600   901473.600
   695:   901480.600   911522.600   912846.600   913728.600   913791.600
   700:   913977.600   914303.600   919437.600   920751.600   926788.600
   705:   926875.600   933723.600   935108.600   935475.600   935477.600
   710:   935502.600   935668.600   935844.600   950164.600   950185.600
   715:   950679.600   952181.600   953496.600   955913.600   957845.600
   720:   960986.600   968616.600   970475.600   970959.600   972674.600
   725:   977066.600   977104.600   978234.600   978515.600   979822.600
   730:   980088.600   980307.600   988640.600   990193.600   990886.600
   735:   990899.600   990930.600   992284.600   995906.600   997086.600
   740:   997187.600   997402.600  1009634.600  1010799.600  1011226.600
   745:  1011236.600  1011282.600  1011322.600  1011361.600  1011791.600
   750:  1018172.600  1020334.600  1020399.600  1020521.600  1020579.600
   755:  1020672.600  1020742.600  1020769.600  1020818.600  1022016.600
   760:  1022027.600  1022572.600  1022719.600  1022752.600  1022765.600
   765:  1028481.600  1028530.600  1028584.600  1028644.600  1029486.600
   770:  1030059.600  1034984.600  1035049.600  1035735.600  1050450.600
   775:  1056653.600  1058900.600  1058948.600  1059002.600  1059034.600
   780:  1059959.600  1060283.600  1061308.600  1061529.600  1062437.600
   785:  1064292.600  1065841.600  1065925.600  1065971.600  1066446.600
   790:  1066701.600  1068064.600  1068343.600  1072193.600  1073625.600
   795:  1074592.600  1075448.600  1076476.600  1076519.600  1090984.600
   800:  1092860.600  1093229.600  1094748.600  1096543.600  1102669.600
   805:  1102852.600  1103449.600  1106239.600  1106689.600  1106780.600
   810:  1107471.600  1108005.600  1108685.600  1111270.600  1111330.600
   815:  1111859.600  1111914.600  1112112.600  1116668.600  1117760.600
   820:  1117955.200  1118112.600  1118296.600  1118534.600  1120917.600
   825:  1124002.600  1124029.600  1124059.600  1124612.600  1124939.600
   830:  1125000.600  1129196.650  1129331.650  1134365.650  1134390.650
   835:  1135154.650  1139236.650  1139252.650  1142579.650  1156641.650
   840:  1158866.650  1159300.650  1159353.650  1159584.650  1160264.650
   845:  1161249.650  1165091.650  1166760.650  1166830.650  1166882.650
   850:  1170156.650  1171612.650  1172635.650  1172678.650  1172784.650
   855:  1172835.650  1173103.650  1173112.650  1176528.650  1176700.650
   860:  1179615.650  1180947.650  1181059.650  1185130.650  1185180.650
   865:  1185515.650  1187287.650  1195120.650  1195137.650  1196984.650
   870:  1204985.650  1205032.650  1205814.650  1208846.650  1209132.650
   875:  1215643.650  1215661.650  1216912.650  1217013.650  1222005.650
   880:  1225061.400  1225106.410  1225155.410  1225192.610  1225200.410
   885:  1225223.610  1225249.410  1225294.410  1225343.410  1225388.410
   890:  1225437.410  1225482.410  1225487.420  1225620.600  1228025.600
   895:  1230150.600  1237187.600  1240380.600  1241973.600  1243035.600
   900:  1243281.600  1246308.600  1246318.600  1247719.600  1248365.600
   905:  1252082.600  1255746.600  1255808.600  1257741.600  1257789.600
   910:  1260463.600  1260668.600  1263430.600  1263774.600  1266649.600
   915:  1273210.600  1273237.600  1294005.650  1294011.650  1294171.650
   920:  1294246.650  1294434.650  1300269.650  1300773.650  1301024.650
   925:  1308434.650  1308527.650  1311315.650  1311355.650  1314865.650
   930:  1315581.650  1315596.650  1315613.650  1315634.650  1315666.650
   935:  1316353.650  1316689.650  1316749.650  1333573.650  1340612.650
   940:  1340668.650  1354508.650  1354539.650  1355897.650  1356226.650
   945:  1364531.650  1364605.650  1364972.650  1371953.650  1372122.650
   950:  1372150.650  1372160.650  1372258.650  1372304.650  1372347.650
   955:  1372383.650  1375099.650  1375369.650  1380102.650  1382003.650
   960:  1382756.400  1382801.410  1382850.410  1382895.410  1382916.610
   965:  1382923.610  1382934.610  1382944.410  1382949.610  1382989.410
   970:  1383038.410  1383083.410  1383132.410  1383177.410  1383182.420
   975:  1383488.600  1383559.600  1383582.600  1383604.600  1383629.600
   980:  1383650.600  1383674.600  1383698.600  1383720.600  1383729.600
   985:  1383748.600  1383761.600  1383802.600  1383828.600  1383848.600
   990:  1383868.600  1383892.600  1383935.600  1383956.600  1386171.600
   995:  1386225.600  1386291.600  1386364.600  1386403.600  1386426.600
  1000:  1386560.600  1386578.600  1386606.600  1386621.600  1386642.600
  1005:  1386655.600  1386684.600  1386707.600  1386731.600  1386756.600
  1010:  1386770.600  1386805.600  1386824.600  1386862.600  1386889.600
  1015:  1386903.600  1386931.600  1386998.600  1387058.600  1387075.600
  1020:  1387084.600  1387106.600  1387129.600  1387142.600  1387169.600
  1025:  1387185.600  1387199.600  1387228.600  1387266.600  1387292.600
  1030:  1387326.600  1387366.600  1387381.600  1387395.600  1395500.600
  1035:  1395586.600  1395906.600  1398347.600  1399463.650  1400246.650
  1040:  1400271.650  1403480.650  1406272.650  1406289.650  1412750.650
  1045:  1414718.650  1415002.650  1447944.650  1448453.650  1449020.650
  1050:  1449052.650  1449189.650  1449225.650  1454412.650  1457503.650
  1055:  1457864.650  1457922.650  1461747.650  1461781.650  1461813.650
  1060:  1461859.650  1470255.650  1471461.250  1471677.650  1476914.650
  1065:  1476997.650  1477553.650  1494674.400  1494719.410  1494768.410
  1070:  1494813.410  1494862.410  1494869.610  1494891.610  1494907.410
  1075:  1494956.410  1495001.410  1495050.410  1495095.410  1495100.420
  1080:  1495255.600  1495281.600  1495316.600  1495335.600  1496801.600
  1085:  1496902.600  1496941.600  1496957.600  1496962.600  1496976.600
  1090:  1498752.600  1498773.600  1498799.600  1498818.600  1498844.600
  1095:  1498866.600  1498889.600  1498897.600  1499034.600  1499078.600
  1100:  1499120.600  1499162.600  1499209.600  1499230.600  1499255.600
  1105:  1499275.600  1499352.600  1499382.600  1499404.600  1499416.600
  1110:  1499434.600  1499451.600  1499473.600  1499516.600  1499540.600
  1115:  1499564.600  1499582.600  1499604.600  1499632.600  1499648.600
  1120:  1499661.600  1499672.600  1499693.600  1499716.600  1499731.600
  1125:  1499766.600  1499790.600  1499810.600  1499814.600  1499830.600
  1130:  1499842.600  1499865.600  1499873.600  1499882.600  1499889.600
  1135:  1499903.600  1499922.600  1499938.600  1499941.600  1499949.600
  1140:  1499964.600  1499989.600  1500015.600  1500027.600  1500050.600
  1145:  1500064.600  1500086.600  1500100.600  1500119.600  1500133.600
  1150:  1500149.600  1500193.600  1500207.600  1500224.600  1500232.600
  1155:  1500250.600  1500269.600  1500281.600  1500291.600  1500307.600
  1160:  1500329.600  1500342.600  1500363.600  1500374.600  1500389.600
  1165:  1500399.600  1500443.600  1500519.600  1500597.600  1500963.600
  1170:  1500988.600  1501021.600  1504459.600  1506404.600  1511911.600
  1175:  1519463.600  1519627.600  1524862.600  1524940.600  1524957.600
  1180:  1549931.600  1550329.600  1559350.600  1559996.600  1560085.600
  1185:  1569617.600  1569752.600  1570005.600  1570167.600  1595556.600
  1190:  1601945.600  1604783.600  1604891.600  1605379.600  1609379.600
  1195:  1609542.600  1610144.600  1610331.600  1615848.600  1617794.600
  1200:  1618397.600  1618901.600  1623027.600  1623376.600  1623397.600
  1205:  1630229.600  1630282.600  1630374.600  1630416.600  1630445.600
  1210:  1630498.600  1630603.600  1630721.600  1630912.600  1631004.600
  1215:  1631011.600  1631060.600  1631138.600  1631202.600  1631292.600
  1220:  1632872.600  1639238.600  1640155.600  1640519.600  1641088.600
  1225:  1645172.600  1645292.600  1647911.600  1648112.600  1648868.600
  1230:  1649790.600  1649846.600  1650283.600  1653789.600  1654890.600
  1235:  1655209.600  1655225.600  1655244.600  1663433.600  1671207.600
  1240:  1671267.600  1671307.600  1672565.600  1689244.600  1692524.600
  1245:  1710189.600  1710228.600  1710259.600  1710305.600  1715248.600
  1250:  1719931.600  1720227.600  1720753.600  1720785.600  1725919.600
  1255:  1732324.600  1734839.600  1742776.600  1754849.600  1757360.600
  1260:  1758726.600  1758759.600  1766675.600  1780181.600  1792607.600
  1265:  1793978.600  1803564.600  1804324.600  1808491.600  1812738.600
  1270:  1816365.600  1817027.600  1817338.600  1819425.600  1819444.600
  1275:  1819482.600  1822234.600  1822549.600  1825923.600  1827342.600
  1280:  1833986.600  1846279.600  1846916.600  1846961.600  1847264.600
  1285:  1853439.600  1853470.600  1853944.600  1856522.600  1859227.600
  1290:  1859248.600  1859373.600  1859635.600  1863318.600  1864859.600
  1295:  1868595.600  1873957.600  1874162.600  1874190.600  1890100.600
  1300:  1890130.600  1890233.600  1896850.600  1901214.600  1901256.600
  1305:  1901856.600  1901904.600  1904685.600  1904968.600  1909435.600
  1310:  1911416.600  1911833.600  1923644.600  1925067.600  1943291.600
  1315:  1951381.600  1970076.600  1970093.600  1979038.600  1985143.600
  1320:  1985699.600  2004068.600  2004143.600  2007014.600  2007040.600
  1325:  2007612.600  2019144.600  2019492.600  2033488.600  2039657.600
  1330:  2040700.600  2040747.600  2043989.600  2044229.600  2044290.600
  1335:  2049615.600  2052996.600  2053008.600  2053521.600  2057441.600
  1340:  2059355.600  2060023.600  2060081.600  2060162.600  2060682.600
  1345:  2114588.650  2115646.650  2115982.650  2118722.650  2118794.650
  1350:  2119181.650  2120740.650  2186056.650  2186263.650  2191761.650
  1355:  2197279.650  2197330.650  2197984.650  2206579.400  2206624.410
  1360:  2206673.410  2206718.410  2206741.610  2206767.410  2206781.610
  1365:  2206812.410  2206861.410  2206906.410  2206955.410  2207000.410
  1370:  2207005.420  2208218.600  2208561.600  2208975.600  2209868.600
  1375:  2209874.600  2209895.600  2209906.600  2209922.600  2209928.600
  1380:  2209952.600  2209978.600  2209998.600  2210024.600  2210039.600
  1385:  2210061.600  2210076.600  2215560.600  2215577.600  2215588.600
  1390:  2216156.600  2223507.600  2282220.600  2285149.600  2285188.600
  1395:  2292473.600  2294425.600  2302289.600  2302307.600  2302339.600
  1400:  2303112.600  2311106.650  2311521.650  2318049.650  2318483.650
  1405:  2375206.650  2379833.650  2380527.650  2383478.650  2383622.650
  1410:  2383687.650  2404143.400  2404188.410  2404204.610  2404237.410
  1415:  2404282.410  2404331.410  2404376.410  2404425.410  2404470.410
  1420:  2404519.410  2404564.410  2404569.420  2404670.600  2404745.600
  1425:  2404772.600  2404800.600  2404827.600  2404855.600  2404879.600
  1430:  2404909.600  2404923.600  2404946.600  2404973.600  2404998.600
  1435:  2405044.600  2405071.600  2406389.600  2406400.600  2406440.600
  1440:  2406824.600  2406870.600  2406892.600  2406916.600  2406949.600
  1445:  2406988.600  2407023.600  2407086.600  2407114.600  2407136.600
  1450:  2407159.600  2407184.600  2407199.600  2407216.600  2407234.600
  1455:  2407628.600  2407649.600  2407675.600  2407702.600  2407729.600
  1460:  2407750.600  2407770.600  2407777.600  2407786.600  2407812.600
  1465:  2407835.600  2407855.600  2407875.600  2407928.600  2407930.600
  1470:  2408085.600  2414358.600  2414374.600  2414457.600  2421719.600
  1475:  2434871.600  2434912.600  2435004.600  2445863.600  2445918.600
  1480:  2446639.600  2467681.650  2468613.650  2468703.650  2468790.650
  1485:  2468857.650  2469266.650  2472129.650  2479422.650  2480312.650
  1490:  2480644.650  2514215.650  2515056.650  2524137.650  2524152.650
  1495:  2532175.650  2544404.650  2546582.650  2546854.650  2547123.650
  1500:  2547658.400  2547703.410  2547708.610  2547752.410  2547797.410
  1505:  2547846.410  2547891.410  2547940.410  2547985.410  2548034.410
  1510:  2548078.610  2548079.410  2548084.420  2549969.600  2550331.600
  1515:  2550380.600  2550621.600  2550968.600  2558711.600  2559266.600
  1520:  2559290.600  2559312.600  2561477.600  2566900.600  2566976.600
  1525:  2567329.600  2571230.600  2573506.600  2573537.600  2573566.600
  1530:  2574202.600  2576436.600  2576855.600  2587632.600  2610157.600
  1535:  2646517.600  2655863.600  2657631.600  2657668.600  2670309.600
  1540:  2670358.600  2678927.600  2682895.600  2684427.600  2685261.600
  1545:  2692393.600  2693555.600  2693603.600  2700368.600  2700516.600
  1550:  2708010.600  2709819.600  2710781.600  2714506.600  2715355.600
  1555:  2715711.600  2716536.600  2726634.600  2727779.600  2729165.600
  1560:  2730821.600  2730857.600  2730907.600  2734304.600  2734571.600
  1565:  2735090.600  2738564.600  2739426.600  2743367.600  2747229.600
  1570:  2747428.600  2747644.600  2752596.600  2758100.600  2758144.600
  1575:  2758677.600  2759239.600  2762659.600  2768536.600  2769470.600
  1580:  2769594.600  2774653.600  2774833.600  2779622.600  2779787.600
  1585:  2780683.600  2792435.600  2792513.600  2796623.600  2802689.600
  1590:  2802889.600  2803041.600  2803117.600  2803382.600  2821359.600
  1595:  2821690.600  2822226.600  2832223.600  2833567.600  2834989.600
  1600:  2840308.600  2840355.600  2848628.600  2848793.600  2849578.600
  1605:  2851784.600  2857704.600  2857874.600  2863801.600  2869723.600
  1610:  2870626.600  2876760.600  2877703.600  2877814.600  2883698.600
  1615:  2883751.600  2886741.600  2887439.600  2899580.600  2903522.600
  1620:  2903574.600  2903596.600  2903799.600  2912230.600  2912277.600
  1625:  2919853.600  2925845.600  2926008.600  2926635.600  2931079.600
  1630:  2932534.600  2957904.600  2958008.600  2963751.600  2963795.600
  1635:  2964393.600  2966294.600  2972564.600  2972652.600  2981586.600
  1640:  2985059.600  2988951.600  2989213.600  3004137.600  3004604.600
  1645:  3076466.600  3076547.600  3076603.600  3077765.600  3085501.600
  1650:  3090977.600  3091136.600  3091195.600  3091608.600  3095754.600
  1655:  3095779.600  3103948.600  3105131.600  3105164.600  3110288.600
  1660:  3112552.600  3116201.600  3117017.600  3685420.600  3685439.600
  1665:  3695432.600  4117827.600  4188649.600  4194888.600  4195027.600
  1670:  4195054.600  4211643.600  4211694.600  4212276.600  4235919.600
  1675:  4235949.600  4323834.999
E:
     0:        5.200       16.300       28.800       43.200       59.900
     5:       80.100      105.300      139.300      191.600      330.300
F:
     0:        0.000        0.000        0.000        0.000        0.000
     5:        0.000
L:
     0:       80.000       47.000       67.000      130.000      159.000
     5:      194.000      161.000       60.000       49.000
M:
     0:        0.000        0.000        0.000        0.000        0.000
     5:        0.000
