File: C:\MED-PC IV\DATA\!2023-02-27_18h40m.Subject DF25


Start Date: 02/27/23
End Date: 02/28/23
Subject: DF25
Experiment: delayed_acquisition
Group: 1
Box: 5
Start Time: 18:40:39
End Time:  6:58:52
MSN: Delayed_AcquisitionYoked2_w_magmacro
G:       0.000
H:       0.000
I:       0.000
J:       0.000
K:       0.000
N:       0.000
O:       0.000
P:       0.000
Q:       0.000
R:       0.000
S:       0.000
T:       0.000
U:       0.000
V:       0.000
W:       0.000
X:      -3.000
Y:       0.000
Z:       0.000
A:
     0:        2.000       60.000  4320000.000        2.000        0.000
     5:        1.000    96000.000        1.000       10.000        0.000
    10:        0.000        0.000        0.000        0.000        0.000
    15:        0.000        0.000        0.000        0.000        0.000
    20:        0.000        0.000        0.000        0.000        0.000
    25:        0.000        0.000        0.000        0.000        0.000
    30:        0.000        0.000        0.000        0.000        0.000
    35:        0.000        0.000        0.000        0.000        0.000
    40:        0.000        0.000        0.000        0.000        0.000
    45:        0.000        0.000        0.000        0.000        0.000
    50:        0.000        0.000        0.000        0.000        0.000
    55:        0.000        0.000        0.000        0.000        0.000
    60:        0.000        0.000        0.000        0.000        0.000
    65:        0.000        0.000        0.000        0.000        0.000
    70:        0.000        0.000        0.000        0.000        0.000
    75:        0.000        0.000        0.000        0.000        0.000
    80:        0.000        0.000        0.000        0.000        0.000
    85:        0.000        0.000        0.000        0.000        0.000
    90:        0.000        0.000        0.000        0.000        0.000
    95:        0.000        0.000        0.000        0.000        0.000
   100:        0.000
B:
     0:  4320000.000  4320852.000        1.000       15.000        0.000
     5:        0.000        0.000        3.000      424.000      501.000
    10:        0.000      388.000        3.000        1.000       69.000
    15:        0.000        2.000        0.000        0.000        0.000
    20:        0.000        0.000        0.000        0.000        0.000
    25:        0.000        0.000        0.000        0.000        0.000
    30:        1.655        1.000        0.000       21.000        0.000
    35:        0.000        0.000        0.000        0.000        0.000
    40:        0.000        0.000        0.000        0.000        0.000
    45:        0.000        0.000        0.000        0.000        0.000
    50:        0.000        0.000        0.000        0.000        0.000
    55:        0.000        0.000        0.000        0.000        0.000
    60:        0.000        0.000        0.000        0.000        0.000
    65:        0.000        0.000        0.000        0.000        0.000
    70:        0.000        0.000        0.000        0.000        0.000
    75:        0.000        0.000        0.000        0.000        0.000
    80:        0.000        0.000        0.000        0.000        0.000
    85:        0.000        0.000        0.000        0.000        0.000
    90:        0.000        0.000        0.000        0.000        0.000
    95:        0.000        0.000        0.000        0.000        0.000
   100:        0.000
C:
     0:      160.300     4296.300     6226.300    15823.300    15862.300
     5:    18679.100    19000.100    23433.300    23501.300    23633.300
    10:    23772.300    23786.300    24536.300   127026.200   127026.200
    15:   127026.200   127026.200   127026.200   127026.200   127026.200
    20:   127026.200   127026.200   127026.200   127974.300   129789.300
    25:   129791.300   129796.300   129818.300   129823.300   129839.300
    30:   129884.300   129922.300   129941.300   129967.300   130038.300
    35:   130088.300   130336.300   131023.300   131031.300   131089.300
    40:   131110.300   131127.300   131147.300   131305.300   131316.300
    45:   131329.300   131344.300   131528.300   131599.300   131720.300
    50:   131897.300   131965.300   131985.300   132008.300   132115.300
    55:   132222.300   132256.300   132373.300   132385.300   132531.300
    60:   132651.300   132669.300   132726.300   134712.300   137535.300
    65:   168527.300   168634.300   168676.300   255012.300   255317.300
    70:   255346.300   255688.300   259007.300   259722.300   300808.300
    75:   333582.300   373354.300   440452.300   440455.300   440977.300
    80:   494174.300   494177.300   494610.300   494673.300   494761.300
    85:   529500.300   529875.300   538120.100   539117.300   539133.300
    90:   539143.300   539378.300   539446.300   539510.300   539689.300
    95:   587087.300   587133.300   587145.300   587155.300   597463.300
   100:   603309.300   637107.300   662972.300   675365.300   675422.300
   105:   675439.300   733972.300   734307.300   734315.300   734474.300
   110:   734795.300   735208.300   736064.300   736362.300   756334.300
   115:   756373.300   756433.300   756742.300   756865.300   814876.300
   120:   814926.300   829815.300   829992.300   859692.300   896952.300
   125:   897006.300   933282.300   971201.300   971561.300   985563.300
   130:   986271.100   995602.300  1017439.300  1020875.300  1027527.300
   135:  1058393.300  1058413.300  1058425.300  1058460.300  1058585.300
   140:  1058921.300  1132143.300  1202442.300  1202840.300  1202877.300
   145:  1202995.300  1236891.300  1237014.300  1237067.300  1237473.300
   150:  1238668.300  1238785.300  1238847.300  1238984.300  1239238.300
   155:  1242927.300  1243715.300  1243749.300  1287190.300  1287806.300
   160:  1311329.300  1311659.300  1311850.300  1317814.300  1317848.300
   165:  1318138.300  1355942.300  1371970.300  1372554.300  1372627.300
   170:  1414787.300  1518720.300  1518831.300  1518841.300  1518876.300
   175:  1519069.300  1519110.300  1519417.300  1519781.300  1584334.300
   180:  1688045.200  1688045.200  1688045.200  1688045.200  1688045.200
   185:  1688045.200  1688045.200  1688045.200  1688045.200  1688045.200
   190:  1688237.300  1688290.300  1688320.300  1688343.300  1688367.300
   195:  1688379.300  1688389.300  1688415.300  1688442.300  1688468.300
   200:  1688487.300  1688513.300  1688541.300  1688566.300  1688581.300
   205:  1688605.300  1688627.300  1688643.300  1688666.300  1688679.300
   210:  1688697.300  1688718.300  1688739.300  1688756.300  1688782.300
   215:  1688800.300  1688823.300  1688847.300  1688869.300  1688893.300
   220:  1688918.300  1688939.300  1688964.300  1688978.300  1689003.300
   225:  1689027.300  1689047.300  1689072.300  1689092.300  1689116.300
   230:  1689135.300  1689157.300  1689178.300  1689198.300  1689220.300
   235:  1689242.300  1689259.300  1689280.300  1689305.300  1689309.300
   240:  1689324.300  1689338.300  1689360.300  1689383.300  1689402.300
   245:  1689421.300  1689443.300  1689467.300  1689488.300  1689506.300
   250:  1689528.300  1689551.300  1689572.300  1689590.300  1689595.300
   255:  1689601.300  1689605.300  1689646.300  1689669.300  1689688.300
   260:  1689711.300  1689771.300  1691381.300  1691396.300  1691421.300
   265:  1691709.300  1692377.300  1692583.300  1692739.300  1692810.300
   270:  1712272.300  1712676.300  1712858.300  1728890.300  1737226.300
   275:  1869281.300  1917026.300  1917765.300  1932165.100  1932241.100
   280:  1933767.300  1937673.300  1937993.300  1939498.100  1952245.300
   285:  1952716.300  1953047.300  1953107.300  1953311.300  1953663.300
   290:  1953794.300  1966847.300  1967104.300  1967210.300  1977184.300
   295:  1989808.300  2012679.300  2082032.300  2082094.300  2101282.300
   300:  2114679.300  2239987.300  2240139.300  2240166.300  2240562.300
   305:  2275055.300  2291788.300  2319435.300  2319465.300  2339684.300
   310:  2339727.300  2340132.300  2340438.300  2373898.300  2442880.300
   315:  2443065.300  2444559.300  2445019.300  2445533.300  2445600.300
   320:  2460812.300  2556441.300  2624303.300  2624916.300  2646592.300
   325:  2647185.300  2647296.300  2647525.300  2648983.300  2649123.300
   330:  2649332.300  2656756.300  2715404.300  2737848.300  2737935.300
   335:  2738101.300  2750424.300  2776741.300  2776806.300  2811204.300
   340:  2817639.300  2817710.300  2817812.300  2880990.300  2881164.300
   345:  2881361.300  2881718.300  2881733.300  2881742.300  2881843.300
   350:  2881857.300  2885699.300  2920065.300  2990930.300  2994942.300
   355:  3023778.300  3126412.300  3182795.300  3182846.300  3225476.300
   360:  3225501.300  3225550.300  3225560.300  3225608.300  3225733.300
   365:  3225813.300  3279049.300  3279057.300  3279092.300  3279188.300
   370:  3279756.300  3282128.300  3305632.300  3305732.300  3305767.300
   375:  3306069.300  3306156.300  3306263.300  3306695.300  3407497.300
   380:  3407718.300  3431129.300  3431389.300  3432377.300  3432527.300
   385:  3438181.300  3460680.100  3471085.300  3471316.300  3474880.300
   390:  3771590.100  3772492.300  3793321.100  3808917.300  3812395.100
   395:  3834192.100  3834864.100  3854625.300  3854645.300  3854686.300
   400:  3854711.300  3854912.300  3865591.300  3883757.300  3883778.300
   405:  3919355.300  3919415.300  3919431.300  3919440.300  3919531.300
   410:  4070488.300  4124703.300  4127537.300  4131067.300  4140581.300
   415:  4164174.300  4164332.300  4173913.300  4173947.300  4174131.300
   420:  4177116.100  4207258.300  4209050.100  4320000.200
D:
     0:        0.111      160.600     4296.600     6226.600    15823.600
     5:    15862.600    18679.200    19000.200    23433.600    23501.600
    10:    23633.600    23772.600    23786.600    24536.600    34337.650
    15:    36744.650    39999.650    60338.650    60433.650    60446.650
    20:    60460.650    60473.650    60497.650    60559.650    63811.650
    25:    63843.650    68029.650    68561.650    68796.650    68983.650
    30:    69130.650    69934.650    70625.650    72947.650    72967.650
    35:    72983.650    72995.650    73018.650    73077.650    73874.650
    40:    74347.650    74355.650    74764.650    74768.650    74867.650
    45:    74972.650    74988.650    74994.650    75302.650    75757.650
    50:    76059.650    76072.650    76103.650    77043.650    77118.650
    55:    77129.650    77147.650    77204.650    77499.650    77550.650
    60:    78097.650    93498.650    93526.650    93537.650    93543.650
    65:   100616.650   100680.650   100819.650   100823.650   100888.650
    70:   100940.650   100950.650   100967.650   100976.650   101409.650
    75:   101443.650   101732.650   124701.650   124734.650   127026.400
    80:   127071.410   127120.410   127165.410   127204.610   127214.410
    85:   127217.610   127259.410   127308.410   127353.410   127402.410
    90:   127447.410   127452.420   128400.600   130215.600   130217.600
    95:   130222.600   130244.600   130249.600   130265.600   130310.600
   100:   130348.600   130367.600   130393.600   130464.600   130514.600
   105:   130762.600   131449.600   131457.600   131515.600   131536.600
   110:   131553.600   131573.600   131731.600   131742.600   131755.600
   115:   131770.600   131954.600   132025.600   132146.600   132323.600
   120:   132391.600   132411.600   132434.600   132541.600   132648.600
   125:   132682.600   132799.600   132811.600   132957.600   133077.600
   130:   133095.600   133152.600   135138.600   137961.600   168953.600
   135:   169060.600   169102.600   255438.600   255743.600   255772.600
   140:   256114.600   259433.600   260148.600   301234.600   334008.600
   145:   373780.600   440878.600   440881.600   441403.600   494600.600
   150:   494603.600   495036.600   495099.600   495187.600   529926.600
   155:   530301.600   538546.200   539543.600   539559.600   539569.600
   160:   539804.600   539872.600   539936.600   540115.600   587513.600
   165:   587559.600   587571.600   587581.600   597889.600   603735.600
   170:   637533.600   663398.600   675791.600   675848.600   675865.600
   175:   734398.600   734733.600   734741.600   734900.600   735221.600
   180:   735634.600   736490.600   736788.600   756760.600   756799.600
   185:   756859.600   757168.600   757291.600   815302.600   815352.600
   190:   830241.600   830418.600   860118.600   897378.600   897432.600
   195:   933708.600   971627.600   971987.600   985989.600   986697.200
   200:   996028.600  1017865.600  1021301.600  1027953.600  1058819.600
   205:  1058839.600  1058851.600  1058886.600  1059011.600  1059347.600
   210:  1132569.600  1202868.600  1203266.600  1203303.600  1203421.600
   215:  1237317.600  1237440.600  1237493.600  1237899.600  1239094.600
   220:  1239211.600  1239273.600  1239410.600  1239664.600  1243353.600
   225:  1244141.600  1244175.600  1287616.600  1288232.600  1311755.600
   230:  1312085.600  1312276.600  1318240.600  1318274.600  1318564.600
   235:  1356368.600  1372396.600  1372980.600  1373053.600  1415213.600
   240:  1519146.600  1519257.600  1519267.600  1519302.600  1519495.600
   245:  1519536.600  1519843.600  1520207.600  1584760.600  1598649.650
   250:  1603440.650  1688471.400  1688516.410  1688565.410  1688610.410
   255:  1688626.610  1688659.410  1688704.410  1688753.410  1688798.410
   260:  1688847.410  1688892.410  1688897.420  1689089.600  1689142.600
   265:  1689172.600  1689195.600  1689219.600  1689231.600  1689241.600
   270:  1689267.600  1689294.600  1689320.600  1689339.600  1689365.600
   275:  1689393.600  1689418.600  1689433.600  1689457.600  1689479.600
   280:  1689495.600  1689518.600  1689531.600  1689549.600  1689570.600
   285:  1689591.600  1689608.600  1689634.600  1689652.600  1689675.600
   290:  1689699.600  1689721.600  1689745.600  1689770.600  1689791.600
   295:  1689816.600  1689830.600  1689855.600  1689879.600  1689899.600
   300:  1689924.600  1689944.600  1689968.600  1689987.600  1690009.600
   305:  1690030.600  1690050.600  1690072.600  1690094.600  1690111.600
   310:  1690132.600  1690157.600  1690161.600  1690176.600  1690190.600
   315:  1690212.600  1690235.600  1690254.600  1690273.600  1690295.600
   320:  1690319.600  1690340.600  1690358.600  1690380.600  1690403.600
   325:  1690424.600  1690442.600  1690447.600  1690453.600  1690457.600
   330:  1690498.600  1690521.600  1690540.600  1690563.600  1690623.600
   335:  1692233.600  1692248.600  1692273.600  1692561.600  1693229.600
   340:  1693435.600  1693591.600  1693662.600  1713124.600  1713528.600
   345:  1713710.600  1729742.600  1738078.600  1870133.600  1917878.600
   350:  1918617.600  1933017.200  1933093.200  1934619.600  1938525.600
   355:  1938845.600  1940350.200  1953097.600  1953568.600  1953899.600
   360:  1953959.600  1954163.600  1954515.600  1954646.600  1967699.600
   365:  1967956.600  1968062.600  1978036.600  1990660.600  2013531.600
   370:  2082884.600  2082946.600  2102134.600  2115531.600  2240839.600
   375:  2240991.600  2241018.600  2241414.600  2275907.600  2292640.600
   380:  2320287.600  2320317.600  2340536.600  2340579.600  2340984.600
   385:  2341290.600  2374750.600  2443732.600  2443917.600  2445411.600
   390:  2445871.600  2446385.600  2446452.600  2461664.600  2557293.600
   395:  2625155.600  2625768.600  2647444.600  2648037.600  2648148.600
   400:  2648377.600  2649835.600  2649975.600  2650184.600  2657608.600
   405:  2716256.600  2738700.600  2738787.600  2738953.600  2751276.600
   410:  2777593.600  2777658.600  2812056.600  2818491.600  2818562.600
   415:  2818664.600  2881842.600  2882016.600  2882213.600  2882570.600
   420:  2882585.600  2882594.600  2882695.600  2882709.600  2886551.600
   425:  2920917.600  2991782.600  2995794.600  3024630.600  3127264.600
   430:  3183647.600  3183698.600  3226328.600  3226353.600  3226402.600
   435:  3226412.600  3226460.600  3226585.600  3226665.600  3279901.600
   440:  3279909.600  3279944.600  3280040.600  3280608.600  3282980.600
   445:  3306484.600  3306584.600  3306619.600  3306921.600  3307008.600
   450:  3307115.600  3307547.600  3408349.600  3408570.600  3431981.600
   455:  3432241.600  3433229.600  3433379.600  3439033.600  3461532.200
   460:  3471937.600  3472168.600  3475732.600  3772442.200  3773344.600
   465:  3794173.200  3809769.600  3813247.200  3835044.200  3835716.200
   470:  3855477.600  3855497.600  3855538.600  3855563.600  3855764.600
   475:  3866443.600  3884609.600  3884630.600  3920207.600  3920267.600
   480:  3920283.600  3920292.600  3920383.600  4071340.600  4125555.600
   485:  4128389.600  4131919.600  4141433.600  4165026.600  4165184.600
   490:  4174765.600  4174799.600  4174983.600  4177968.200  4208110.600
   495:  4209902.200  4240857.250  4280774.650  4304951.650  4320852.400
   500:  4320852.999
E:
     0:        5.200       16.300       28.800       43.200       59.900
     5:       80.100      105.300      139.300      191.600      330.300
F:
     0:        1.000        0.000        1.000        0.000        0.000
     5:        0.000
L:
     0:      177.000      154.000
M:
     0:        0.000        0.000        0.000        0.000        0.000
     5:        0.000
