File: C:\MED-PC IV\DATA\!2023-02-27_18h40m.Subject DF30


Start Date: 02/27/23
End Date: 02/28/23
Subject: DF30
Experiment: delayed_acquisition
Group: 1
Box: 10
Start Time: 18:40:41
End Time:  6:58:28
MSN: Delayed_Acquisition2_w_magmacro
G:       0.000
H:       0.000
I:       0.000
J:       0.000
K:       0.000
N:       0.000
O:       0.000
P:       0.000
Q:       0.000
R:       0.000
S:       0.000
T:       0.000
U:       0.000
V:       0.000
W:       0.000
X:       0.000
Y:       0.000
Z:       0.000
A:
     0:        2.000       60.000  4320000.000        1.000        0.000
     5:        1.000    96000.000        0.000       10.000        0.000
    10:        0.000        0.000        0.000        0.000        0.000
    15:        0.000        0.000        0.000        0.000        0.000
    20:        0.000        0.000        0.000        0.000        0.000
    25:        0.000        0.000        0.000        0.000        0.000
    30:        0.000        0.000        0.000        0.000        0.000
    35:        0.000        0.000        0.000        0.000        0.000
    40:        0.000        0.000        0.000        0.000        0.000
    45:        0.000        0.000        0.000        0.000        0.000
    50:        0.000        0.000        0.000        0.000        0.000
    55:        0.000        0.000        0.000        0.000        0.000
    60:        0.000        0.000        0.000        0.000        0.000
    65:        0.000        0.000        0.000        0.000        0.000
    70:        0.000        0.000        0.000        0.000        0.000
    75:        0.000        0.000        0.000        0.000        0.000
    80:        0.000        0.000        0.000        0.000        0.000
    85:        0.000        0.000        0.000        0.000        0.000
    90:        0.000        0.000        0.000        0.000        0.000
    95:        0.000        0.000        0.000        0.000        0.000
   100:        0.000
B:
     0:  4320000.000  4323408.000        1.000        8.000        0.000
     5:        0.000        0.000        8.000      549.000      642.000
    10:        0.000      461.000       11.000        4.000       68.000
    15:        0.000        8.000        0.000        0.000        0.000
    20:        0.000        0.000        0.000        0.000        0.000
    25:        0.000        0.000        0.000        0.000        0.000
    30:        0.985        0.000        0.000       80.000        0.000
    35:        0.000        0.000        0.000        0.000        0.000
    40:        0.000        0.000        0.000        0.000        0.000
    45:        0.000        0.000        0.000        0.000        0.000
    50:        0.000        0.000        0.000        0.000        0.000
    55:        0.000        0.000        0.000        0.000        0.000
    60:        0.000        0.000        0.000        0.000        0.000
    65:        0.000        0.000        0.000        0.000        0.000
    70:        0.000        0.000        0.000        0.000        0.000
    75:        0.000        0.000        0.000        0.000        0.000
    80:        0.000        0.000        0.000        0.000        0.000
    85:        0.000        0.000        0.000        0.000        0.000
    90:        0.000        0.000        0.000        0.000        0.000
    95:        0.000        0.000        0.000        0.000        0.000
   100:        0.000
C:
     0:    10886.300    10893.300    10903.300    11121.100   107122.200
     5:   107122.200   107122.200   107122.200   107122.200   107122.200
    10:   107122.200   107122.200   107122.200   107122.200   107765.300
    15:   107789.300   107809.300   107831.300   107961.300   108125.300
    20:   108358.300   108399.300   108423.300   108440.300   108457.300
    25:   108804.300   108854.300   110794.300   110815.300   111676.300
    30:   111721.300   112339.300   112389.300   112610.300   112695.300
    35:   112852.300   113160.300   113174.300   114444.300   115017.300
    40:   119378.300   119396.300   119687.300   119695.300   119821.300
    45:   121290.300   125105.300   125119.300   189209.300   196834.300
    50:   196903.300   196954.300   243939.300   243991.300   259145.300
    55:   307342.300   307445.300   312231.300   312325.300   312359.300
    60:   312406.300   318173.300   322480.300   379813.300   379855.300
    65:   379937.300   379989.300   380003.300   380144.300   380589.300
    70:   384438.300   404684.300   404693.300   404717.300   404745.300
    75:   549349.300   549363.300   549591.300   574539.300   574674.300
    80:   574679.300   574782.300   612202.300   612281.300   612441.300
    85:   612578.300   612778.300   612851.300   612905.300   618844.300
    90:   626248.300   626715.300   755245.300   766304.300   770984.300
    95:   777464.300   777506.300   777682.300   811474.300   855025.300
   100:   855182.300   855231.300   879463.300   891988.100   987989.200
   105:   987989.200   987989.200   987989.200   987989.200   987989.200
   110:   987989.200   987989.200   987989.200   987989.200   989108.300
   115:   989292.300   989332.300   989337.300   989355.300   989397.300
   120:   989531.300   989542.300   990578.300   990610.300   990670.300
   125:   990690.300   990694.300   990707.300   990742.300   990767.300
   130:   990899.300   992555.300   992601.300   992735.300   992750.300
   135:   993162.300   993169.300  1021706.300  1021735.300  1021949.300
   140:  1021978.300  1046109.100  1142110.200  1142110.200  1142110.200
   145:  1142110.200  1142110.200  1142110.200  1142110.200  1142110.200
   150:  1142110.200  1142110.200  1143574.300  1143629.300  1143636.300
   155:  1143657.300  1143719.300  1143757.300  1143773.300  1143777.300
   160:  1143817.300  1143822.300  1143828.300  1143848.300  1143878.300
   165:  1143920.300  1143942.300  1143948.300  1144001.300  1144021.300
   170:  1144043.300  1144103.300  1144129.300  1145712.300  1146095.300
   175:  1146193.300  1146212.300  1146232.300  1146240.300  1146247.300
   180:  1146266.300  1146326.300  1146363.300  1146453.300  1146484.300
   185:  1146522.300  1146555.300  1147136.300  1147218.300  1147549.300
   190:  1147726.300  1147733.300  1148310.300  1148331.300  1148341.300
   195:  1148446.300  1148531.300  1148702.300  1148919.300  1148974.300
   200:  1149396.300  1149535.300  1149785.300  1160531.300  1160569.300
   205:  1163702.300  1163734.300  1168107.300  1179815.300  1179879.300
   210:  1180043.300  1180080.300  1180103.300  1185998.300  1187828.100
   215:  1283829.200  1283829.200  1283829.200  1283829.200  1283829.200
   220:  1283829.200  1283829.200  1283829.200  1283829.200  1283829.200
   225:  1284112.300  1284117.300  1284208.300  1284577.300  1284712.300
   230:  1284736.300  1284762.300  1284777.300  1284809.300  1284827.300
   235:  1284854.300  1284878.300  1284899.300  1284919.300  1285664.300
   240:  1287971.300  1288102.300  1288119.300  1288140.300  1288158.300
   245:  1288183.300  1288398.300  1288410.300  1297541.300  1297550.300
   250:  1297582.300  1332875.300  1417728.300  1417893.300  1417999.300
   255:  1418048.300  1425990.300  1534214.300  1535824.300  1535853.300
   260:  1535951.300  1542646.100  1638647.200  1638647.200  1638647.200
   265:  1638647.200  1638647.200  1638647.200  1638647.200  1638647.200
   270:  1638647.200  1638647.200  1639042.300  1639057.300  1639080.300
   275:  1639088.300  1639109.300  1639123.300  1639144.300  1639150.300
   280:  1639158.300  1639192.300  1639219.300  1639240.300  1639334.300
   285:  1639549.300  1640120.300  1641351.300  1641355.300  1641390.300
   290:  1641414.300  1641425.300  1641434.300  1641533.300  1642855.300
   295:  1642889.300  1642931.300  1642989.300  1644448.300  1644482.300
   300:  1645044.300  1645554.300  1645835.300  1646107.300  1651636.300
   305:  1654294.300  1654309.300  1654357.300  1654647.300  1654698.300
   310:  1662498.300  1695749.300  1804076.300  1804279.300  1804400.300
   315:  1806933.300  1813359.300  1822326.300  1824364.300  1824419.300
   320:  1827241.300  1943053.300  1949047.300  2031042.300  2031125.300
   325:  2144047.300  2144101.300  2144135.300  2164985.300  2165107.300
   330:  2173724.300  2173765.300  2581417.300  2625283.300  2636536.300
   335:  2661486.300  2685974.300  2686008.300  2686109.300  2761201.300
   340:  2788787.100  2884788.200  2884788.200  2884788.200  2884788.200
   345:  2884788.200  2884788.200  2884788.200  2884788.200  2884788.200
   350:  2884788.200  2885464.300  2885807.300  2885828.300  2885868.300
   355:  2885891.300  2885901.300  2885904.300  2885914.300  2885925.300
   360:  2885932.300  2885944.300  2885962.300  2885978.300  2886001.300
   365:  2886021.300  2886039.300  2886062.300  2886084.300  2886094.300
   370:  2886108.300  2886117.300  2886134.300  2886155.300  2886174.300
   375:  2886196.300  2886205.300  2886216.300  2886223.300  2886237.300
   380:  2886264.300  2886284.300  2886309.300  2886350.300  2886356.300
   385:  2886373.300  2886380.300  2886397.300  2886440.300  2886445.300
   390:  2887344.300  2887350.300  2887371.300  2887408.300  2887410.300
   395:  2889134.300  2889156.300  2890215.300  2890314.300  2890331.300
   400:  2890357.300  2890399.300  2890427.300  2891115.300  2891132.300
   405:  2891170.300  2891175.300  2891738.300  2891750.300  2898018.300
   410:  2898031.300  2906353.300  2906484.300  2936611.300  2974354.100
   415:  3070355.200  3070355.200  3070355.200  3070355.200  3070355.200
   420:  3070355.200  3070355.200  3070355.200  3070355.200  3070355.200
   425:  3071009.300  3071025.300  3071034.300  3071042.300  3071049.300
   430:  3071062.300  3071087.300  3071395.300  3071439.300  3072373.300
   435:  3072394.300  3072398.300  3072421.300  3072427.300  3072434.300
   440:  3072466.300  3072487.300  3072562.300  3073398.300  3073415.300
   445:  3073436.300  3073776.300  3073824.300  3073855.300  3073887.300
   450:  3073895.300  3073903.300  3073934.300  3073952.300  3073972.300
   455:  3073981.300  3074011.300  3074088.300  3074624.300  3074644.300
   460:  3074744.300  3074954.300  3074967.300  3075443.300  3075456.300
   465:  3075489.300  3080307.300  3080318.300  3080351.300  3106947.300
   470:  3106987.300  3115016.300  3171332.300  3190421.300  3190498.300
   475:  3204040.300  3204215.300  3204251.300  3204265.300  3204270.300
   480:  3206148.100  3302149.200  3302149.200  3302149.200  3302149.200
   485:  3302149.200  3302149.200  3302149.200  3302149.200  3302149.200
   490:  3302149.200  3302673.300  3302703.300  3302728.300  3302737.300
   495:  3302763.300  3302794.300  3304520.300  3304563.300  3304573.300
   500:  3305609.300  3305633.300  3305780.300  3305794.300  3305841.300
   505:  3305891.300  3305904.300  3305924.300  3305936.300  3305952.300
   510:  3305971.300  3306029.300  3306098.300  3306114.300  3306132.300
   515:  3306148.300  3306165.300  3306182.300  3306217.300  3306234.300
   520:  3306254.300  3306270.300  3306529.300  3306600.300  3306615.300
   525:  3306629.300  3307716.300  3307735.300  3307744.300  3308306.300
   530:  3308485.300  3308517.300  3308793.300  3308830.300  3312906.300
   535:  3313026.300  3313041.300  3313183.300  3339127.300  3344729.300
   540:  3344739.300  4212201.300  4212581.300  4217390.300  4254338.300
   545:  4254575.300  4254660.300  4256580.300  4314121.300
D:
     0:        0.111    10886.600    10893.600    10903.600    11121.200
     5:    11144.250    11161.250    15022.650    45963.650    46113.650
    10:    97007.650    97096.650    97128.650    97173.650   107122.400
    15:   107167.410   107186.610   107216.410   107261.410   107310.410
    20:   107355.410   107404.410   107449.410   107498.410   107543.410
    25:   107548.420   108191.600   108215.600   108235.600   108257.600
    30:   108387.600   108551.600   108784.600   108825.600   108849.600
    35:   108866.600   108883.600   109230.600   109280.600   111220.600
    40:   111241.600   112102.600   112147.600   112765.600   112815.600
    45:   113036.600   113121.600   113278.600   113586.600   113600.600
    50:   114870.600   115443.600   119804.600   119822.600   120113.600
    55:   120121.600   120247.600   121716.600   125531.600   125545.600
    60:   189635.600   197260.600   197329.600   197380.600   244365.600
    65:   244417.600   259571.600   307768.600   307871.600   312657.600
    70:   312751.600   312785.600   312832.600   318599.600   322906.600
    75:   380239.600   380281.600   380363.600   380415.600   380429.600
    80:   380570.600   381015.600   384864.600   405110.600   405119.600
    85:   405143.600   405171.600   549775.600   549789.600   550017.600
    90:   574965.600   575100.600   575105.600   575208.600   612628.600
    95:   612707.600   612867.600   613004.600   613204.600   613277.600
   100:   613331.600   619270.600   626674.600   627141.600   755671.600
   105:   766730.600   771410.600   777890.600   777932.600   778108.600
   110:   811900.600   855451.600   855608.600   855657.600   879889.600
   115:   892414.200   895457.650   907441.650   907581.650   912617.650
   120:   924782.650   942146.650   942171.650   942287.650   942368.650
   125:   963322.650   988415.400   988460.410   988509.410   988536.610
   130:   988554.410   988603.410   988648.410   988697.410   988742.410
   135:   988791.410   988836.410   988841.420   989960.600   990144.600
   140:   990184.600   990189.600   990207.600   990249.600   990383.600
   145:   990394.600   991430.600   991462.600   991522.600   991542.600
   150:   991546.600   991559.600   991594.600   991619.600   991751.600
   155:   993407.600   993453.600   993587.600   993602.600   994014.600
   160:   994021.600  1022558.600  1022587.600  1022801.600  1022830.600
   165:  1046961.200  1047222.650  1054505.650  1054903.650  1055192.650
   170:  1069987.650  1108901.650  1116099.650  1117425.650  1117516.650
   175:  1121887.650  1122062.650  1122190.650  1142962.400  1143007.410
   180:  1143056.410  1143065.610  1143077.610  1143099.610  1143101.410
   185:  1143150.410  1143195.410  1143244.410  1143289.410  1143338.410
   190:  1143383.410  1143388.420  1144852.600  1144907.600  1144914.600
   195:  1144935.600  1144997.600  1145035.600  1145051.600  1145055.600
   200:  1145095.600  1145100.600  1145106.600  1145126.600  1145156.600
   205:  1145198.600  1145220.600  1145226.600  1145279.600  1145299.600
   210:  1145321.600  1145381.600  1145407.600  1146990.600  1147373.600
   215:  1147471.600  1147490.600  1147510.600  1147518.600  1147525.600
   220:  1147544.600  1147604.600  1147641.600  1147731.600  1147762.600
   225:  1147800.600  1147833.600  1148414.600  1148496.600  1148827.600
   230:  1149004.600  1149011.600  1149588.600  1149609.600  1149619.600
   235:  1149724.600  1149809.600  1149980.600  1150197.600  1150252.600
   240:  1150674.600  1150813.600  1151063.600  1161809.600  1161847.600
   245:  1164980.600  1165012.600  1169385.600  1181093.600  1181157.600
   250:  1181321.600  1181358.600  1181381.600  1187276.600  1189106.200
   255:  1189126.250  1189614.650  1285107.400  1285152.410  1285200.610
   260:  1285201.410  1285246.410  1285295.410  1285340.410  1285389.410
   265:  1285434.410  1285483.410  1285528.410  1285533.420  1285816.600
   270:  1285821.600  1285912.600  1286281.600  1286416.600  1286440.600
   275:  1286466.600  1286481.600  1286513.600  1286531.600  1286558.600
   280:  1286582.600  1286603.600  1286623.600  1287368.600  1289675.600
   285:  1289806.600  1289823.600  1289844.600  1289862.600  1289887.600
   290:  1290102.600  1290114.600  1299245.600  1299254.600  1299286.600
   295:  1334579.600  1419432.600  1419597.600  1419703.600  1419752.600
   300:  1427694.600  1535918.600  1537528.600  1537557.600  1537655.600
   305:  1544350.200  1594625.650  1600013.650  1600073.650  1600968.650
   310:  1628949.650  1628981.650  1629046.650  1632442.650  1632891.650
   315:  1640351.400  1640396.410  1640445.410  1640474.610  1640480.610
   320:  1640490.410  1640539.410  1640584.410  1640633.410  1640678.410
   325:  1640727.410  1640772.410  1640777.420  1641172.600  1641187.600
   330:  1641210.600  1641218.600  1641239.600  1641253.600  1641274.600
   335:  1641280.600  1641288.600  1641322.600  1641349.600  1641370.600
   340:  1641464.600  1641679.600  1642250.600  1643481.600  1643485.600
   345:  1643520.600  1643544.600  1643555.600  1643564.600  1643663.600
   350:  1644985.600  1645019.600  1645061.600  1645119.600  1646578.600
   355:  1646612.600  1647174.600  1647684.600  1647965.600  1648237.600
   360:  1653766.600  1656424.600  1656439.600  1656487.600  1656777.600
   365:  1656828.600  1664628.600  1697879.600  1806206.600  1806409.600
   370:  1806530.600  1809063.600  1815489.600  1824456.600  1826494.600
   375:  1826549.600  1829371.600  1945183.600  1951177.600  2033172.600
   380:  2033255.600  2146177.600  2146231.600  2146265.600  2167115.600
   385:  2167237.600  2175854.600  2175895.600  2583547.600  2627413.600
   390:  2638666.600  2663616.600  2688104.600  2688138.600  2688239.600
   395:  2763331.600  2790917.200  2794114.650  2810342.650  2816730.650
   400:  2816911.650  2816983.650  2842041.650  2881608.650  2886918.400
   405:  2886963.410  2887012.410  2887012.610  2887057.410  2887106.410
   410:  2887151.410  2887200.410  2887245.410  2887294.410  2887339.410
   415:  2887344.420  2888020.600  2888363.600  2888384.600  2888424.600
   420:  2888447.600  2888457.600  2888460.600  2888470.600  2888481.600
   425:  2888488.600  2888500.600  2888518.600  2888534.600  2888557.600
   430:  2888577.600  2888595.600  2888618.600  2888640.600  2888650.600
   435:  2888664.600  2888673.600  2888690.600  2888711.600  2888730.600
   440:  2888752.600  2888761.600  2888772.600  2888779.600  2888793.600
   445:  2888820.600  2888840.600  2888865.600  2888906.600  2888912.600
   450:  2888929.600  2888936.600  2888953.600  2888996.600  2889001.600
   455:  2889900.600  2889906.600  2889927.600  2889964.600  2889966.600
   460:  2891690.600  2891712.600  2892771.600  2892870.600  2892887.600
   465:  2892913.600  2892955.600  2892983.600  2893671.600  2893688.600
   470:  2893726.600  2893731.600  2894294.600  2894306.600  2900574.600
   475:  2900587.600  2908909.600  2909040.600  2939167.600  2976910.200
   480:  2979125.650  2979152.650  2982070.650  2986956.650  2986994.650
   485:  2990674.650  2990781.650  3001788.650  3008782.650  3014561.650
   490:  3014581.650  3072911.400  3072956.410  3073005.410  3073028.610
   495:  3073050.410  3073099.410  3073144.410  3073193.410  3073238.410
   500:  3073287.410  3073332.410  3073337.420  3073991.600  3074007.600
   505:  3074016.600  3074024.600  3074031.600  3074044.600  3074069.600
   510:  3074377.600  3074421.600  3075355.600  3075376.600  3075380.600
   515:  3075403.600  3075409.600  3075416.600  3075448.600  3075469.600
   520:  3075544.600  3076380.600  3076397.600  3076418.600  3076758.600
   525:  3076806.600  3076837.600  3076869.600  3076877.600  3076885.600
   530:  3076916.600  3076934.600  3076954.600  3076963.600  3076993.600
   535:  3077070.600  3077606.600  3077626.600  3077726.600  3077936.600
   540:  3077949.600  3078425.600  3078438.600  3078471.600  3083289.600
   545:  3083300.600  3083333.600  3109929.600  3109969.600  3117998.600
   550:  3174314.600  3193403.600  3193480.600  3207022.600  3207197.600
   555:  3207233.600  3207247.600  3207252.600  3209130.200  3209260.250
   560:  3233324.650  3233370.650  3233452.650  3234038.650  3234150.650
   565:  3234794.650  3235028.650  3295534.650  3295575.650  3296010.650
   570:  3296044.650  3305131.400  3305176.410  3305212.610  3305225.410
   575:  3305270.410  3305319.410  3305364.410  3305413.410  3305458.410
   580:  3305507.410  3305552.410  3305557.420  3306081.600  3306111.600
   585:  3306136.600  3306145.600  3306171.600  3306202.600  3307928.600
   590:  3307971.600  3307981.600  3309017.600  3309041.600  3309188.600
   595:  3309202.600  3309249.600  3309299.600  3309312.600  3309332.600
   600:  3309344.600  3309360.600  3309379.600  3309437.600  3309506.600
   605:  3309522.600  3309540.600  3309556.600  3309573.600  3309590.600
   610:  3309625.600  3309642.600  3309662.600  3309678.600  3309937.600
   615:  3310008.600  3310023.600  3310037.600  3311124.600  3311143.600
   620:  3311152.600  3311714.600  3311893.600  3311925.600  3312201.600
   625:  3312238.600  3316314.600  3316434.600  3316449.600  3316591.600
   630:  3342535.600  3348137.600  3348147.600  4215609.600  4215989.600
   635:  4220798.600  4257746.600  4257983.600  4258068.600  4259988.600
   640:  4317529.600  4323408.999
E:
     0:        5.200       16.300       28.800       43.200       59.900
     5:       80.100      105.300      139.300      191.600      330.300
F:
     0:        0.000        0.000        0.000        0.000        0.000
     5:        0.000
L:
     0:       63.000      120.000      102.000       92.000      122.000
     5:       93.000      116.000       80.000
M:
     0:        0.000        0.000        0.000        0.000        0.000
     5:        0.000
