File: C:\MED-PC IV\DATA\!2023-02-27_18h40m.Subject DF29


Start Date: 02/27/23
End Date: 02/28/23
Subject: DF29
Experiment: delayed_acquisition
Group: 1
Box: 9
Start Time: 18:40:40
End Time:  6:57:54
MSN: Delayed_AcquisitionYoked2_w_magmacro
G:       0.000
H:       0.000
I:       0.000
J:       0.000
K:       0.000
N:       0.000
O:       0.000
P:       0.000
Q:       0.000
R:       0.000
S:       0.000
T:       0.000
U:       0.000
V:       0.000
W:       0.000
X:       7.000
Y:       0.000
Z:       0.000
A:
     0:        2.000       60.000  4320000.000        2.000        0.000
     5:        1.000    96000.000        1.000       10.000        0.000
    10:        0.000        0.000        0.000        0.000        0.000
    15:        0.000        0.000        0.000        0.000        0.000
    20:        0.000        0.000        0.000        0.000        0.000
    25:        0.000        0.000        0.000        0.000        0.000
    30:        0.000        0.000        0.000        0.000        0.000
    35:        0.000        0.000        0.000        0.000        0.000
    40:        0.000        0.000        0.000        0.000        0.000
    45:        0.000        0.000        0.000        0.000        0.000
    50:        0.000        0.000        0.000        0.000        0.000
    55:        0.000        0.000        0.000        0.000        0.000
    60:        0.000        0.000        0.000        0.000        0.000
    65:        0.000        0.000        0.000        0.000        0.000
    70:        0.000        0.000        0.000        0.000        0.000
    75:        0.000        0.000        0.000        0.000        0.000
    80:        0.000        0.000        0.000        0.000        0.000
    85:        0.000        0.000        0.000        0.000        0.000
    90:        0.000        0.000        0.000        0.000        0.000
    95:        0.000        0.000        0.000        0.000        0.000
   100:        0.000
B:
     0:  4320000.000  4320000.000        1.000       40.000        0.000
     5:        0.000        0.000        0.000      967.000      969.000
    10:        0.000      927.000        0.000        0.000        0.000
    15:        0.000        0.000        0.000        0.000        0.000
    20:        0.000        0.000        0.000        0.000        0.000
    25:        0.000        0.000        0.000        0.000        0.000
    30:        0.000        0.000        0.000        0.000        0.000
    35:        0.000        0.000        0.000        0.000        0.000
    40:        0.000        0.000        0.000        0.000        0.000
    45:        0.000        0.000        0.000        0.000        0.000
    50:        0.000        0.000        0.000        0.000        0.000
    55:        0.000        0.000        0.000        0.000        0.000
    60:        0.000        0.000        0.000        0.000        0.000
    65:        0.000        0.000        0.000        0.000        0.000
    70:        0.000        0.000        0.000        0.000        0.000
    75:        0.000        0.000        0.000        0.000        0.000
    80:        0.000        0.000        0.000        0.000        0.000
    85:        0.000        0.000        0.000        0.000        0.000
    90:        0.000        0.000        0.000        0.000        0.000
    95:        0.000        0.000        0.000        0.000        0.000
   100:        0.000
C:
     0:     1849.300     5129.300     5132.300     5293.300     5490.300
     5:     5533.300     5564.300     5595.300     5628.300     5659.300
    10:     8865.300     8948.300     9015.300    11344.300    11395.300
    15:    12142.100    12360.100    15257.300    19695.100    20362.300
    20:    28135.300    28167.300    28349.300    28391.300    29576.300
    25:    29854.300    31485.300    31637.300    35025.300    35112.300
    30:    35160.300    36350.100    40171.300    40275.300    50355.300
    35:    50792.300    50869.300    50901.300    50958.300    51070.300
    40:    55087.100    55472.100    58393.300    58453.300    58456.300
    45:    58658.300    59345.300    59582.300    59945.300    60832.300
    50:    61301.300    61790.300    61796.300    61927.300    67662.300
    55:    67750.300    68342.300    68696.300    69417.300    69443.300
    60:    69460.300    70356.300    70720.300    70755.300    70925.300
    65:    77244.300    84172.300    85210.300    85873.300    94940.300
    70:    95651.300    95964.300    96041.300    98514.300   106278.300
    75:   106460.300   106724.300   107130.300   107385.300   113563.300
    80:   113613.300   113873.300   113961.300   113992.300   114120.300
    85:   114165.300   114199.300   114262.300   115747.300   115784.300
    90:   115967.300   116425.300   116846.300   120369.300   120952.300
    95:   121497.300   122462.300   123000.300   124447.300   126262.300
   100:   126751.300   127153.300   128199.300   128535.300   128979.300
   105:   130212.300   131701.300   131851.300   131900.300   131948.300
   110:   134177.300   136348.300   136375.300   136467.300   136931.300
   115:   136981.300   136991.300   137968.300   143534.300   143702.300
   120:   143812.300   143818.300   143884.300   143888.300   143935.300
   125:   143994.300   144000.300   144055.300   144125.300   145434.300
   130:   145937.300   145988.300   146249.300   146266.300   146323.300
   135:   146805.300   147389.300   147423.300   147612.300   148375.300
   140:   148405.300   148586.300   150243.300   153846.300   154178.300
   145:   156030.300   156554.300   164145.300   179188.300   179374.300
   150:   179388.300   179449.300   179461.300   183337.300   183487.300
   155:   183507.300   183517.300   183519.300   183522.300   183528.300
   160:   183539.300   185044.300   186596.300   190998.300   198193.300
   165:   200046.300   200101.300   200118.300   200315.300   201086.300
   170:   201395.300   201761.300   204893.300   206330.300   206697.300
   175:   207986.300   208389.300   209743.300   213967.300   214167.300
   180:   214206.300   214218.300   214250.300   214336.300   214350.300
   185:   214710.300   214816.300   215527.300   215650.300   216510.300
   190:   216682.300   216823.300   216948.300   219159.300   221811.300
   195:   221873.300   222713.300   223538.300   225517.300   226574.300
   200:   226630.300   226698.300   227075.300   228150.300   230986.300
   205:   231034.300   233856.300   235875.300   239128.300   239286.300
   210:   239342.300   240066.300   240904.300   241762.300   245169.300
   215:   245883.300   245906.300   247645.300   247693.300   249109.300
   220:   249265.300   250641.300   250734.300   250800.300   250929.300
   225:   250957.300   251511.300   252878.300   253798.300   255462.300
   230:   261194.300   261512.300   261985.300   262723.300   262788.300
   235:   262875.300   263735.300   263820.300   264494.300   268551.300
   240:   275810.300   280749.300   280961.300   288518.100   288677.100
   245:   299354.300   301919.300   301949.300   305263.300   306281.300
   250:   306437.300   314950.300   315182.300   315269.300   315721.300
   255:   316552.300   317184.300   324819.300   325649.300   325977.300
   260:   326948.300   328263.300   333290.300   334296.300   334767.300
   265:   336402.300   336502.300   336792.300   337164.300   338115.300
   270:   338773.300   338850.300   338901.300   339407.300   339569.300
   275:   339791.300   339924.300   346021.300   346817.300   350482.300
   280:   354325.300   355790.300   356552.300   356561.300   366972.300
   285:   373297.300   377075.300   378241.300   378312.300   379017.300
   290:   380133.300   380293.300   380712.300   381782.300   386230.300
   295:   386515.300   388345.300   389648.300   390173.300   390264.300
   300:   390306.300   390330.300   390334.300   391363.300   392625.300
   305:   392927.300   399848.300   400394.300   406009.300   406178.300
   310:   411002.300   414131.300   414361.300   422677.300   427628.100
   315:   428310.300   429980.300   430060.300   430494.300   430546.300
   320:   430574.300   430714.300   436255.300   436928.100   451704.300
   325:   451759.300   458105.300   481928.300   484938.300   485083.300
   330:   486648.300   487130.300   487220.300   487870.300   487918.300
   335:   487960.300   489204.300   490925.300   491495.300   507137.300
   340:   507325.300   507980.300   508237.300   509789.300   509971.300
   345:   511112.300   511378.300   515565.300   515975.300   516136.300
   350:   528589.300   528676.300   528823.300   528957.300   529006.300
   355:   529018.300   529063.300   529208.300   529223.300   529456.300
   360:   538010.300   538056.300   538081.300   539459.300   540342.300
   365:   540568.300   540618.300   541963.300   542927.300   543000.300
   370:   543844.300   544024.300   554147.300   554756.300   565056.300
   375:   565121.300   565278.300   566421.300   566457.300   567155.300
   380:   568014.300   569212.300   570995.300   571962.300   572878.300
   385:   573468.300   573619.300   573860.300   574054.300   582106.300
   390:   582173.300   583832.100   584106.100   584127.100   586930.300
   395:   587082.300   588505.300   591168.100   591874.300   595190.300
   400:   595390.300   596034.300   596074.300   609577.300   609613.300
   405:   615130.100   615285.300   615338.300   616478.300   618516.300
   410:   618554.300   619064.300   676602.300   676622.300   676726.300
   415:   678223.300   702636.300   702689.300   703793.300   723608.300
   420:   723667.300   726775.100   729340.300   735945.300   742335.300
   425:   803966.300   807869.300   808938.300   808991.300   823685.300
   430:   824109.300   824339.300   832782.300   832805.300   836334.100
   435:   838429.300   838487.300   838533.300   838549.300   838629.300
   440:   838721.300   839730.300   839909.300   909457.300   914235.300
   445:   915047.300   915104.300   915734.300   915836.300   916818.300
   450:   916916.300   942837.300   946600.300   946614.300   947031.300
   455:   947232.300   947297.300   947383.300   947418.300   947447.300
   460:   947475.300   948253.300   948280.300   948292.300   948301.300
   465:   949056.300   949248.300   949297.300   949973.300   954897.100
   470:   955314.300   955362.300   956490.300   957620.300   971387.300
   475:   972216.300   972390.300   985162.300   985398.300   985859.300
   480:   986005.300   986058.300   988786.300   989084.300   990144.300
   485:   990407.300   991247.300   991311.300   993852.300   993948.300
   490:   993962.300   994107.300   995523.300   995619.300   997128.300
   495:   997203.300   998095.300   998983.300   999949.300  1000462.300
   500:  1000714.300  1001608.300  1001622.300  1001743.300  1002220.300
   505:  1002654.300  1002765.300  1003783.300  1008132.300  1008594.300
   510:  1008870.300  1008909.300  1008950.300  1009053.300  1009093.300
   515:  1009440.300  1025854.300  1026570.300  1029634.300  1032721.300
   520:  1033547.300  1034166.300  1052712.300  1054103.300  1054471.300
   525:  1056156.300  1056557.300  1059677.300  1061592.300  1063081.300
   530:  1064473.300  1077663.300  1078175.300  1079534.300  1079538.300
   535:  1079568.300  1080954.300  1082592.300  1082666.300  1083339.300
   540:  1083410.300  1083585.300  1083599.300  1083619.300  1083666.300
   545:  1083700.300  1083722.300  1083735.300  1083740.300  1083752.300
   550:  1083769.300  1083789.300  1083812.300  1083827.300  1083863.300
   555:  1083926.300  1083962.300  1084053.300  1084075.300  1084092.300
   560:  1101491.300  1135373.300  1144394.300  1144417.300  1161706.300
   565:  1163654.300  1164854.300  1164924.300  1172761.300  1179812.100
   570:  1184865.300  1185055.300  1185367.300  1201371.300  1201464.300
   575:  1201768.300  1241367.300  1366339.300  1366386.300  1366637.300
   580:  1366766.300  1366871.300  1383457.300  1389785.300  1389970.300
   585:  1398296.300  1398858.300  1406239.100  1410950.300  1413005.300
   590:  1413044.300  1417376.300  1419034.300  1419981.300  1421315.300
   595:  1423994.300  1425597.300  1425840.300  1425994.300  1427971.300
   600:  1429967.300  1430525.300  1430977.300  1430988.300  1431006.300
   605:  1431110.300  1431263.300  1431856.300  1435016.300  1435161.300
   610:  1435460.300  1436222.300  1436762.300  1451332.300  1453258.300
   615:  1453332.300  1454654.300  1457015.300  1457027.300  1459162.300
   620:  1459551.300  1459605.300  1462207.300  1462878.300  1475066.300
   625:  1484129.300  1500884.300  1505368.300  1505852.300  1509031.300
   630:  1510484.300  1511021.300  1661930.300  1662575.300  1662783.300
   635:  1664179.300  1664242.300  1692426.300  1692455.300  1703209.100
   640:  1708363.300  1712560.100  1713932.100  1716278.300  1716362.300
   645:  1721130.300  1760196.300  1760240.300  1761443.300  1761635.300
   650:  1786346.300  1786778.300  1788703.300  1790148.300  1790948.300
   655:  1791042.300  1791090.300  1791220.300  1791235.300  1791278.300
   660:  1791365.300  1791379.300  1791412.300  1791448.300  1791727.300
   665:  1791743.300  1791818.300  1791829.300  1791854.300  1791865.300
   670:  1791879.300  1791897.300  1791919.300  1791937.300  1792069.300
   675:  1793065.300  1795741.300  1809540.300  1809676.300  1810643.300
   680:  1810825.300  1810835.300  1810854.300  1810890.300  1810916.300
   685:  1816166.300  1816559.300  1840572.100  1842589.300  1845327.300
   690:  1848616.300  1849240.300  1849253.300  1849297.300  1849317.300
   695:  1849340.300  1849356.300  1849378.300  1849394.300  1849438.300
   700:  1850064.300  1850111.300  1850330.300  1850334.300  1850365.300
   705:  1850369.300  1850704.300  1850887.300  1851915.300  1853334.300
   710:  1854248.300  1854348.300  1856347.300  1856492.300  1856527.300
   715:  1857461.300  1858530.300  1858571.300  1858632.300  1860023.300
   720:  1862040.300  1862088.300  1862175.300  1862460.300  1862517.300
   725:  1864061.300  1864210.300  1864404.300  1864695.300  1864879.300
   730:  1868393.300  1869754.300  1871107.300  1871365.300  1909713.300
   735:  1909851.300  1959420.300  1959465.300  1984319.300  1984365.300
   740:  1985697.300  1989194.300  2032036.300  2032684.300  2032756.300
   745:  2032887.300  2032892.300  2033926.300  2045849.300  2045902.300
   750:  2046149.300  2046156.300  2046438.300  2047914.300  2050643.100
   755:  2057397.100  2058496.100  2064236.300  2064255.300  2064287.300
   760:  2071471.300  2072841.300  2072880.300  2073484.300  2075932.300
   765:  2077180.300  2077198.300  2078289.300  2078462.300  2081485.300
   770:  2083565.300  2085986.300  2086019.300  2087381.300  2088901.300
   775:  2090469.300  2090686.300  2091121.300  2092005.300  2095768.300
   780:  2095776.300  2096276.300  2119272.300  2120690.300  2121824.300
   785:  2122475.300  2122701.300  2122713.300  2122719.300  2122797.300
   790:  2122806.300  2141563.300  2141627.300  2152642.300  2156598.300
   795:  2158661.300  2169523.300  2169531.300  2176199.300  2176353.300
   800:  2176866.300  2176889.300  2176973.300  2177720.300  2178258.300
   805:  2178323.300  2178848.300  2179427.300  2179562.300  2181726.300
   810:  2181755.300  2181845.300  2181978.300  2182112.300  2182275.300
   815:  2182356.300  2198764.100  2199381.300  2200905.300  2201802.300
   820:  2203130.300  2203646.300  2205017.300  2207046.300  2207113.300
   825:  2207169.300  2218758.300  2218932.300  2219104.300  2219116.300
   830:  2219162.300  2219176.300  2227460.300  2238161.300  2238302.300
   835:  2238354.300  2238369.300  2238446.300  2238592.300  2257542.300
   840:  2274842.300  2275180.300  2275605.300  2278625.300  2278737.300
   845:  2278776.300  2278792.300  2278816.300  2278835.300  2278858.300
   850:  2278873.300  2278894.300  2278912.300  2279027.300  2301715.300
   855:  2302873.300  2303006.300  2303042.300  2303079.300  2303098.300
   860:  2337707.300  2429641.300  2678696.100  2684731.300  2711484.300
   865:  2712048.100  2716423.100  2717799.300  2717822.300  2790639.300
   870:  2792648.300  2792693.300  2799569.300  2799597.300  2799668.300
   875:  2810084.100  2810365.300  2810393.300  2810454.300  2811040.300
   880:  2816283.100  2816955.100  2817312.300  2817362.300  2818042.300
   885:  2836468.300  2850231.300  2850235.300  2850486.300  2850535.300
   890:  2850655.300  2850727.300  2850822.300  2850849.300  2850874.300
   895:  2850880.300  2850887.300  2851111.300  2851168.300  2962410.300
   900:  2962474.300  2962537.300  3000458.300  3002517.300  3039704.100
   905:  3055421.100  3065500.300  3066230.300  3079512.300  3081733.300
   910:  3081742.300  3081755.300  3526790.100  3557963.300  3558328.300
   915:  3558581.300  3558588.300  3558594.300  3558601.300  3558861.300
   920:  3562509.300  3847239.100  3847576.300  3874587.300  3876926.300
   925:  3876961.300  3878156.300  3878477.300  3878768.300  4132854.300
   930:  4133411.300  4137808.300  4175774.300  4175877.300  4196424.300
   935:  4196554.300  4196941.300  4205002.300  4205042.300  4205585.300
   940:  4216665.300  4216768.300  4218443.300  4244527.300  4245371.300
   945:  4245435.300  4246747.300  4295736.300  4301355.300  4301718.300
   950:  4302309.300  4302349.300  4303857.300  4304511.300  4304586.300
   955:  4306182.300  4310749.300  4311127.300  4311150.300  4313371.300
   960:  4314020.300  4314070.300  4314261.300  4314391.300  4315032.300
   965:  4319045.100  4319122.100
D:
     0:        0.111     1849.600     5129.600     5132.600     5293.600
     5:     5490.600     5533.600     5564.600     5595.600     5628.600
    10:     5659.600     8865.600     8948.600     9015.600    11344.600
    15:    11395.600    12142.200    12360.200    15257.600    19695.200
    20:    20362.600    28135.600    28167.600    28349.600    28391.600
    25:    29576.600    29854.600    31485.600    31637.600    35025.600
    30:    35112.600    35160.600    36350.200    40171.600    40275.600
    35:    50355.600    50792.600    50869.600    50901.600    50958.600
    40:    51070.600    55087.200    55472.200    58393.600    58453.600
    45:    58456.600    58658.600    59345.600    59582.600    59945.600
    50:    60832.600    61301.600    61790.600    61796.600    61927.600
    55:    67662.600    67750.600    68342.600    68696.600    69417.600
    60:    69443.600    69460.600    70356.600    70720.600    70755.600
    65:    70925.600    77244.600    84172.600    85210.600    85873.600
    70:    94940.600    95651.600    95964.600    96041.600    98514.600
    75:   106278.600   106460.600   106724.600   107130.600   107385.600
    80:   113563.600   113613.600   113873.600   113961.600   113992.600
    85:   114120.600   114165.600   114199.600   114262.600   115747.600
    90:   115784.600   115967.600   116425.600   116846.600   120369.600
    95:   120952.600   121497.600   122462.600   123000.600   124447.600
   100:   126262.600   126751.600   127153.600   128199.600   128535.600
   105:   128979.600   130212.600   131701.600   131851.600   131900.600
   110:   131948.600   134177.600   136348.600   136375.600   136467.600
   115:   136931.600   136981.600   136991.600   137968.600   143534.600
   120:   143702.600   143812.600   143818.600   143884.600   143888.600
   125:   143935.600   143994.600   144000.600   144055.600   144125.600
   130:   145434.600   145937.600   145988.600   146249.600   146266.600
   135:   146323.600   146805.600   147389.600   147423.600   147612.600
   140:   148375.600   148405.600   148586.600   150243.600   153846.600
   145:   154178.600   156030.600   156554.600   164145.600   179188.600
   150:   179374.600   179388.600   179449.600   179461.600   183337.600
   155:   183487.600   183507.600   183517.600   183519.600   183522.600
   160:   183528.600   183539.600   185044.600   186596.600   190998.600
   165:   198193.600   200046.600   200101.600   200118.600   200315.600
   170:   201086.600   201395.600   201761.600   204893.600   206330.600
   175:   206697.600   207986.600   208389.600   209743.600   213967.600
   180:   214167.600   214206.600   214218.600   214250.600   214336.600
   185:   214350.600   214710.600   214816.600   215527.600   215650.600
   190:   216510.600   216682.600   216823.600   216948.600   219159.600
   195:   221811.600   221873.600   222713.600   223538.600   225517.600
   200:   226574.600   226630.600   226698.600   227075.600   228150.600
   205:   230986.600   231034.600   233856.600   235875.600   239128.600
   210:   239286.600   239342.600   240066.600   240904.600   241762.600
   215:   245169.600   245883.600   245906.600   247645.600   247693.600
   220:   249109.600   249265.600   250641.600   250734.600   250800.600
   225:   250929.600   250957.600   251511.600   252878.600   253798.600
   230:   255462.600   261194.600   261512.600   261985.600   262723.600
   235:   262788.600   262875.600   263735.600   263820.600   264494.600
   240:   268551.600   275810.600   280749.600   280961.600   288518.200
   245:   288677.200   299354.600   301919.600   301949.600   305263.600
   250:   306281.600   306437.600   314950.600   315182.600   315269.600
   255:   315721.600   316552.600   317184.600   324819.600   325649.600
   260:   325977.600   326948.600   328263.600   333290.600   334296.600
   265:   334767.600   336402.600   336502.600   336792.600   337164.600
   270:   338115.600   338773.600   338850.600   338901.600   339407.600
   275:   339569.600   339791.600   339924.600   346021.600   346817.600
   280:   350482.600   354325.600   355790.600   356552.600   356561.600
   285:   366972.600   373297.600   377075.600   378241.600   378312.600
   290:   379017.600   380133.600   380293.600   380712.600   381782.600
   295:   386230.600   386515.600   388345.600   389648.600   390173.600
   300:   390264.600   390306.600   390330.600   390334.600   391363.600
   305:   392625.600   392927.600   399848.600   400394.600   406009.600
   310:   406178.600   411002.600   414131.600   414361.600   422677.600
   315:   427628.200   428310.600   429980.600   430060.600   430494.600
   320:   430546.600   430574.600   430714.600   436255.600   436928.200
   325:   451704.600   451759.600   458105.600   481928.600   484938.600
   330:   485083.600   486648.600   487130.600   487220.600   487870.600
   335:   487918.600   487960.600   489204.600   490925.600   491495.600
   340:   507137.600   507325.600   507980.600   508237.600   509789.600
   345:   509971.600   511112.600   511378.600   515565.600   515975.600
   350:   516136.600   528589.600   528676.600   528823.600   528957.600
   355:   529006.600   529018.600   529063.600   529208.600   529223.600
   360:   529456.600   538010.600   538056.600   538081.600   539459.600
   365:   540342.600   540568.600   540618.600   541963.600   542927.600
   370:   543000.600   543844.600   544024.600   554147.600   554756.600
   375:   565056.600   565121.600   565278.600   566421.600   566457.600
   380:   567155.600   568014.600   569212.600   570995.600   571962.600
   385:   572878.600   573468.600   573619.600   573860.600   574054.600
   390:   582106.600   582173.600   583832.200   584106.200   584127.200
   395:   586930.600   587082.600   588505.600   591168.200   591874.600
   400:   595190.600   595390.600   596034.600   596074.600   609577.600
   405:   609613.600   615130.200   615285.600   615338.600   616478.600
   410:   618516.600   618554.600   619064.600   676602.600   676622.600
   415:   676726.600   678223.600   702636.600   702689.600   703793.600
   420:   723608.600   723667.600   726775.200   729340.600   735945.600
   425:   742335.600   803966.600   807869.600   808938.600   808991.600
   430:   823685.600   824109.600   824339.600   832782.600   832805.600
   435:   836334.200   838429.600   838487.600   838533.600   838549.600
   440:   838629.600   838721.600   839730.600   839909.600   909457.600
   445:   914235.600   915047.600   915104.600   915734.600   915836.600
   450:   916818.600   916916.600   942837.600   946600.600   946614.600
   455:   947031.600   947232.600   947297.600   947383.600   947418.600
   460:   947447.600   947475.600   948253.600   948280.600   948292.600
   465:   948301.600   949056.600   949248.600   949297.600   949973.600
   470:   954897.200   955314.600   955362.600   956490.600   957620.600
   475:   971387.600   972216.600   972390.600   985162.600   985398.600
   480:   985859.600   986005.600   986058.600   988786.600   989084.600
   485:   990144.600   990407.600   991247.600   991311.600   993852.600
   490:   993948.600   993962.600   994107.600   995523.600   995619.600
   495:   997128.600   997203.600   998095.600   998983.600   999949.600
   500:  1000462.600  1000714.600  1001608.600  1001622.600  1001743.600
   505:  1002220.600  1002654.600  1002765.600  1003783.600  1008132.600
   510:  1008594.600  1008870.600  1008909.600  1008950.600  1009053.600
   515:  1009093.600  1009440.600  1025854.600  1026570.600  1029634.600
   520:  1032721.600  1033547.600  1034166.600  1052712.600  1054103.600
   525:  1054471.600  1056156.600  1056557.600  1059677.600  1061592.600
   530:  1063081.600  1064473.600  1077663.600  1078175.600  1079534.600
   535:  1079538.600  1079568.600  1080954.600  1082592.600  1082666.600
   540:  1083339.600  1083410.600  1083585.600  1083599.600  1083619.600
   545:  1083666.600  1083700.600  1083722.600  1083735.600  1083740.600
   550:  1083752.600  1083769.600  1083789.600  1083812.600  1083827.600
   555:  1083863.600  1083926.600  1083962.600  1084053.600  1084075.600
   560:  1084092.600  1101491.600  1135373.600  1144394.600  1144417.600
   565:  1161706.600  1163654.600  1164854.600  1164924.600  1172761.600
   570:  1179812.200  1184865.600  1185055.600  1185367.600  1201371.600
   575:  1201464.600  1201768.600  1241367.600  1366339.600  1366386.600
   580:  1366637.600  1366766.600  1366871.600  1383457.600  1389785.600
   585:  1389970.600  1398296.600  1398858.600  1406239.200  1410950.600
   590:  1413005.600  1413044.600  1417376.600  1419034.600  1419981.600
   595:  1421315.600  1423994.600  1425597.600  1425840.600  1425994.600
   600:  1427971.600  1429967.600  1430525.600  1430977.600  1430988.600
   605:  1431006.600  1431110.600  1431263.600  1431856.600  1435016.600
   610:  1435161.600  1435460.600  1436222.600  1436762.600  1451332.600
   615:  1453258.600  1453332.600  1454654.600  1457015.600  1457027.600
   620:  1459162.600  1459551.600  1459605.600  1462207.600  1462878.600
   625:  1475066.600  1484129.600  1500884.600  1505368.600  1505852.600
   630:  1509031.600  1510484.600  1511021.600  1661930.600  1662575.600
   635:  1662783.600  1664179.600  1664242.600  1692426.600  1692455.600
   640:  1703209.200  1708363.600  1712560.200  1713932.200  1716278.600
   645:  1716362.600  1721130.600  1760196.600  1760240.600  1761443.600
   650:  1761635.600  1786346.600  1786778.600  1788703.600  1790148.600
   655:  1790948.600  1791042.600  1791090.600  1791220.600  1791235.600
   660:  1791278.600  1791365.600  1791379.600  1791412.600  1791448.600
   665:  1791727.600  1791743.600  1791818.600  1791829.600  1791854.600
   670:  1791865.600  1791879.600  1791897.600  1791919.600  1791937.600
   675:  1792069.600  1793065.600  1795741.600  1809540.600  1809676.600
   680:  1810643.600  1810825.600  1810835.600  1810854.600  1810890.600
   685:  1810916.600  1816166.600  1816559.600  1840572.200  1842589.600
   690:  1845327.600  1848616.600  1849240.600  1849253.600  1849297.600
   695:  1849317.600  1849340.600  1849356.600  1849378.600  1849394.600
   700:  1849438.600  1850064.600  1850111.600  1850330.600  1850334.600
   705:  1850365.600  1850369.600  1850704.600  1850887.600  1851915.600
   710:  1853334.600  1854248.600  1854348.600  1856347.600  1856492.600
   715:  1856527.600  1857461.600  1858530.600  1858571.600  1858632.600
   720:  1860023.600  1862040.600  1862088.600  1862175.600  1862460.600
   725:  1862517.600  1864061.600  1864210.600  1864404.600  1864695.600
   730:  1864879.600  1868393.600  1869754.600  1871107.600  1871365.600
   735:  1909713.600  1909851.600  1959420.600  1959465.600  1984319.600
   740:  1984365.600  1985697.600  1989194.600  2032036.600  2032684.600
   745:  2032756.600  2032887.600  2032892.600  2033926.600  2045849.600
   750:  2045902.600  2046149.600  2046156.600  2046438.600  2047914.600
   755:  2050643.200  2057397.200  2058496.200  2064236.600  2064255.600
   760:  2064287.600  2071471.600  2072841.600  2072880.600  2073484.600
   765:  2075932.600  2077180.600  2077198.600  2078289.600  2078462.600
   770:  2081485.600  2083565.600  2085986.600  2086019.600  2087381.600
   775:  2088901.600  2090469.600  2090686.600  2091121.600  2092005.600
   780:  2095768.600  2095776.600  2096276.600  2119272.600  2120690.600
   785:  2121824.600  2122475.600  2122701.600  2122713.600  2122719.600
   790:  2122797.600  2122806.600  2141563.600  2141627.600  2152642.600
   795:  2156598.600  2158661.600  2169523.600  2169531.600  2176199.600
   800:  2176353.600  2176866.600  2176889.600  2176973.600  2177720.600
   805:  2178258.600  2178323.600  2178848.600  2179427.600  2179562.600
   810:  2181726.600  2181755.600  2181845.600  2181978.600  2182112.600
   815:  2182275.600  2182356.600  2198764.200  2199381.600  2200905.600
   820:  2201802.600  2203130.600  2203646.600  2205017.600  2207046.600
   825:  2207113.600  2207169.600  2218758.600  2218932.600  2219104.600
   830:  2219116.600  2219162.600  2219176.600  2227460.600  2238161.600
   835:  2238302.600  2238354.600  2238369.600  2238446.600  2238592.600
   840:  2257542.600  2274842.600  2275180.600  2275605.600  2278625.600
   845:  2278737.600  2278776.600  2278792.600  2278816.600  2278835.600
   850:  2278858.600  2278873.600  2278894.600  2278912.600  2279027.600
   855:  2301715.600  2302873.600  2303006.600  2303042.600  2303079.600
   860:  2303098.600  2337707.600  2429641.600  2678696.200  2684731.600
   865:  2711484.600  2712048.200  2716423.200  2717799.600  2717822.600
   870:  2790639.600  2792648.600  2792693.600  2799569.600  2799597.600
   875:  2799668.600  2810084.200  2810365.600  2810393.600  2810454.600
   880:  2811040.600  2816283.200  2816955.200  2817312.600  2817362.600
   885:  2818042.600  2836468.600  2850231.600  2850235.600  2850486.600
   890:  2850535.600  2850655.600  2850727.600  2850822.600  2850849.600
   895:  2850874.600  2850880.600  2850887.600  2851111.600  2851168.600
   900:  2962410.600  2962474.600  2962537.600  3000458.600  3002517.600
   905:  3039704.200  3055421.200  3065500.600  3066230.600  3079512.600
   910:  3081733.600  3081742.600  3081755.600  3526790.200  3557963.600
   915:  3558328.600  3558581.600  3558588.600  3558594.600  3558601.600
   920:  3558861.600  3562509.600  3847239.200  3847576.600  3874587.600
   925:  3876926.600  3876961.600  3878156.600  3878477.600  3878768.600
   930:  4132854.600  4133411.600  4137808.600  4175774.600  4175877.600
   935:  4196424.600  4196554.600  4196941.600  4205002.600  4205042.600
   940:  4205585.600  4216665.600  4216768.600  4218443.600  4244527.600
   945:  4245371.600  4245435.600  4246747.600  4295736.600  4301355.600
   950:  4301718.600  4302309.600  4302349.600  4303857.600  4304511.600
   955:  4304586.600  4306182.600  4310749.600  4311127.600  4311150.600
   960:  4313371.600  4314020.600  4314070.600  4314261.600  4314391.600
   965:  4315032.600  4319045.200  4319122.200  4320000.999
E:
     0:        5.200       16.300       28.800       43.200       59.900
     5:       80.100      105.300      139.300      191.600      330.300
F:
     0:        0.000        0.000        0.000        0.000        0.000
     5:        0.000
L:
     0:        0.000        0.000        0.000        0.000        0.000
     5:        0.000        0.000        0.000        0.000        0.000
    10:        0.000        0.000        0.000        0.000        0.000
    15:        0.000        0.000        0.000        0.000        0.000
    20:        0.000        0.000        0.000        0.000        0.000
    25:        0.000        0.000        0.000        0.000        0.000
    30:        0.000        0.000        0.000        0.000        0.000
    35:        0.000        0.000        0.000        0.000        0.000
    40:        0.000        0.000        0.000        0.000        0.000
    45:        0.000        0.000        0.000        0.000        0.000
    50:        0.000        0.000        0.000        0.000        0.000
    55:        0.000        0.000        0.000        0.000        0.000
    60:        0.000        0.000        0.000        0.000        0.000
    65:        0.000        0.000        0.000        0.000        0.000
    70:        0.000        0.000        0.000        0.000        0.000
    75:        0.000        0.000        0.000        0.000        0.000
    80:        0.000        0.000        0.000        0.000        0.000
    85:        0.000        0.000        0.000        0.000        0.000
    90:        0.000        0.000        0.000        0.000        0.000
    95:        0.000        0.000        0.000        0.000        0.000
   100:        0.000        0.000        0.000        0.000        0.000
   105:        0.000        0.000        0.000        0.000        0.000
   110:        0.000        0.000        0.000        0.000        0.000
   115:        0.000        0.000        0.000        0.000        0.000
   120:        0.000        0.000        0.000        0.000        0.000
   125:        0.000        0.000        0.000        0.000        0.000
   130:        0.000        0.000        0.000        0.000        0.000
   135:        0.000        0.000        0.000        0.000        0.000
   140:        0.000        0.000        0.000        0.000        0.000
   145:        0.000        0.000        0.000        0.000        0.000
   150:        0.000        0.000        0.000        0.000        0.000
   155:        0.000        0.000        0.000        0.000        0.000
   160:        0.000        0.000        0.000        0.000        0.000
   165:        0.000        0.000        0.000        0.000        0.000
   170:        0.000        0.000        0.000        0.000        0.000
   175:        0.000        0.000        0.000        0.000        0.000
   180:        0.000        0.000        0.000        0.000        0.000
   185:        0.000        0.000        0.000        0.000        0.000
   190:        0.000        0.000        0.000        0.000        0.000
   195:        0.000        0.000        0.000        0.000        0.000
   200:        0.000        0.000        0.000        0.000        0.000
   205:        0.000        0.000        0.000        0.000        0.000
   210:        0.000        0.000        0.000        0.000        0.000
   215:        0.000        0.000        0.000        0.000        0.000
   220:        0.000        0.000        0.000        0.000        0.000
   225:        0.000        0.000        0.000        0.000        0.000
   230:        0.000        0.000        0.000        0.000        0.000
   235:        0.000        0.000        0.000        0.000        0.000
   240:        0.000        0.000        0.000        0.000        0.000
   245:        0.000        0.000        0.000        0.000        0.000
   250:        0.000
M:
     0:        0.000        0.000        0.000        0.000        0.000
     5:        0.000
