File: C:\MED-PC IV\DATA\!2023-03-07_18h55m.Subject DF23


Start Date: 03/07/23
End Date: 03/08/23
Subject: DF23
Experiment: delayed_acquisition
Group: 1
Box: 3
Start Time: 18:55:47
End Time:  7:12:02
MSN: Delayed_AcquisitionYoked2_w_magmacro
G:       0.000
H:       0.000
I:       0.000
J:       0.000
K:       0.000
N:       0.000
O:       0.000
P:       0.000
Q:       0.000
R:       0.000
S:       0.000
T:       0.000
U:       0.000
V:       0.000
W:       0.000
X:       2.000
Y:       0.000
Z:       0.000
A:
     0:        2.000       60.000  4320000.000        1.000        0.000
     5:        1.000    96000.000        1.000       10.000        0.000
    10:        0.000        0.000        0.000        0.000        0.000
    15:        0.000        0.000        0.000        0.000        0.000
    20:        0.000        0.000        0.000        0.000        0.000
    25:        0.000        0.000        0.000        0.000        0.000
    30:        0.000        0.000        0.000        0.000        0.000
    35:        0.000        0.000        0.000        0.000        0.000
    40:        0.000        0.000        0.000        0.000        0.000
    45:        0.000        0.000        0.000        0.000        0.000
    50:        0.000        0.000        0.000        0.000        0.000
    55:        0.000        0.000        0.000        0.000        0.000
    60:        0.000        0.000        0.000        0.000        0.000
    65:        0.000        0.000        0.000        0.000        0.000
    70:        0.000        0.000        0.000        0.000        0.000
    75:        0.000        0.000        0.000        0.000        0.000
    80:        0.000        0.000        0.000        0.000        0.000
    85:        0.000        0.000        0.000        0.000        0.000
    90:        0.000        0.000        0.000        0.000        0.000
    95:        0.000        0.000        0.000        0.000        0.000
   100:        0.000
B:
     0:  4320000.000  4322130.000        1.000       12.000        0.000
     5:        0.000        0.000        5.000      722.000      849.000
    10:        0.000      660.000        5.000        3.000      112.000
    15:        0.000        5.000        0.000        0.000        0.000
    20:        0.000        0.000        0.000        0.000        0.000
    25:        0.000        0.000        0.000        0.000        0.000
    30:        0.768        0.000        0.000       50.000        0.000
    35:        0.000        0.000        0.000        0.000        0.000
    40:        0.000        0.000        0.000        0.000        0.000
    45:        0.000        0.000        0.000        0.000        0.000
    50:        0.000        0.000        0.000        0.000        0.000
    55:        0.000        0.000        0.000        0.000        0.000
    60:        0.000        0.000        0.000        0.000        0.000
    65:        0.000        0.000        0.000        0.000        0.000
    70:        0.000        0.000        0.000        0.000        0.000
    75:        0.000        0.000        0.000        0.000        0.000
    80:        0.000        0.000        0.000        0.000        0.000
    85:        0.000        0.000        0.000        0.000        0.000
    90:        0.000        0.000        0.000        0.000        0.000
    95:        0.000        0.000        0.000        0.000        0.000
   100:        0.000
C:
     0:    96435.200    96435.200    96435.200    96435.200    96435.200
     5:    96435.200    96435.200    96435.200    96435.200    96435.200
    10:    97836.300    97936.300    97980.300    98122.300    98166.300
    15:    98226.300    98324.300   101247.300   102262.300   102348.300
    20:   102365.300   102419.300   102435.300   102551.300   102572.300
    25:   102593.300   102664.300   102681.300   102714.300   113579.300
    30:   119990.300   123096.300   123250.300   123292.300   123442.300
    35:   123466.300   123476.300   123513.300   123568.300   123690.300
    40:   123727.300   123736.300   123744.300   128466.300   128607.300
    45:   129686.300   129733.300   129964.300   130023.300   231452.200
    50:   231452.200   231452.200   231452.200   231452.200   231452.200
    55:   231452.200   231452.200   231452.200   231452.200   235722.300
    60:   236396.300   236407.300   236469.300   236517.300   236695.300
    65:   236776.300   236788.300   236884.300   237191.300   237208.300
    70:   237294.300   237362.300   237384.300   237460.300   237641.300
    75:   237767.300   237787.300   237799.300   237837.300   237841.300
    80:   246965.300   247000.300   253025.300   253236.300   272939.300
    85:   272977.300   284536.300   284617.300   285822.300   290711.300
    90:   290774.300   301866.300   321400.300   321676.300   321769.300
    95:   331770.300   332096.300   339498.300   343069.300   344822.300
   100:   349509.300   349604.300   349665.300   351785.300   358164.300
   105:   375900.300   379402.300   392031.300   393467.300   394196.300
   110:   394260.300   407515.300   407552.300   418881.300   430560.300
   115:   430753.300   434215.300   444467.300   444505.300   444727.300
   120:   445055.300   447244.300   447438.300   454976.300   465331.300
   125:   465354.300   465409.300   465413.300   465442.300   466443.300
   130:   467649.300   468511.300   468559.300   468589.300   468688.300
   135:   490643.300   501226.300   504270.300   507013.100   507516.100
   140:   507571.100   513519.300   516229.300   516288.300   516535.300
   145:   516746.300   516854.300   516879.300   516901.300   518706.300
   150:   518806.300   529352.300   531366.300   531656.300   531792.300
   155:   534044.300   536422.300   537223.300   549215.300   568977.300
   160:   577062.300   577293.300   580624.300   581467.300   582700.300
   165:   595621.300   601183.300   636169.300   641601.300   641636.300
   170:   656042.300   656294.300   656675.300   657116.300   658330.300
   175:   658833.300   665228.300   665258.300   666314.300   666633.300
   180:   666678.300   684979.300   685988.300   686132.300   686332.300
   185:   691161.300   691197.300   698118.300   698604.300   709270.300
   190:   709519.300   709587.300   709617.300   717414.300   719205.300
   195:   719702.300   719721.300   721151.300   721440.300   721750.300
   200:   721811.300   723185.300   726316.300   726347.300   728736.300
   205:   734134.300   755707.300   755768.300   757942.300   758857.300
   210:   785146.300   787791.300   789570.300   790298.300   790315.300
   215:   790401.300   806698.300   808033.300   808087.300   808107.300
   220:   808153.300   808684.300   808696.300   810945.300   823613.300
   225:   825564.300   826163.300   839576.300   839595.300   845989.300
   230:   855074.300   856876.300   857050.300   858923.300   859098.300
   235:   891608.300   896878.300   899009.300   910775.300   910942.300
   240:   911341.300   919848.300   925005.300   930169.300   949947.300
   245:   951263.300   952048.300   952197.300   958849.300   960200.300
   250:   964772.100   967097.300   996134.300   996348.300   997274.300
   255:   997547.300   999175.300   999182.300  1000481.300  1001387.300
   260:  1001688.300  1001695.300  1001746.300  1006474.300  1006569.300
   265:  1006607.300  1006685.300  1006811.300  1007098.300  1014986.300
   270:  1016920.300  1018079.300  1024047.300  1024193.300  1027186.300
   275:  1027228.300  1033266.300  1039892.300  1041138.300  1053322.300
   280:  1053592.300  1055176.300  1055537.300  1059390.300  1059401.300
   285:  1059411.300  1059434.300  1059497.300  1079407.300  1084041.300
   290:  1084073.300  1084142.300  1086408.300  1095427.300  1099432.300
   295:  1103216.100  1103439.100  1103785.300  1103869.300  1103988.300
   300:  1110911.300  1111029.300  1111323.300  1111362.300  1111882.300
   305:  1113442.300  1113501.300  1119655.300  1134002.300  1140393.300
   310:  1143489.300  1143610.300  1143719.300  1143828.300  1151906.300
   315:  1176120.300  1176274.300  1203540.300  1211480.300  1315006.300
   320:  1315328.300  1315515.300  1317808.300  1317869.300  1322197.300
   325:  1329122.300  1329262.300  1330854.300  1330925.300  1330931.300
   330:  1331162.300  1333037.300  1334447.300  1456846.200  1456846.200
   335:  1456846.200  1456846.200  1456846.200  1456846.200  1456846.200
   340:  1456846.200  1456846.200  1456846.200  1457638.300  1457664.300
   345:  1457705.300  1457729.300  1457999.300  1458910.300  1461840.300
   350:  1461911.300  1461972.300  1462114.300  1462183.300  1462212.300
   355:  1462217.300  1462259.300  1462323.300  1462341.300  1462359.300
   360:  1462777.300  1462813.300  1462854.300  1462872.300  1462901.300
   365:  1463075.300  1463096.300  1463151.300  1463166.300  1471420.300
   370:  1471428.300  1474514.300  1474531.300  1474590.300  1474623.300
   375:  1476206.300  1482613.300  1483426.300  1486183.300  1493031.300
   380:  1501590.300  1501650.300  1501859.300  1502970.300  1544794.300
   385:  1544950.300  1545006.300  1545048.300  1545078.300  1545118.300
   390:  1586362.300  1586582.300  1586612.300  1595267.300  1595516.300
   395:  1596340.300  1607478.300  1607591.300  1610962.300  1613381.300
   400:  1613799.300  1614002.300  1614014.300  1614026.300  1615209.300
   405:  1617795.300  1626299.300  1632813.300  1640242.300  1642186.300
   410:  1642343.300  1650767.300  1669858.300  1670108.300  1670185.300
   415:  1675780.300  1692539.300  1715709.300  1717689.300  1720028.300
   420:  1723930.300  1724282.300  1724981.300  1731287.300  1731552.300
   425:  1733934.300  1733937.300  1740207.300  1788063.300  1898696.300
   430:  1900569.300  1908702.300  1910415.300  1935241.300  1947117.300
   435:  1956967.300  1957077.300  1963976.300  1966995.300  1967155.300
   440:  1968480.300  1970740.100  1971073.300  1975037.300  1975366.300
   445:  1975570.300  1975691.300  1975757.300  1976012.300  1976211.300
   450:  1994645.300  1994788.300  1995443.300  2015353.300  2015478.300
   455:  2120888.200  2120888.200  2120888.200  2120888.200  2120888.200
   460:  2120888.200  2120888.200  2120888.200  2120888.200  2120888.200
   465:  2122280.300  2126054.300  2126121.300  2126191.300  2126210.300
   470:  2126372.300  2126509.300  2126564.300  2126574.300  2126586.300
   475:  2126616.300  2126627.300  2126713.300  2126785.300  2126808.300
   480:  2126826.300  2126834.300  2126850.300  2126876.300  2126887.300
   485:  2126907.300  2126925.300  2126956.300  2127041.300  2127064.300
   490:  2127108.300  2127137.300  2127216.300  2127238.300  2127248.300
   495:  2127318.300  2132366.300  2132373.300  2132388.300  2132761.300
   500:  2133613.300  2133631.300  2133902.300  2134062.300  2134070.300
   505:  2134082.300  2134103.300  2134158.300  2134228.300  2134296.300
   510:  2134339.300  2134366.300  2134498.300  2134513.300  2136027.300
   515:  2136034.300  2137572.300  2137633.300  2142387.300  2148600.300
   520:  2149195.300  2149675.100  2206716.300  2206745.300  2206926.300
   525:  2222310.300  2226502.300  2226667.300  2232355.300  2232378.300
   530:  2232553.300  2232678.300  2234222.300  2235321.300  2278932.300
   535:  2341799.300  2375112.300  2375338.300  2375381.300  2401672.300
   540:  2402217.300  2405551.300  2405997.300  2406122.300  2407102.300
   545:  2409384.300  2409909.300  2409926.300  2410031.300  2412644.300
   550:  2414741.300  2422673.300  2436171.300  2436282.300  2438224.300
   555:  2442171.300  2445062.300  2451266.300  2455110.300  2456156.300
   560:  2460445.300  2460456.300  2460567.300  2460644.300  2460841.300
   565:  2461251.300  2473233.300  2473260.300  2473394.300  2473419.300
   570:  2473692.300  2475317.300  2475369.300  2475675.300  2493815.300
   575:  2493844.300  2497315.300  2498260.300  2511172.300  2511245.300
   580:  2511278.300  2512719.300  2513551.300  2514016.300  2516731.300
   585:  2516779.300  2516838.300  2516902.300  2516953.300  2518181.300
   590:  2519330.300  2524210.300  2526919.300  2526925.300  2531872.300
   595:  2531916.300  2533890.300  2537536.300  2544868.300  2546274.300
   600:  2546280.300  2551388.300  2551449.300  2556758.300  2558285.300
   605:  2564325.300  2564744.300  2565330.300  2565713.300  2565805.300
   610:  2578641.300  2578675.300  2578711.300  2578874.300  2579216.300
   615:  2580297.300  2581668.300  2584453.300  2584471.300  2584480.300
   620:  2585054.300  2586032.300  2597873.300  2605053.300  2612926.300
   625:  2612994.300  2613079.300  2613131.300  2614736.300  2625732.300
   630:  2625767.300  2625882.300  2626402.300  2628290.300  2628423.300
   635:  2636915.300  2637281.300  2735921.200  2735921.200  2735921.200
   640:  2735921.200  2735921.200  2735921.200  2735921.200  2735921.200
   645:  2735921.200  2735921.200  2736760.300  2736781.300  2736809.300
   650:  2736835.300  2736840.300  2736858.300  2736876.300  2736925.300
   655:  2737332.300  2737491.300  2737518.300  2737523.300  2737538.300
   660:  2737545.300  2737565.300  2737592.300  2737614.300  2737639.300
   665:  2737663.300  2737681.300  2737705.300  2737708.300  2737728.300
   670:  2737742.300  2741289.300  2741464.300  2741475.300  2742196.300
   675:  2742215.300  2742229.300  2742272.300  2742301.300  2742333.300
   680:  2742344.300  2742511.300  2742531.300  2748383.300  2749392.300
   685:  2752929.300  2752948.300  2753791.300  2762050.300  2762070.300
   690:  2763014.300  2763604.300  2763725.300  3007611.300  3112746.300
   695:  3329267.300  3371267.300  3371298.300  3384023.300  3384130.300
   700:  3387012.300  3387037.300  3387307.300  3733231.300  3929255.300
   705:  3932023.300  3932234.300  3932500.300  3932574.300  3932661.300
   710:  3974596.300  3975904.300  3977996.300  3979089.300  3979143.300
   715:  3979209.300  3979345.300  4007041.100  4007097.100  4007333.100
   720:  4009824.100  4181567.300
D:
     0:        0.111     4475.650     5253.650     5556.650    11096.650
     5:    11690.650    12020.650    18388.650    18776.650    18824.650
    10:    19101.650    19278.650    19283.650    44016.650    44086.650
    15:    44261.650    44269.650    44284.650    44404.650    44418.650
    20:    44488.650    44768.650    46464.650    46607.650    46637.650
    25:    46676.650    46681.650    46684.650    46694.650    48039.650
    30:    48153.650    48662.650    48747.650    49124.650    49136.650
    35:    56964.650    67069.650    67106.650    67163.650    69304.250
    40:    69338.250    69579.250    69776.650    69954.650    71558.650
    45:    72215.650    72278.650    72282.650    74183.650    75395.650
    50:    76863.650    79308.650    85483.650    85821.650    96435.400
    55:    96480.410    96481.610    96529.410    96574.410    96623.410
    60:    96668.410    96717.410    96762.410    96811.410    96856.410
    65:    96861.420    98262.600    98362.600    98406.600    98548.600
    70:    98592.600    98652.600    98750.600   101673.600   102688.600
    75:   102774.600   102791.600   102845.600   102861.600   102977.600
    80:   102998.600   103019.600   103090.600   103107.600   103140.600
    85:   114005.600   120416.600   123522.600   123676.600   123718.600
    90:   123868.600   123892.600   123902.600   123939.600   123994.600
    95:   124116.600   124153.600   124162.600   124170.600   128892.600
   100:   129033.600   130112.600   130159.600   130390.600   130449.600
   105:   139546.650   145360.650   145580.650   145908.650   145969.650
   110:   146014.650   152757.650   152902.650   152955.650   153002.650
   115:   153256.650   155043.650   164666.650   188531.650   193077.650
   120:   195486.650   211195.650   211217.650   214746.650   215015.650
   125:   219369.650   219653.650   219982.650   220065.650   231878.400
   130:   231923.410   231961.610   231972.410   232017.410   232066.410
   135:   232111.410   232160.410   232205.410   232254.410   232299.410
   140:   232304.420   236574.600   237248.600   237259.600   237321.600
   145:   237369.600   237547.600   237628.600   237640.600   237736.600
   150:   238043.600   238060.600   238146.600   238214.600   238236.600
   155:   238312.600   238493.600   238619.600   238639.600   238651.600
   160:   238689.600   238693.600   247817.600   247852.600   253877.600
   165:   254088.600   273791.600   273829.600   285388.600   285469.600
   170:   286674.600   291563.600   291626.600   302718.600   322252.600
   175:   322528.600   322621.600   332622.600   332948.600   340350.600
   180:   343921.600   345674.600   350361.600   350456.600   350517.600
   185:   352637.600   359016.600   376752.600   380254.600   392883.600
   190:   394319.600   395048.600   395112.600   408367.600   408404.600
   195:   419733.600   431412.600   431605.600   435067.600   445319.600
   200:   445357.600   445579.600   445907.600   448096.600   448290.600
   205:   455828.600   466183.600   466206.600   466261.600   466265.600
   210:   466294.600   467295.600   468501.600   469363.600   469411.600
   215:   469441.600   469540.600   491495.600   502078.600   505122.600
   220:   507865.200   508368.200   508423.200   514371.600   517081.600
   225:   517140.600   517387.600   517598.600   517706.600   517731.600
   230:   517753.600   519558.600   519658.600   530204.600   532218.600
   235:   532508.600   532644.600   534896.600   537274.600   538075.600
   240:   550067.600   569829.600   577914.600   578145.600   581476.600
   245:   582319.600   583552.600   596473.600   602035.600   637021.600
   250:   642453.600   642488.600   656894.600   657146.600   657527.600
   255:   657968.600   659182.600   659685.600   666080.600   666110.600
   260:   667166.600   667485.600   667530.600   685831.600   686840.600
   265:   686984.600   687184.600   692013.600   692049.600   698970.600
   270:   699456.600   710122.600   710371.600   710439.600   710469.600
   275:   718266.600   720057.600   720554.600   720573.600   722003.600
   280:   722292.600   722602.600   722663.600   724037.600   727168.600
   285:   727199.600   729588.600   734986.600   756559.600   756620.600
   290:   758794.600   759709.600   785998.600   788643.600   790422.600
   295:   791150.600   791167.600   791253.600   807550.600   808885.600
   300:   808939.600   808959.600   809005.600   809536.600   809548.600
   305:   811797.600   824465.600   826416.600   827015.600   840428.600
   310:   840447.600   846841.600   855926.600   857728.600   857902.600
   315:   859775.600   859950.600   892460.600   897730.600   899861.600
   320:   911627.600   911794.600   912193.600   920700.600   925857.600
   325:   931021.600   950799.600   952115.600   952900.600   953049.600
   330:   959701.600   961052.600   965624.200   967949.600   996986.600
   335:   997200.600   998126.600   998399.600  1000027.600  1000034.600
   340:  1001333.600  1002239.600  1002540.600  1002547.600  1002598.600
   345:  1007326.600  1007421.600  1007459.600  1007537.600  1007663.600
   350:  1007950.600  1015838.600  1017772.600  1018931.600  1024899.600
   355:  1025045.600  1028038.600  1028080.600  1034118.600  1040744.600
   360:  1041990.600  1054174.600  1054444.600  1056028.600  1056389.600
   365:  1060242.600  1060253.600  1060263.600  1060286.600  1060349.600
   370:  1080259.600  1084893.600  1084925.600  1084994.600  1087260.600
   375:  1096279.600  1100284.600  1104068.200  1104291.200  1104637.600
   380:  1104721.600  1104840.600  1111763.600  1111881.600  1112175.600
   385:  1112214.600  1112734.600  1114294.600  1114353.600  1120507.600
   390:  1134854.600  1141245.600  1144341.600  1144462.600  1144571.600
   395:  1144680.600  1152758.600  1176972.600  1177126.600  1204392.600
   400:  1212332.600  1315858.600  1316180.600  1316367.600  1318660.600
   405:  1318721.600  1323049.600  1329974.600  1330114.600  1331706.600
   410:  1331777.600  1331783.600  1332014.600  1333889.600  1335299.600
   415:  1398806.650  1398820.650  1399226.650  1399350.650  1399414.650
   420:  1399467.650  1399473.650  1399492.650  1441228.650  1441360.650
   425:  1443591.650  1448136.650  1448232.650  1452917.650  1457698.400
   430:  1457743.410  1457751.610  1457792.410  1457837.410  1457886.410
   435:  1457931.410  1457980.410  1458025.410  1458074.410  1458119.410
   440:  1458124.420  1458916.600  1458942.600  1458983.600  1459007.600
   445:  1459277.600  1460188.600  1463118.600  1463189.600  1463250.600
   450:  1463392.600  1463461.600  1463490.600  1463495.600  1463537.600
   455:  1463601.600  1463619.600  1463637.600  1464055.600  1464091.600
   460:  1464132.600  1464150.600  1464179.600  1464353.600  1464374.600
   465:  1464429.600  1464444.600  1472698.600  1472706.600  1475792.600
   470:  1475809.600  1475868.600  1475901.600  1477484.600  1483891.600
   475:  1484704.600  1487461.600  1494309.600  1502868.600  1502928.600
   480:  1503137.600  1504248.600  1546072.600  1546228.600  1546284.600
   485:  1546326.600  1546356.600  1546396.600  1587640.600  1587860.600
   490:  1587890.600  1596545.600  1596794.600  1597618.600  1608756.600
   495:  1608869.600  1612240.600  1614659.600  1615077.600  1615280.600
   500:  1615292.600  1615304.600  1616487.600  1619073.600  1627577.600
   505:  1634091.600  1641520.600  1643464.600  1643621.600  1652045.600
   510:  1671136.600  1671386.600  1671463.600  1677058.600  1693817.600
   515:  1716987.600  1718967.600  1721306.600  1725208.600  1725560.600
   520:  1726259.600  1732565.600  1732830.600  1735212.600  1735215.600
   525:  1741485.600  1789341.600  1899974.600  1901847.600  1909980.600
   530:  1911693.600  1936519.600  1948395.600  1958245.600  1958355.600
   535:  1965254.600  1968273.600  1968433.600  1969758.600  1972018.200
   540:  1972351.600  1976315.600  1976644.600  1976848.600  1976969.600
   545:  1977035.600  1977290.600  1977489.600  1995923.600  1996066.600
   550:  1996721.600  2016631.600  2016756.600  2058776.650  2060685.650
   555:  2068771.650  2070156.650  2076789.650  2112911.650  2112967.650
   560:  2115572.650  2115794.650  2115872.650  2115988.650  2116160.650
   565:  2116651.650  2116768.650  2122166.400  2122211.410  2122234.610
   570:  2122260.410  2122305.410  2122354.410  2122399.410  2122448.410
   575:  2122493.410  2122542.410  2122587.410  2122592.420  2123984.600
   580:  2127758.600  2127825.600  2127895.600  2127914.600  2128076.600
   585:  2128213.600  2128268.600  2128278.600  2128290.600  2128320.600
   590:  2128331.600  2128417.600  2128489.600  2128512.600  2128530.600
   595:  2128538.600  2128554.600  2128580.600  2128591.600  2128611.600
   600:  2128629.600  2128660.600  2128745.600  2128768.600  2128812.600
   605:  2128841.600  2128920.600  2128942.600  2128952.600  2129022.600
   610:  2134070.600  2134077.600  2134092.600  2134465.600  2135317.600
   615:  2135335.600  2135606.600  2135766.600  2135774.600  2135786.600
   620:  2135807.600  2135862.600  2135932.600  2136000.600  2136043.600
   625:  2136070.600  2136202.600  2136217.600  2137731.600  2137738.600
   630:  2139276.600  2139337.600  2144091.600  2150304.600  2150899.600
   635:  2151379.200  2208420.600  2208449.600  2208630.600  2224014.600
   640:  2228206.600  2228371.600  2234059.600  2234082.600  2234257.600
   645:  2234382.600  2235926.600  2237025.600  2280636.600  2343503.600
   650:  2376816.600  2377042.600  2377085.600  2403376.600  2403921.600
   655:  2407255.600  2407701.600  2407826.600  2408806.600  2411088.600
   660:  2411613.600  2411630.600  2411735.600  2414348.600  2416445.600
   665:  2424377.600  2437875.600  2437986.600  2439928.600  2443875.600
   670:  2446766.600  2452970.600  2456814.600  2457860.600  2462149.600
   675:  2462160.600  2462271.600  2462348.600  2462545.600  2462955.600
   680:  2474937.600  2474964.600  2475098.600  2475123.600  2475396.600
   685:  2477021.600  2477073.600  2477379.600  2495519.600  2495548.600
   690:  2499019.600  2499964.600  2512876.600  2512949.600  2512982.600
   695:  2514423.600  2515255.600  2515720.600  2518435.600  2518483.600
   700:  2518542.600  2518606.600  2518657.600  2519885.600  2521034.600
   705:  2525914.600  2528623.600  2528629.600  2533576.600  2533620.600
   710:  2535594.600  2539240.600  2546572.600  2547978.600  2547984.600
   715:  2553092.600  2553153.600  2558462.600  2559989.600  2566029.600
   720:  2566448.600  2567034.600  2567417.600  2567509.600  2580345.600
   725:  2580379.600  2580415.600  2580578.600  2580920.600  2582001.600
   730:  2583372.600  2586157.600  2586175.600  2586184.600  2586758.600
   735:  2587736.600  2599577.600  2606757.600  2614630.600  2614698.600
   740:  2614783.600  2614835.600  2616440.600  2627436.600  2627471.600
   745:  2627586.600  2628106.600  2629994.600  2630127.600  2638619.600
   750:  2638985.600  2644701.650  2648541.650  2648754.650  2649410.650
   755:  2654702.650  2658931.650  2690591.650  2707426.650  2708681.650
   760:  2709315.650  2737625.400  2737670.410  2737719.410  2737764.410
   765:  2737764.610  2737813.410  2737858.410  2737907.410  2737952.410
   770:  2738001.410  2738046.410  2738051.420  2738890.600  2738911.600
   775:  2738939.600  2738965.600  2738970.600  2738988.600  2739006.600
   780:  2739055.600  2739462.600  2739621.600  2739648.600  2739653.600
   785:  2739668.600  2739675.600  2739695.600  2739722.600  2739744.600
   790:  2739769.600  2739793.600  2739811.600  2739835.600  2739838.600
   795:  2739858.600  2739872.600  2743419.600  2743594.600  2743605.600
   800:  2744326.600  2744345.600  2744359.600  2744402.600  2744431.600
   805:  2744463.600  2744474.600  2744641.600  2744661.600  2750513.600
   810:  2751522.600  2755059.600  2755078.600  2755921.600  2764180.600
   815:  2764200.600  2765144.600  2765734.600  2765855.600  3009741.600
   820:  3114876.600  3331397.600  3373397.600  3373428.600  3386153.600
   825:  3386260.600  3389142.600  3389167.600  3389437.600  3735361.600
   830:  3931385.600  3934153.600  3934364.600  3934630.600  3934704.600
   835:  3934791.600  3976726.600  3978034.600  3980126.600  3981219.600
   840:  3981273.600  3981339.600  3981475.600  4009171.200  4009227.200
   845:  4009463.200  4011954.200  4183697.600  4322130.999
E:
     0:        5.200       16.300       28.800       43.200       59.900
     5:       80.100      105.300      139.300      191.600      330.300
F:
     0:        0.000        0.000        0.000        0.000        0.000
     5:        0.000
L:
     0:       45.000       82.000       52.000       67.000      138.000
M:
     0:        0.000        0.000        0.000        0.000        0.000
     5:        0.000
