File: C:\MED-PC IV\DATA\!2023-03-01_18h38m.Subject DF23


Start Date: 03/01/23
End Date: 03/02/23
Subject: DF23
Experiment: delayed_acquisition
Group: 1
Box: 3
Start Time: 18:38:32
End Time:  7:00:13
MSN: Delayed_AcquisitionYoked2_w_magmacro
G:       0.000
H:       0.000
I:       0.000
J:       0.000
K:       0.000
N:       0.000
O:       0.000
P:       0.000
Q:       0.000
R:       0.000
S:       0.000
T:       0.000
U:       0.000
V:       0.000
W:       0.000
X:       2.000
Y:       0.000
Z:       0.000
A:
     0:        2.000       60.000  4320000.000        1.000        0.000
     5:        1.000    96000.000        1.000       10.000        0.000
    10:        0.000        0.000        0.000        0.000        0.000
    15:        0.000        0.000        0.000        0.000        0.000
    20:        0.000        0.000        0.000        0.000        0.000
    25:        0.000        0.000        0.000        0.000        0.000
    30:        0.000        0.000        0.000        0.000        0.000
    35:        0.000        0.000        0.000        0.000        0.000
    40:        0.000        0.000        0.000        0.000        0.000
    45:        0.000        0.000        0.000        0.000        0.000
    50:        0.000        0.000        0.000        0.000        0.000
    55:        0.000        0.000        0.000        0.000        0.000
    60:        0.000        0.000        0.000        0.000        0.000
    65:        0.000        0.000        0.000        0.000        0.000
    70:        0.000        0.000        0.000        0.000        0.000
    75:        0.000        0.000        0.000        0.000        0.000
    80:        0.000        0.000        0.000        0.000        0.000
    85:        0.000        0.000        0.000        0.000        0.000
    90:        0.000        0.000        0.000        0.000        0.000
    95:        0.000        0.000        0.000        0.000        0.000
   100:        0.000
B:
     0:  4320000.000  4323408.000        1.000       16.000        0.000
     5:        0.000        0.000        8.000     1240.000     1471.000
    10:        0.000     1144.000        9.000        6.000      206.000
    15:        0.000        8.000        0.000        0.000        0.000
    20:        0.000        0.000        0.000        0.000        0.000
    25:        0.000        0.000        0.000        0.000        0.000
    30:        1.003        0.000        0.000       80.000        0.000
    35:        0.000        0.000        0.000        0.000        0.000
    40:        0.000        0.000        0.000        0.000        0.000
    45:        0.000        0.000        0.000        0.000        0.000
    50:        0.000        0.000        0.000        0.000        0.000
    55:        0.000        0.000        0.000        0.000        0.000
    60:        0.000        0.000        0.000        0.000        0.000
    65:        0.000        0.000        0.000        0.000        0.000
    70:        0.000        0.000        0.000        0.000        0.000
    75:        0.000        0.000        0.000        0.000        0.000
    80:        0.000        0.000        0.000        0.000        0.000
    85:        0.000        0.000        0.000        0.000        0.000
    90:        0.000        0.000        0.000        0.000        0.000
    95:        0.000        0.000        0.000        0.000        0.000
   100:        0.000
C:
     0:     1407.300     2278.300     2738.300     2888.300     2918.300
     5:     3769.300     3854.300     3875.300     6810.300    10896.300
    10:    11065.300    11538.300    11620.300    14503.300    14627.300
    15:    14702.300    14735.300    14810.300    14867.300    14963.300
    20:    25238.300   122477.200   122477.200   122477.200   122477.200
    25:   122477.200   122477.200   122477.200   122477.200   122477.200
    30:   122477.200   123099.300   123120.300   124483.300   124507.300
    35:   124554.300   124603.300   124617.300   124637.300   124659.300
    40:   124684.300   124692.300   124719.300   124745.300   124768.300
    45:   124822.300   124842.300   124873.300   124901.300   124925.300
    50:   124953.300   124956.300   124976.300   124995.300   125030.300
    55:   125043.300   125092.300   125105.300   125108.300   125130.300
    60:   125138.300   125213.300   125513.300   125745.300   126039.300
    65:   126061.300   126157.300   126385.300   126475.300   126492.300
    70:   126545.300   133170.300   133200.300   137464.300   147842.300
    75:   148740.300   153245.300   157306.300   157612.300   158136.300
    80:   165297.300   167360.300   303579.200   303579.200   303579.200
    85:   303579.200   303579.200   303579.200   303579.200   303579.200
    90:   303579.200   303579.200   305361.300   305378.300   305396.300
    95:   305404.300   305423.300   305451.300   305472.300   305488.300
   100:   305519.300   305554.300   305579.300   305705.300   305721.300
   105:   305741.300   305763.300   305789.300   305811.300   305826.300
   110:   305854.300   305879.300   305907.300   305919.300   305949.300
   115:   305972.300   305985.300   305999.300   306011.300   306040.300
   120:   306058.300   306085.300   306092.300   306118.300   306142.300
   125:   306204.300   306224.300   306248.300   306258.300   306273.300
   130:   306275.300   306296.300   306318.300   306343.300   306364.300
   135:   306384.300   306412.300   306421.300   306447.300   306469.300
   140:   306495.300   306510.300   306539.300   306659.300   306705.300
   145:   306739.300   306778.300   306807.300   306832.300   306835.300
   150:   306852.300   306877.300   306895.300   306966.300   306978.300
   155:   307015.300   307043.300   307096.300   307107.300   307119.300
   160:   307162.300   307169.300   315765.300   316730.300   319984.300
   165:   320619.300   320676.300   325940.300   326369.300   328074.300
   170:   328378.300   328439.300   328923.300   329577.300   329699.300
   175:   329885.300   330000.300   330294.300   341218.300   341911.300
   180:   349400.300   349667.300   396273.300   397004.300   401500.300
   185:   402882.300   402915.300   402929.300   403172.300   405365.300
   190:   436067.300   436076.300   436132.300   438019.300   440761.300
   195:   485122.300   485340.300   488897.300   489115.300   489501.300
   200:   489579.300   493707.300   495675.300   495891.300   519977.300
   205:   520139.300   520201.300   520366.300   520491.300   524969.300
   210:   551513.300   553013.300   558794.300   558847.300   559057.300
   215:   559235.300   559431.300   559655.300   559849.300   560678.300
   220:   562263.300   562682.300   570378.300   584892.300   590225.300
   225:   610211.300   611167.300   611374.300   613688.300   648924.300
   230:   649199.300   650566.300   650580.300   651039.300   652920.300
   235:   653010.300   653066.300   653372.300   655059.300   667817.300
   240:   667841.300   667919.300   673259.300   673815.300   673866.300
   245:   673925.300   674115.300   674182.300   674336.300   674397.300
   250:   674479.300   676650.300   691382.300   691431.300   691548.300
   255:   694134.300   694525.300   698565.300   701063.300   703863.300
   260:   712226.300   712302.300   716650.300   725377.300   726170.300
   265:   726494.300   731366.300   732210.300   733693.300   737190.300
   270:   737298.300   737363.300   737455.300   748393.300   748395.300
   275:   749170.300   749303.300   749469.300   754691.300   761638.300
   280:   776166.300   777232.300   777256.300   777317.300   777948.300
   285:   778005.300   780939.300   809260.300   809350.300   809990.300
   290:   810102.300   810124.300   810240.300   811459.300   813462.300
   295:   814018.300   814097.300   814788.300   818096.300   819073.300
   300:   820051.300   833970.300   845260.300   845281.300   845573.300
   305:   845754.300   845787.300   863807.300   865983.300   869175.300
   310:   869234.300   869883.300   870520.300   872143.300   872330.300
   315:   872385.300   883513.300   883784.300   883811.300   890478.300
   320:   915002.300   915048.300   916377.300   917077.300   922249.300
   325:   922348.300   926237.300   926281.300   933499.300   933831.300
   330:   935975.300   936033.300   945273.300   945847.300   946581.300
   335:   947240.300   949843.300   949926.300   952154.300   952357.300
   340:   952492.300   959511.300   976183.300   976500.300   981052.300
   345:   990016.300  1023100.300  1024744.300  1026996.300  1028299.300
   350:  1029981.300  1042870.300  1042928.300  1042970.300  1043061.300
   355:  1045149.300  1051240.300  1051330.300  1053411.300  1053416.300
   360:  1057200.300  1058230.300  1058294.300  1060752.300  1065015.300
   365:  1068001.300  1083938.300  1084530.300  1085040.300  1089342.300
   370:  1094395.300  1098253.300  1102917.300  1103459.300  1213460.200
   375:  1213460.200  1213460.200  1213460.200  1213460.200  1213460.200
   380:  1213460.200  1213460.200  1213460.200  1213460.200  1217719.300
   385:  1217740.300  1217865.300  1217933.300  1218014.300  1218127.300
   390:  1218213.300  1218297.300  1218387.300  1229249.300  1229259.300
   395:  1231986.300  1232768.300  1232809.300  1232842.300  1234180.300
   400:  1234431.300  1235197.300  1235264.300  1235276.300  1235531.300
   405:  1235562.300  1237287.300  1238311.300  1239727.300  1253281.300
   410:  1253531.100  1253905.100  1253983.100  1259534.300  1269133.300
   415:  1282973.300  1396177.200  1396177.200  1396177.200  1396177.200
   420:  1396177.200  1396177.200  1396177.200  1396177.200  1396177.200
   425:  1396177.200  1399783.300  1399828.300  1399841.300  1399852.300
   430:  1399880.300  1399912.300  1399923.300  1399936.300  1400009.300
   435:  1400020.300  1400072.300  1400215.300  1400228.300  1400245.300
   440:  1401335.300  1401369.300  1401404.300  1401488.300  1401528.300
   445:  1401542.300  1401556.300  1401572.300  1401617.300  1401633.300
   450:  1401646.300  1401726.300  1409730.300  1420921.300  1421003.300
   455:  1428706.300  1429267.300  1465734.300  1466770.300  1469953.300
   460:  1477158.300  1482812.300  1486645.300  1486962.100  1487252.300
   465:  1487278.300  1487370.300  1496516.300  1512963.300  1519889.300
   470:  1520770.300  1525132.300  1525507.300  1525910.300  1529811.100
   475:  1529972.300  1530048.300  1530124.300  1531784.300  1536747.300
   480:  1536757.300  1537053.300  1537392.300  1537413.300  1537511.300
   485:  1537584.300  1537689.300  1537723.300  1537738.300  1538008.300
   490:  1538011.300  1538016.300  1538106.300  1538198.300  1538402.300
   495:  1538872.300  1539437.300  1539955.300  1540916.300  1541785.300
   500:  1545328.300  1551747.300  1560551.300  1563256.300  1566937.300
   505:  1570982.300  1571226.300  1571234.300  1573595.300  1573683.300
   510:  1573866.300  1574098.300  1574390.300  1574603.300  1575652.300
   515:  1582920.300  1582960.300  1583368.300  1583917.300  1588288.300
   520:  1588334.300  1588451.300  1588491.300  1588590.300  1589023.300
   525:  1589138.300  1589233.300  1589257.300  1590189.300  1596935.300
   530:  1606524.300  1615118.300  1617629.300  1618040.300  1624792.300
   535:  1625631.300  1627171.300  1627202.300  1628114.300  1628269.300
   540:  1629143.300  1629150.300  1629369.300  1633383.300  1633439.300
   545:  1634212.300  1636460.300  1645397.300  1650917.300  1652245.300
   550:  1653953.300  1658093.300  1658429.300  1658868.300  1662394.300
   555:  1662766.300  1663963.300  1664004.300  1674147.300  1674251.300
   560:  1685575.300  1687175.300  1687246.300  1689382.300  1716979.300
   565:  1717316.300  1717914.300  1719741.300  1721199.300  1724554.300
   570:  1727832.300  1727933.300  1728005.300  1728521.300  1728646.300
   575:  1731816.300  1732732.300  1733272.300  1733482.300  1734354.300
   580:  1739147.300  1739788.300  1739798.300  1739808.300  1743947.300
   585:  1747208.300  1755182.300  1755324.300  1756734.100  1757040.300
   590:  1757099.300  1757167.300  1764995.300  1774365.300  1774370.300
   595:  1777377.300  1785179.300  1788026.300  1788189.300  1789831.300
   600:  1797738.300  1801093.300  1801166.300  1802006.300  1802500.300
   605:  1802552.300  1806905.300  1806993.300  1810935.300  1811082.300
   610:  1811132.300  1811137.300  1822822.300  1825196.300  1825201.300
   615:  1835667.300  1836507.300  1839327.300  1841206.300  1847200.300
   620:  1848637.300  1854652.300  1854689.300  1854773.300  1858038.300
   625:  1860012.300  1870263.300  1870394.300  1870454.300  1872762.300
   630:  1879171.300  1879183.300  1882792.300  1885663.300  1885673.300
   635:  1885773.300  1893069.300  1896674.300  1906297.300  1915468.300
   640:  1925434.300  1926559.300  1927677.300  1937199.300  1945626.300
   645:  1945676.300  1951160.300  1954525.300  1955801.300  1955985.300
   650:  1956166.300  1956280.300  1973293.300  1974099.300  1974596.300
   655:  1974782.300  1979375.300  1979389.300  1987104.300  1988598.300
   660:  1991833.300  1993392.300  1993436.300  1993582.300  1993779.300
   665:  1994317.300  1994575.300  1996155.300  1997614.300  1997695.300
   670:  1997703.300  2001826.300  2003320.300  2003326.300  2003395.300
   675:  2003427.300  2005772.300  2012072.300  2016407.300  2016443.300
   680:  2022884.300  2024137.300  2025575.300  2028748.300  2039166.300
   685:  2039568.300  2041435.300  2042596.300  2044596.300  2045896.100
   690:  2047150.300  2047343.300  2047445.300  2048232.300  2048245.300
   695:  2050960.300  2050972.300  2050975.300  2051263.300  2051795.300
   700:  2051858.300  2052180.300  2056187.300  2056783.300  2073488.300
   705:  2074220.300  2074288.300  2074388.300  2074487.300  2075359.300
   710:  2080466.300  2084661.300  2087722.300  2095537.300  2099443.300
   715:  2104177.300  2108981.300  2110942.300  2111823.300  2113781.300
   720:  2115557.300  2121526.300  2123569.300  2129220.300  2129308.300
   725:  2129536.300  2132127.300  2132337.300  2133304.300  2133417.300
   730:  2138188.300  2138646.300  2139576.300  2149528.300  2151432.300
   735:  2154728.300  2162866.300  2165306.300  2168304.300  2176921.300
   740:  2178960.300  2192537.300  2195718.300  2197670.300  2199168.300
   745:  2199197.300  2208363.300  2208643.300  2209376.300  2217127.300
   750:  2217137.300  2217155.300  2217266.300  2219388.300  2219517.300
   755:  2219583.300  2219663.300  2219874.300  2231874.300  2231903.300
   760:  2231975.300  2232119.300  2233052.300  2234031.300  2239307.300
   765:  2241917.300  2241967.300  2242010.300  2245481.300  2262005.300
   770:  2265561.300  2281801.300  2282057.300  2283637.300  2283705.300
   775:  2283723.300  2300093.300  2623378.200  2623378.200  2623378.200
   780:  2623378.200  2623378.200  2623378.200  2623378.200  2623378.200
   785:  2623378.200  2623378.200  2627695.300  2627731.300  2627743.300
   790:  2627790.300  2627829.300  2627835.300  2627857.300  2627969.300
   795:  2627985.300  2628003.300  2628023.300  2628045.300  2628062.300
   800:  2628072.300  2628083.300  2628100.300  2628115.300  2628143.300
   805:  2628159.300  2628169.300  2628187.300  2628204.300  2628228.300
   810:  2628370.300  2628470.300  2628476.300  2628548.300  2628554.300
   815:  2628803.300  2628839.300  2628847.300  2629192.300  2640988.300
   820:  2641007.300  2642711.300  2646077.300  2646455.300  2648237.300
   825:  2648286.300  2648348.300  2652813.300  2653442.300  2653805.300
   830:  2654814.300  2655168.300  2655424.300  2657146.300  2659849.300
   835:  2662077.300  2669557.300  2674482.300  2677279.300  2679664.300
   840:  2688754.300  2688761.300  2690277.300  2694264.300  2695091.300
   845:  2696806.300  2697305.300  2704934.300  2704963.300  2707833.300
   850:  2707947.300  2710789.300  2710954.300  2710973.300  2713013.300
   855:  2713208.300  2713308.300  2720530.300  2720567.300  2720911.300
   860:  2722231.300  2725483.300  2725661.300  2828123.200  2828123.200
   865:  2828123.200  2828123.200  2828123.200  2828123.200  2828123.200
   870:  2828123.200  2828123.200  2828123.200  2829460.300  2829466.300
   875:  2829487.300  2829520.300  2829540.300  2829575.300  2829599.300
   880:  2829608.300  2829652.300  2829674.300  2829698.300  2829703.300
   885:  2829753.300  2829779.300  2829798.300  2829823.300  2829846.300
   890:  2829868.300  2829892.300  2829921.300  2829941.300  2829967.300
   895:  2829980.300  2830108.300  2830128.300  2832095.300  2832109.300
   900:  2832124.300  2832131.300  2832149.300  2833001.300  2833052.300
   905:  2833073.300  2833126.300  2833151.300  2833280.300  2833436.300
   910:  2833566.300  2833576.300  2842085.300  2842099.300  2845079.300
   915:  2846123.300  2852834.300  2856631.300  2856658.300  2856711.300
   920:  2856863.300  2960801.300  2961690.300  2962979.300  2968209.300
   925:  2971186.300  3055654.300  3055706.300  3056185.300  3070093.300
   930:  3070597.300  3079073.300  3082996.300  3092510.300  3097470.300
   935:  3099336.300  3100666.300  3101448.100  3101502.100  3101747.100
   940:  3101846.100  3101911.100  3102311.100  3102655.100  3102787.100
   945:  3103777.300  3115611.300  3115663.300  3115711.300  3117861.300
   950:  3120212.300  3120231.300  3120348.300  3130564.300  3130704.300
   955:  3132316.300  3132410.300  3206799.300  3209528.300  3209625.300
   960:  3209691.300  3212266.300  3213257.300  3219783.300  3222128.300
   965:  3227377.300  3227576.300  3229593.300  3229635.300  3243260.300
   970:  3247488.300  3247633.300  3259024.300  3268787.300  3268837.300
   975:  3268952.300  3269000.300  3272929.300  3284905.300  3285332.300
   980:  3285357.300  3288019.300  3288648.300  3288790.300  3291962.300
   985:  3297713.300  3297719.300  3297852.300  3402108.200  3402108.200
   990:  3402108.200  3402108.200  3402108.200  3402108.200  3402108.200
   995:  3402108.200  3402108.200  3402108.200  3402924.300  3402947.300
  1000:  3402980.300  3402988.300  3403000.300  3403027.300  3403149.300
  1005:  3403189.300  3403234.300  3403295.300  3403322.300  3403352.300
  1010:  3403373.300  3403386.300  3403391.300  3403415.300  3403441.300
  1015:  3403467.300  3403477.300  3403489.300  3403547.300  3403572.300
  1020:  3403597.300  3403625.300  3403649.300  3403661.300  3403686.300
  1025:  3403767.300  3403774.300  3403793.300  3403819.300  3404313.300
  1030:  3404354.300  3404377.300  3404399.300  3404407.300  3404426.300
  1035:  3404436.300  3404457.300  3404787.300  3404808.300  3404828.300
  1040:  3404847.300  3404868.300  3405735.300  3405916.300  3405919.300
  1045:  3405960.300  3405997.300  3406031.300  3406069.300  3406161.300
  1050:  3406195.300  3406206.300  3406229.300  3406251.300  3406273.300
  1055:  3406283.300  3406293.300  3406314.300  3406333.300  3406343.300
  1060:  3406356.300  3406400.300  3406413.300  3406435.300  3406554.300
  1065:  3406572.300  3406594.300  3406607.300  3406758.300  3406810.300
  1070:  3406905.300  3406948.300  3406965.300  3406983.300  3407826.300
  1075:  3408726.300  3408760.300  3408770.300  3408836.300  3408846.300
  1080:  3408891.300  3408969.300  3408972.300  3416924.300  3419421.300
  1085:  3419453.300  3443010.300  3446689.300  3446797.300  3446922.300
  1090:  3557706.200  3557706.200  3557706.200  3557706.200  3557706.200
  1095:  3557706.200  3557706.200  3557706.200  3557706.200  3557706.200
  1100:  3563591.300  3563628.300  3563663.300  3564174.300  3564404.300
  1105:  3564456.300  3564470.300  3564485.300  3564512.300  3564526.300
  1110:  3564549.300  3564602.300  3564676.300  3564786.300  3564812.300
  1115:  3564973.300  3565261.300  3565319.300  3565331.300  3565411.300
  1120:  3565615.300  3565682.300  3565705.300  3565717.300  3565790.300
  1125:  3565801.300  3565829.300  3565872.300  3566322.300  3566343.300
  1130:  3567520.300  3567611.300  3567621.300  3567631.300  3568996.300
  1135:  3569223.300  3569293.300  3569750.300  3569769.300  3569791.300
  1140:  3569832.300  3569897.300  3572034.300  3586659.300  3607162.300
  1145:  3721940.300  3760785.300  3761256.300  3783314.300  3783317.300
  1150:  3783369.300  3784994.300  3807994.300  3808177.300  3808329.300
  1155:  3808451.300  3808716.300  3808834.300  3809241.300  3809250.300
  1160:  3809276.300  3809296.300  3809313.300  3809344.300  3810456.300
  1165:  3810558.300  3810658.300  3810747.300  3810841.300  3810930.300
  1170:  3811013.300  3811100.300  3811194.300  3811289.300  3811376.300
  1175:  3811464.300  3811557.300  3811642.300  3818340.300  3818696.300
  1180:  3818816.300  3818836.300  3819088.300  3836953.300  3838356.300
  1185:  3842923.300  3849477.300  3870738.300  3872125.300  3872194.300
  1190:  3879294.300  3890131.300  3925451.300  3926149.300  3944256.300
  1195:  3949192.300  3949309.300  3952328.300  3952521.300  3953056.300
  1200:  3961516.300  3962137.300  3986617.300  4001252.300  4005423.300
  1205:  4022981.300  4023552.300  4024426.100  4034661.300  4055935.300
  1210:  4062064.300  4089955.300  4097355.300  4098608.300  4098625.300
  1215:  4105642.300  4151225.300  4151296.300  4151346.300  4181086.300
  1220:  4181151.300  4188607.300  4189882.300  4196377.300  4196388.300
  1225:  4196426.300  4204796.300  4204959.300  4250337.300  4252196.300
  1230:  4252248.300  4253084.300  4267396.300  4268416.300  4273295.300
  1235:  4280457.300  4290605.300  4290661.300  4290670.300  4290789.300
D:
     0:        0.111     1407.600     2278.600     2738.600     2888.600
     5:     2918.600     3769.600     3854.600     3875.600     6810.600
    10:    10896.600    11065.600    11538.600    11620.600    14503.600
    15:    14627.600    14702.600    14735.600    14810.600    14867.600
    20:    14963.600    25238.600    81617.650    82972.650    86582.650
    25:    87309.650    87382.650    87964.650    87997.650    88024.650
    30:    88049.650    88153.650    88184.650    89804.650    89823.650
    35:    92628.650    92875.650    92981.650   106844.650   113628.650
    40:   122477.400   122522.410   122571.410   122607.610   122616.410
    45:   122620.610   122665.410   122710.410   122759.410   122804.410
    50:   122853.410   122898.410   122903.420   123525.600   123546.600
    55:   124909.600   124933.600   124980.600   125029.600   125043.600
    60:   125063.600   125085.600   125110.600   125118.600   125145.600
    65:   125171.600   125194.600   125248.600   125268.600   125299.600
    70:   125327.600   125351.600   125379.600   125382.600   125402.600
    75:   125421.600   125456.600   125469.600   125518.600   125531.600
    80:   125534.600   125556.600   125564.600   125639.600   125939.600
    85:   126171.600   126465.600   126487.600   126583.600   126811.600
    90:   126901.600   126918.600   126971.600   133596.600   133626.600
    95:   137890.600   148268.600   149166.600   153671.600   157732.600
   100:   158038.600   158562.600   165723.600   167786.600   211391.650
   105:   211805.650   218069.650   264505.650   265377.650   283499.650
   110:   304005.400   304050.410   304096.610   304099.410   304144.410
   115:   304193.410   304238.410   304287.410   304332.410   304381.410
   120:   304426.410   304431.420   306213.600   306230.600   306248.600
   125:   306256.600   306275.600   306303.600   306324.600   306340.600
   130:   306371.600   306406.600   306431.600   306557.600   306573.600
   135:   306593.600   306615.600   306641.600   306663.600   306678.600
   140:   306706.600   306731.600   306759.600   306771.600   306801.600
   145:   306824.600   306837.600   306851.600   306863.600   306892.600
   150:   306910.600   306937.600   306944.600   306970.600   306994.600
   155:   307056.600   307076.600   307100.600   307110.600   307125.600
   160:   307127.600   307148.600   307170.600   307195.600   307216.600
   165:   307236.600   307264.600   307273.600   307299.600   307321.600
   170:   307347.600   307362.600   307391.600   307511.600   307557.600
   175:   307591.600   307630.600   307659.600   307684.600   307687.600
   180:   307704.600   307729.600   307747.600   307818.600   307830.600
   185:   307867.600   307895.600   307948.600   307959.600   307971.600
   190:   308014.600   308021.600   316617.600   317582.600   320836.600
   195:   321471.600   321528.600   326792.600   327221.600   328926.600
   200:   329230.600   329291.600   329775.600   330429.600   330551.600
   205:   330737.600   330852.600   331146.600   342070.600   342763.600
   210:   350252.600   350519.600   397125.600   397856.600   402352.600
   215:   403734.600   403767.600   403781.600   404024.600   406217.600
   220:   436919.600   436928.600   436984.600   438871.600   441613.600
   225:   485974.600   486192.600   489749.600   489967.600   490353.600
   230:   490431.600   494559.600   496527.600   496743.600   520829.600
   235:   520991.600   521053.600   521218.600   521343.600   525821.600
   240:   552365.600   553865.600   559646.600   559699.600   559909.600
   245:   560087.600   560283.600   560507.600   560701.600   561530.600
   250:   563115.600   563534.600   571230.600   585744.600   591077.600
   255:   611063.600   612019.600   612226.600   614540.600   649776.600
   260:   650051.600   651418.600   651432.600   651891.600   653772.600
   265:   653862.600   653918.600   654224.600   655911.600   668669.600
   270:   668693.600   668771.600   674111.600   674667.600   674718.600
   275:   674777.600   674967.600   675034.600   675188.600   675249.600
   280:   675331.600   677502.600   692234.600   692283.600   692400.600
   285:   694986.600   695377.600   699417.600   701915.600   704715.600
   290:   713078.600   713154.600   717502.600   726229.600   727022.600
   295:   727346.600   732218.600   733062.600   734545.600   738042.600
   300:   738150.600   738215.600   738307.600   749245.600   749247.600
   305:   750022.600   750155.600   750321.600   755543.600   762490.600
   310:   777018.600   778084.600   778108.600   778169.600   778800.600
   315:   778857.600   781791.600   810112.600   810202.600   810842.600
   320:   810954.600   810976.600   811092.600   812311.600   814314.600
   325:   814870.600   814949.600   815640.600   818948.600   819925.600
   330:   820903.600   834822.600   846112.600   846133.600   846425.600
   335:   846606.600   846639.600   864659.600   866835.600   870027.600
   340:   870086.600   870735.600   871372.600   872995.600   873182.600
   345:   873237.600   884365.600   884636.600   884663.600   891330.600
   350:   915854.600   915900.600   917229.600   917929.600   923101.600
   355:   923200.600   927089.600   927133.600   934351.600   934683.600
   360:   936827.600   936885.600   946125.600   946699.600   947433.600
   365:   948092.600   950695.600   950778.600   953006.600   953209.600
   370:   953344.600   960363.600   977035.600   977352.600   981904.600
   375:   990868.600  1023952.600  1025596.600  1027848.600  1029151.600
   380:  1030833.600  1043722.600  1043780.600  1043822.600  1043913.600
   385:  1046001.600  1052092.600  1052182.600  1054263.600  1054268.600
   390:  1058052.600  1059082.600  1059146.600  1061604.600  1065867.600
   395:  1068853.600  1084790.600  1085382.600  1085892.600  1090194.600
   400:  1095247.600  1099105.600  1103769.600  1104311.600  1136423.650
   405:  1138378.650  1138386.650  1141433.650  1141936.650  1143091.650
   410:  1143497.650  1143635.650  1143705.650  1143997.650  1144235.650
   415:  1144253.650  1144296.650  1144708.650  1145817.650  1177356.650
   420:  1177366.650  1177509.650  1178262.650  1183409.650  1188389.650
   425:  1188459.650  1196775.650  1198086.650  1209993.650  1212130.650
   430:  1214312.400  1214357.410  1214405.610  1214406.410  1214451.410
   435:  1214500.410  1214545.410  1214594.410  1214639.410  1214688.410
   440:  1214733.410  1214738.420  1218997.600  1219018.600  1219143.600
   445:  1219211.600  1219292.600  1219405.600  1219491.600  1219575.600
   450:  1219665.600  1230527.600  1230537.600  1233264.600  1234046.600
   455:  1234087.600  1234120.600  1235458.600  1235709.600  1236475.600
   460:  1236542.600  1236554.600  1236809.600  1236840.600  1238565.600
   465:  1239589.600  1241005.600  1254559.600  1254809.200  1255183.200
   470:  1255261.200  1260812.600  1270411.600  1284251.600  1305279.650
   475:  1305564.650  1305675.650  1306049.650  1316482.650  1321904.650
   480:  1329700.650  1330281.650  1330940.650  1331036.650  1335280.650
   485:  1335390.650  1337997.650  1348034.650  1352630.650  1358973.650
   490:  1359432.650  1371866.650  1387840.650  1393030.650  1397001.650
   495:  1397032.650  1397455.400  1397500.410  1397540.610  1397549.410
   500:  1397594.410  1397643.410  1397688.410  1397737.410  1397782.410
   505:  1397831.410  1397876.410  1397881.420  1401487.600  1401532.600
   510:  1401545.600  1401556.600  1401584.600  1401616.600  1401627.600
   515:  1401640.600  1401713.600  1401724.600  1401776.600  1401919.600
   520:  1401932.600  1401949.600  1403039.600  1403073.600  1403108.600
   525:  1403192.600  1403232.600  1403246.600  1403260.600  1403276.600
   530:  1403321.600  1403337.600  1403350.600  1403430.600  1411434.600
   535:  1422625.600  1422707.600  1430410.600  1430971.600  1467438.600
   540:  1468474.600  1471657.600  1478862.600  1484516.600  1488349.600
   545:  1488666.200  1488956.600  1488982.600  1489074.600  1498220.600
   550:  1514667.600  1521593.600  1522474.600  1526836.600  1527211.600
   555:  1527614.600  1531515.200  1531676.600  1531752.600  1531828.600
   560:  1533488.600  1538451.600  1538461.600  1538757.600  1539096.600
   565:  1539117.600  1539215.600  1539288.600  1539393.600  1539427.600
   570:  1539442.600  1539712.600  1539715.600  1539720.600  1539810.600
   575:  1539902.600  1540106.600  1540576.600  1541141.600  1541659.600
   580:  1542620.600  1543489.600  1547032.600  1553451.600  1562255.600
   585:  1564960.600  1568641.600  1572686.600  1572930.600  1572938.600
   590:  1575299.600  1575387.600  1575570.600  1575802.600  1576094.600
   595:  1576307.600  1577356.600  1584624.600  1584664.600  1585072.600
   600:  1585621.600  1589992.600  1590038.600  1590155.600  1590195.600
   605:  1590294.600  1590727.600  1590842.600  1590937.600  1590961.600
   610:  1591893.600  1598639.600  1608228.600  1616822.600  1619333.600
   615:  1619744.600  1626496.600  1627335.600  1628875.600  1628906.600
   620:  1629818.600  1629973.600  1630847.600  1630854.600  1631073.600
   625:  1635087.600  1635143.600  1635916.600  1638164.600  1647101.600
   630:  1652621.600  1653949.600  1655657.600  1659797.600  1660133.600
   635:  1660572.600  1664098.600  1664470.600  1665667.600  1665708.600
   640:  1675851.600  1675955.600  1687279.600  1688879.600  1688950.600
   645:  1691086.600  1718683.600  1719020.600  1719618.600  1721445.600
   650:  1722903.600  1726258.600  1729536.600  1729637.600  1729709.600
   655:  1730225.600  1730350.600  1733520.600  1734436.600  1734976.600
   660:  1735186.600  1736058.600  1740851.600  1741492.600  1741502.600
   665:  1741512.600  1745651.600  1748912.600  1756886.600  1757028.600
   670:  1758438.200  1758744.600  1758803.600  1758871.600  1766699.600
   675:  1776069.600  1776074.600  1779081.600  1786883.600  1789730.600
   680:  1789893.600  1791535.600  1799442.600  1802797.600  1802870.600
   685:  1803710.600  1804204.600  1804256.600  1808609.600  1808697.600
   690:  1812639.600  1812786.600  1812836.600  1812841.600  1824526.600
   695:  1826900.600  1826905.600  1837371.600  1838211.600  1841031.600
   700:  1842910.600  1848904.600  1850341.600  1856356.600  1856393.600
   705:  1856477.600  1859742.600  1861716.600  1871967.600  1872098.600
   710:  1872158.600  1874466.600  1880875.600  1880887.600  1884496.600
   715:  1887367.600  1887377.600  1887477.600  1894773.600  1898378.600
   720:  1908001.600  1917172.600  1927138.600  1928263.600  1929381.600
   725:  1938903.600  1947330.600  1947380.600  1952864.600  1956229.600
   730:  1957505.600  1957689.600  1957870.600  1957984.600  1974997.600
   735:  1975803.600  1976300.600  1976486.600  1981079.600  1981093.600
   740:  1988808.600  1990302.600  1993537.600  1995096.600  1995140.600
   745:  1995286.600  1995483.600  1996021.600  1996279.600  1997859.600
   750:  1999318.600  1999399.600  1999407.600  2003530.600  2005024.600
   755:  2005030.600  2005099.600  2005131.600  2007476.600  2013776.600
   760:  2018111.600  2018147.600  2024588.600  2025841.600  2027279.600
   765:  2030452.600  2040870.600  2041272.600  2043139.600  2044300.600
   770:  2046300.600  2047600.200  2048854.600  2049047.600  2049149.600
   775:  2049936.600  2049949.600  2052664.600  2052676.600  2052679.600
   780:  2052967.600  2053499.600  2053562.600  2053884.600  2057891.600
   785:  2058487.600  2075192.600  2075924.600  2075992.600  2076092.600
   790:  2076191.600  2077063.600  2082170.600  2086365.600  2089426.600
   795:  2097241.600  2101147.600  2105881.600  2110685.600  2112646.600
   800:  2113527.600  2115485.600  2117261.600  2123230.600  2125273.600
   805:  2130924.600  2131012.600  2131240.600  2133831.600  2134041.600
   810:  2135008.600  2135121.600  2139892.600  2140350.600  2141280.600
   815:  2151232.600  2153136.600  2156432.600  2164570.600  2167010.600
   820:  2170008.600  2178625.600  2180664.600  2194241.600  2197422.600
   825:  2199374.600  2200872.600  2200901.600  2210067.600  2210347.600
   830:  2211080.600  2218831.600  2218841.600  2218859.600  2218970.600
   835:  2221092.600  2221221.600  2221287.600  2221367.600  2221578.600
   840:  2233578.600  2233607.600  2233679.600  2233823.600  2234756.600
   845:  2235735.600  2241011.600  2243621.600  2243671.600  2243714.600
   850:  2247185.600  2263709.600  2267265.600  2283505.600  2283761.600
   855:  2285341.600  2285409.600  2285427.600  2301797.600  2539667.650
   860:  2540170.650  2540828.650  2540916.650  2548145.650  2549532.650
   865:  2549794.650  2559655.650  2559829.650  2559844.650  2560977.650
   870:  2562480.650  2565246.650  2565396.650  2567160.650  2567233.650
   875:  2567458.650  2567669.650  2567772.650  2570350.650  2570477.650
   880:  2570516.650  2570539.650  2570598.650  2570747.650  2570886.650
   885:  2570936.650  2570990.650  2571011.650  2571056.650  2571077.650
   890:  2571101.650  2571117.650  2571149.650  2571244.650  2571322.650
   895:  2573745.650  2577381.650  2580132.650  2580174.650  2595792.650
   900:  2597536.650  2598474.650  2601981.650  2603144.650  2603151.650
   905:  2607548.650  2615025.650  2616773.650  2620664.650  2625082.400
   910:  2625127.410  2625151.610  2625176.410  2625221.410  2625270.410
   915:  2625315.410  2625364.410  2625409.410  2625458.410  2625503.410
   920:  2625508.420  2629825.600  2629861.600  2629873.600  2629920.600
   925:  2629959.600  2629965.600  2629987.600  2630099.600  2630115.600
   930:  2630133.600  2630153.600  2630175.600  2630192.600  2630202.600
   935:  2630213.600  2630230.600  2630245.600  2630273.600  2630289.600
   940:  2630299.600  2630317.600  2630334.600  2630358.600  2630500.600
   945:  2630600.600  2630606.600  2630678.600  2630684.600  2630933.600
   950:  2630969.600  2630977.600  2631322.600  2643118.600  2643137.600
   955:  2644841.600  2648207.600  2648585.600  2650367.600  2650416.600
   960:  2650478.600  2654943.600  2655572.600  2655935.600  2656944.600
   965:  2657298.600  2657554.600  2659276.600  2661979.600  2664207.600
   970:  2671687.600  2676612.600  2679409.600  2681794.600  2690884.600
   975:  2690891.600  2692407.600  2696394.600  2697221.600  2698936.600
   980:  2699435.600  2707064.600  2707093.600  2709963.600  2710077.600
   985:  2712919.600  2713084.600  2713103.600  2715143.600  2715338.600
   990:  2715438.600  2722660.600  2722697.600  2723041.600  2724361.600
   995:  2727613.600  2727791.600  2735883.650  2752194.650  2752598.650
  1000:  2754943.650  2758263.650  2758631.650  2758639.650  2759160.650
  1005:  2759174.650  2759229.650  2759533.650  2771949.250  2772046.250
  1010:  2772216.250  2772599.250  2772963.250  2773232.650  2792343.650
  1015:  2793272.650  2793443.650  2793902.650  2793946.650  2794027.650
  1020:  2796069.650  2802306.250  2806894.650  2806898.650  2807991.650
  1025:  2809037.650  2809686.650  2821445.650  2823534.650  2823684.650
  1030:  2824198.650  2830253.400  2830298.410  2830347.410  2830392.410
  1035:  2830409.610  2830441.410  2830486.410  2830535.410  2830580.410
  1040:  2830629.410  2830674.410  2830679.420  2832016.600  2832022.600
  1045:  2832043.600  2832076.600  2832096.600  2832131.600  2832155.600
  1050:  2832164.600  2832208.600  2832230.600  2832254.600  2832259.600
  1055:  2832309.600  2832335.600  2832354.600  2832379.600  2832402.600
  1060:  2832424.600  2832448.600  2832477.600  2832497.600  2832523.600
  1065:  2832536.600  2832664.600  2832684.600  2834651.600  2834665.600
  1070:  2834680.600  2834687.600  2834705.600  2835557.600  2835608.600
  1075:  2835629.600  2835682.600  2835707.600  2835836.600  2835992.600
  1080:  2836122.600  2836132.600  2844641.600  2844655.600  2847635.600
  1085:  2848679.600  2855390.600  2859187.600  2859214.600  2859267.600
  1090:  2859419.600  2963357.600  2964246.600  2965535.600  2970765.600
  1095:  2973742.600  3058210.600  3058262.600  3058741.600  3072649.600
  1100:  3073153.600  3081629.600  3085552.600  3095066.600  3100026.600
  1105:  3101892.600  3103222.600  3104004.200  3104058.200  3104303.200
  1110:  3104402.200  3104467.200  3104867.200  3105211.200  3105343.200
  1115:  3106333.600  3118167.600  3118219.600  3118267.600  3120417.600
  1120:  3122768.600  3122787.600  3122904.600  3133120.600  3133260.600
  1125:  3134872.600  3134966.600  3209355.600  3212084.600  3212181.600
  1130:  3212247.600  3214822.600  3215813.600  3222339.600  3224684.600
  1135:  3229933.600  3230132.600  3232149.600  3232191.600  3245816.600
  1140:  3250044.600  3250189.600  3261580.600  3271343.600  3271393.600
  1145:  3271508.600  3271556.600  3275485.600  3287461.600  3287888.600
  1150:  3287913.600  3290575.600  3291204.600  3291346.600  3294518.600
  1155:  3300269.600  3300275.600  3300408.600  3308923.650  3308996.650
  1160:  3309062.650  3309129.650  3309190.650  3309569.650  3315126.650
  1165:  3317412.650  3318104.650  3318194.650  3326405.650  3326416.650
  1170:  3329124.650  3329759.650  3333661.650  3335592.650  3335642.650
  1175:  3335844.650  3336046.650  3337997.650  3338031.650  3338182.650
  1180:  3338189.650  3342193.650  3363399.650  3363611.650  3364573.650
  1185:  3366899.650  3366908.650  3368035.650  3368129.650  3368174.650
  1190:  3368499.650  3368685.650  3369765.650  3378513.650  3378575.650
  1195:  3378630.650  3378700.650  3381488.650  3381548.650  3392112.650
  1200:  3404664.400  3404709.410  3404758.410  3404791.610  3404803.410
  1205:  3404852.410  3404897.410  3404946.410  3404991.410  3405040.410
  1210:  3405085.410  3405090.420  3405906.600  3405929.600  3405962.600
  1215:  3405970.600  3405982.600  3406009.600  3406131.600  3406171.600
  1220:  3406216.600  3406277.600  3406304.600  3406334.600  3406355.600
  1225:  3406368.600  3406373.600  3406397.600  3406423.600  3406449.600
  1230:  3406459.600  3406471.600  3406529.600  3406554.600  3406579.600
  1235:  3406607.600  3406631.600  3406643.600  3406668.600  3406749.600
  1240:  3406756.600  3406775.600  3406801.600  3407295.600  3407336.600
  1245:  3407359.600  3407381.600  3407389.600  3407408.600  3407418.600
  1250:  3407439.600  3407769.600  3407790.600  3407810.600  3407829.600
  1255:  3407850.600  3408717.600  3408898.600  3408901.600  3408942.600
  1260:  3408979.600  3409013.600  3409051.600  3409143.600  3409177.600
  1265:  3409188.600  3409211.600  3409233.600  3409255.600  3409265.600
  1270:  3409275.600  3409296.600  3409315.600  3409325.600  3409338.600
  1275:  3409382.600  3409395.600  3409417.600  3409536.600  3409554.600
  1280:  3409576.600  3409589.600  3409740.600  3409792.600  3409887.600
  1285:  3409930.600  3409947.600  3409965.600  3410808.600  3411708.600
  1290:  3411742.600  3411752.600  3411818.600  3411828.600  3411873.600
  1295:  3411951.600  3411954.600  3419906.600  3422403.600  3422435.600
  1300:  3445992.600  3449671.600  3449779.600  3449904.600  3486914.650
  1305:  3486996.650  3487022.650  3487052.650  3487109.650  3487116.650
  1310:  3493819.650  3494822.650  3536930.650  3537056.650  3537104.650
  1315:  3550130.650  3551627.650  3551685.650  3560688.400  3560733.410
  1320:  3560747.610  3560782.410  3560827.410  3560876.410  3560921.410
  1325:  3560970.410  3561015.410  3561064.410  3561109.410  3561114.420
  1330:  3566999.600  3567036.600  3567071.600  3567582.600  3567812.600
  1335:  3567864.600  3567878.600  3567893.600  3567920.600  3567934.600
  1340:  3567957.600  3568010.600  3568084.600  3568194.600  3568220.600
  1345:  3568381.600  3568669.600  3568727.600  3568739.600  3568819.600
  1350:  3569023.600  3569090.600  3569113.600  3569125.600  3569198.600
  1355:  3569209.600  3569237.600  3569280.600  3569730.600  3569751.600
  1360:  3570928.600  3571019.600  3571029.600  3571039.600  3572404.600
  1365:  3572631.600  3572701.600  3573158.600  3573177.600  3573199.600
  1370:  3573240.600  3573305.600  3575442.600  3590067.600  3610570.600
  1375:  3725348.600  3764193.600  3764664.600  3786722.600  3786725.600
  1380:  3786777.600  3788402.600  3811402.600  3811585.600  3811737.600
  1385:  3811859.600  3812124.600  3812242.600  3812649.600  3812658.600
  1390:  3812684.600  3812704.600  3812721.600  3812752.600  3813864.600
  1395:  3813966.600  3814066.600  3814155.600  3814249.600  3814338.600
  1400:  3814421.600  3814508.600  3814602.600  3814697.600  3814784.600
  1405:  3814872.600  3814965.600  3815050.600  3821748.600  3822104.600
  1410:  3822224.600  3822244.600  3822496.600  3840361.600  3841764.600
  1415:  3846331.600  3852885.600  3874146.600  3875533.600  3875602.600
  1420:  3882702.600  3893539.600  3928859.600  3929557.600  3947664.600
  1425:  3952600.600  3952717.600  3955736.600  3955929.600  3956464.600
  1430:  3964924.600  3965545.600  3990025.600  4004660.600  4008831.600
  1435:  4026389.600  4026960.600  4027834.200  4038069.600  4059343.600
  1440:  4065472.600  4093363.600  4100763.600  4102016.600  4102033.600
  1445:  4109050.600  4154633.600  4154704.600  4154754.600  4184494.600
  1450:  4184559.600  4192015.600  4193290.600  4199785.600  4199796.600
  1455:  4199834.600  4208204.600  4208367.600  4253745.600  4255604.600
  1460:  4255656.600  4256492.600  4270804.600  4271824.600  4276703.600
  1465:  4283865.600  4294013.600  4294069.600  4294078.600  4294197.600
  1470:  4323408.999
E:
     0:        5.200       16.300       28.800       43.200       59.900
     5:       80.100      105.300      139.300      191.600      330.300
F:
     0:        0.000        0.000        0.000        0.000        0.000
     5:        0.000
L:
     0:      129.000       90.000       92.000       84.000       68.000
     5:      155.000      126.000       58.000
M:
     0:        0.000        0.000        0.000        0.000        0.000
     5:        0.000
