File: C:\MED-PC IV\DATA\!2023-02-23_18h49m.Subject DF21


Start Date: 02/23/23
End Date: 02/24/23
Subject: DF21
Experiment: delayed_acquisition
Group: 1
Box: 1
Start Time: 18:49:04
End Time:  7:11:28
MSN: Delayed_Acquisition2_w_magmacro
G:       0.000
H:       0.000
I:       0.000
J:       0.000
K:       0.000
N:       0.000
O:       0.000
P:       0.000
Q:       0.000
R:       0.000
S:       0.000
T:       0.000
U:       0.000
V:       0.000
W:       0.000
X:       0.000
Y:       0.000
Z:       0.000
A:
     0:        2.000       60.000  4320000.000        1.000        0.000
     5:        1.000    96000.000        0.000       10.000        0.000
    10:        0.000        0.000        0.000        0.000        0.000
    15:        0.000        0.000        0.000        0.000        0.000
    20:        0.000        0.000        0.000        0.000        0.000
    25:        0.000        0.000        0.000        0.000        0.000
    30:        0.000        0.000        0.000        0.000        0.000
    35:        0.000        0.000        0.000        0.000        0.000
    40:        0.000        0.000        0.000        0.000        0.000
    45:        0.000        0.000        0.000        0.000        0.000
    50:        0.000        0.000        0.000        0.000        0.000
    55:        0.000        0.000        0.000        0.000        0.000
    60:        0.000        0.000        0.000        0.000        0.000
    65:        0.000        0.000        0.000        0.000        0.000
    70:        0.000        0.000        0.000        0.000        0.000
    75:        0.000        0.000        0.000        0.000        0.000
    80:        0.000        0.000        0.000        0.000        0.000
    85:        0.000        0.000        0.000        0.000        0.000
    90:        0.000        0.000        0.000        0.000        0.000
    95:        0.000        0.000        0.000        0.000        0.000
   100:        0.000
B:
     0:  4320000.000  4325964.000        1.000       14.000        0.000
     5:        0.000        0.000       14.000      646.000      832.000
    10:        0.000      492.000       15.000       21.000      134.000
    15:        0.000       14.000        0.000        0.000        0.000
    20:        0.000        0.000        0.000        0.000        0.000
    25:        0.000        0.000        0.000        0.000        0.000
    30:        1.560        0.000        0.000      140.000        0.000
    35:        0.000        0.000        0.000        0.000        0.000
    40:        0.000        0.000        0.000        0.000        0.000
    45:        0.000        0.000        0.000        0.000        0.000
    50:        0.000        0.000        0.000        0.000        0.000
    55:        0.000        0.000        0.000        0.000        0.000
    60:        0.000        0.000        0.000        0.000        0.000
    65:        0.000        0.000        0.000        0.000        0.000
    70:        0.000        0.000        0.000        0.000        0.000
    75:        0.000        0.000        0.000        0.000        0.000
    80:        0.000        0.000        0.000        0.000        0.000
    85:        0.000        0.000        0.000        0.000        0.000
    90:        0.000        0.000        0.000        0.000        0.000
    95:        0.000        0.000        0.000        0.000        0.000
   100:        0.000
C:
     0:     1066.300     1168.300     1175.300     2569.300     4624.300
     5:     5454.100   101455.200   101455.200   101455.200   101455.200
    10:   101455.200   101455.200   101455.200   101455.200   101455.200
    15:   101455.200   102279.300   102314.300   102317.300   102350.300
    20:   102439.300   102445.300   102453.300   102660.300   106353.300
    25:   107155.300   108222.300   108570.300   109223.300   112077.300
    30:   112168.300   118755.300   168591.300   172736.300   173871.300
    35:   178773.300   299526.300   299928.300   299937.300   299947.300
    40:   300241.300   300251.300   353794.300   358949.300   375592.300
    45:   384696.300   385381.300   408536.100   504537.200   504537.200
    50:   504537.200   504537.200   504537.200   504537.200   504537.200
    55:   504537.200   504537.200   504537.200   505883.300   505897.300
    60:   506922.300   506940.300   506982.300   508721.300   508731.300
    65:   510594.300   512112.300   512437.300   518331.300   567379.300
    70:   640778.300   721910.300   856270.300   878946.300   901925.300
    75:   942481.100  1038482.200  1038482.200  1038482.200  1038482.200
    80:  1038482.200  1038482.200  1038482.200  1038482.200  1038482.200
    85:  1038482.200  1039048.300  1039058.300  1039081.300  1043570.300
    90:  1043680.300  1045178.300  1045675.300  1046127.300  1051350.300
    95:  1053035.300  1053369.300  1065893.300  1079054.300  1110564.300
   100:  1128390.300  1134994.300  1143348.300  1146564.300  1147629.100
   105:  1243630.200  1243630.200  1243630.200  1243630.200  1243630.200
   110:  1243630.200  1243630.200  1243630.200  1243630.200  1243630.200
   115:  1244549.300  1244657.300  1244727.300  1244733.300  1244753.300
   120:  1244779.300  1244801.300  1244808.300  1244831.300  1244856.300
   125:  1244898.300  1244917.300  1244965.300  1245033.300  1245041.300
   130:  1246239.300  1247096.300  1247122.300  1247124.300  1247324.300
   135:  1247462.300  1247535.300  1247739.300  1247761.300  1247985.300
   140:  1248053.300  1248295.300  1248875.300  1248885.300  1249132.300
   145:  1249638.300  1250430.300  1250442.300  1252737.300  1253637.300
   150:  1260415.300  1260496.300  1260634.300  1261266.300  1275293.300
   155:  1275584.300  1276660.300  1276675.300  1277944.300  1284502.300
   160:  1287186.300  1288689.300  1288737.300  1330919.300  1331478.300
   165:  1336189.300  1337016.300  1349464.300  1349564.300  1423373.300
   170:  1434675.300  1442133.300  1442844.300  1442926.300  1447671.300
   175:  1448089.300  1453192.100  1549193.200  1549193.200  1549193.200
   180:  1549193.200  1549193.200  1549193.200  1549193.200  1549193.200
   185:  1549193.200  1549193.200  1550831.300  1550903.300  1550908.300
   190:  1550934.300  1554428.300  1555968.300  1573976.300  1578511.300
   195:  1609139.300  1672576.300  1676550.300  1676629.300  1676661.300
   200:  1698828.300  1707724.300  1714604.300  1727787.300  1744827.300
   205:  1745493.300  1745918.300  1747864.100  1843865.200  1843865.200
   210:  1843865.200  1843865.200  1843865.200  1843865.200  1843865.200
   215:  1843865.200  1843865.200  1843865.200  1844534.300  1844608.300
   220:  1844611.300  1844641.300  1844650.300  1844679.300  1844738.300
   225:  1844785.300  1844809.300  1844816.300  1844823.300  1845117.300
   230:  1845927.300  1848758.300  1848767.300  1848779.300  1851896.300
   235:  1851907.300  1852054.300  1860102.300  1860109.300  1860247.300
   240:  1861851.100  1957852.200  1957852.200  1957852.200  1957852.200
   245:  1957852.200  1957852.200  1957852.200  1957852.200  1957852.200
   250:  1957852.200  1958655.300  1958677.300  1958689.300  1958705.300
   255:  1959554.300  1959562.300  1959591.300  1959609.300  1959638.300
   260:  1959658.300  1960512.300  1961002.300  1961923.300  1962099.300
   265:  1962110.300  1962177.300  1962188.300  1962356.300  1962368.300
   270:  1962371.300  1962386.300  1962583.300  1962854.300  1962995.300
   275:  1963107.300  1963166.300  1963184.300  1963243.300  1963316.300
   280:  1963346.300  1963468.300  1963506.300  1963523.300  1963545.300
   285:  1963660.300  1963910.300  1964014.300  1964118.300  1964240.300
   290:  1964501.300  1964664.300  1964787.300  1964841.300  1964879.300
   295:  1965145.300  1965458.300  1965559.300  1965576.300  1965596.300
   300:  1965683.300  1966114.300  1966340.300  1966479.300  1966505.300
   305:  1966576.300  1966636.300  1967352.300  1967447.300  1967488.300
   310:  1967702.300  1967709.300  1967840.300  1967853.300  1967911.300
   315:  1967937.300  1967989.300  1968061.300  1968137.300  1968224.300
   320:  1968302.300  1968382.300  1968440.300  1968503.300  1969058.300
   325:  1969101.300  1969119.300  1969188.300  1969268.300  1969326.300
   330:  1969416.300  1969489.300  1969558.300  1969783.300  1969866.300
   335:  1970005.300  1970038.300  1970283.300  1970353.300  1970653.300
   340:  1970771.300  1970848.300  1971170.300  1971269.300  1971484.300
   345:  1971506.300  1971740.300  1972088.300  1972112.300  1972150.300
   350:  1972423.300  1972704.300  1973078.300  1973236.300  1973252.300
   355:  1973916.300  1974086.300  1974097.300  1974223.300  1974236.300
   360:  1974313.300  1974346.300  1974360.300  1974492.300  1975866.300
   365:  1976228.300  1977579.300  1977621.300  1983666.300  1984119.300
   370:  1987194.300  1988097.300  1988871.300  1989409.300  1989424.300
   375:  1989503.300  1996302.300  1997640.300  1998641.100  2094642.200
   380:  2094642.200  2094642.200  2094642.200  2094642.200  2094642.200
   385:  2094642.200  2094642.200  2094642.200  2094642.200  2094914.300
   390:  2094921.300  2094941.300  2094975.300  2094994.300  2095991.300
   395:  2096784.300  2096795.300  2096812.300  2096846.300  2096868.300
   400:  2096887.300  2096912.300  2096930.300  2097399.300  2098640.300
   405:  2098654.300  2098668.300  2098678.300  2098685.300  2099893.300
   410:  2100104.300  2100184.300  2100192.300  2100436.300  2100845.300
   415:  2101371.300  2109325.300  2109444.300  2109687.300  2115912.300
   420:  2127955.300  2133706.100  2229707.200  2229707.200  2229707.200
   425:  2229707.200  2229707.200  2229707.200  2229707.200  2229707.200
   430:  2229707.200  2229707.200  2230089.300  2232286.300  2232813.300
   435:  2232819.300  2232852.300  2234543.300  2236101.300  2236373.300
   440:  2237191.300  2237877.300  2237960.300  2237976.300  2238100.300
   445:  2239487.300  2239746.300  2240207.300  2246523.300  2246613.300
   450:  2251898.300  2309496.300  2310184.300  2331348.300  2331403.300
   455:  2333393.300  2333513.300  2335590.300  2356729.300  2362488.300
   460:  2369699.300  2369730.300  2379221.300  2385089.300  2386662.100
   465:  2482663.200  2482663.200  2482663.200  2482663.200  2482663.200
   470:  2482663.200  2482663.200  2482663.200  2482663.200  2482663.200
   475:  2484749.300  2484819.300  2484845.300  2486201.300  2486570.300
   480:  2486593.300  2486680.300  2487308.300  2487550.300  2487558.300
   485:  2487592.300  2488863.300  2489532.300  2489566.300  2489657.300
   490:  2489663.300  2489668.300  2489684.300  2489857.300  2490027.300
   495:  2490073.300  2490100.300  2490111.300  2490145.300  2490377.300
   500:  2490544.300  2490693.300  2490799.300  2490944.300  2491144.300
   505:  2491147.300  2491154.300  2491199.300  2491243.300  2491276.300
   510:  2491291.300  2491461.300  2491478.300  2491490.300  2491501.300
   515:  2491542.300  2491793.300  2491964.300  2493301.300  2493349.300
   520:  2493597.300  2493689.300  2493860.300  2493995.300  2494014.300
   525:  2494028.300  2494071.300  2494078.300  2494129.300  2494130.300
   530:  2496554.300  2496574.300  2501696.300  2514128.300  2515543.100
   535:  2611544.200  2611544.200  2611544.200  2611544.200  2611544.200
   540:  2611544.200  2611544.200  2611544.200  2611544.200  2611544.200
   545:  2614345.300  2614383.300  2614408.300  2614412.300  2614686.300
   550:  2614930.300  2614936.300  2617311.300  2630111.300  2635860.300
   555:  2769246.300  2769331.300  2785507.300  2785596.300  2785710.300
   560:  2815517.300  2869773.300  2874417.100  2970418.200  2970418.200
   565:  2970418.200  2970418.200  2970418.200  2970418.200  2970418.200
   570:  2970418.200  2970418.200  2970418.200  2973187.300  2976336.300
   575:  2993846.300  3127788.300  3150910.300  3296049.300  3296060.300
   580:  3625055.100  3721056.200  3721056.200  3721056.200  3721056.200
   585:  3721056.200  3721056.200  3721056.200  3721056.200  3721056.200
   590:  3721056.200  3721531.300  3723835.300  3724469.300  3724477.300
   595:  3724498.300  3724510.300  3727397.300  3727462.300  3727470.300
   600:  3727899.300  3727937.300  3727970.300  3728732.300  3733329.300
   605:  3733347.300  3733654.300  3743213.300  3743219.300  3780406.300
   610:  3780460.300  3780476.300  3780548.300  3780808.300  3790119.300
   615:  3790823.100  3886824.200  3886824.200  3886824.200  3886824.200
   620:  3886824.200  3886824.200  3886824.200  3886824.200  3886824.200
   625:  3886824.200  3891407.300  3891439.300  3891569.300  3899433.300
   630:  3903924.300  3920722.300  3931898.300  3932497.300  3932686.300
   635:  3932926.300  3933111.300  3945986.300  3962126.300  3962218.300
   640:  3977336.300  3984383.300  3986098.300  3986196.300  3991227.300
   645:  3991582.300
D:
     0:        0.111     1066.600     1168.600     1175.600     2569.600
     5:     4624.600     5454.200     9849.650     9985.650    10033.650
    10:    10125.650    10189.650    10737.650    10769.650    12433.650
    15:    12477.650    12930.650    13316.250    13585.250    13693.250
    20:    14520.250    22772.650    22807.650    24012.250    56452.650
    25:    56833.650    56890.650    57844.650    64329.650   101455.400
    30:   101500.410   101549.410   101594.410   101643.410   101654.610
    35:   101688.410   101690.610   101737.410   101782.410   101831.410
    40:   101876.410   101881.420   102705.600   102740.600   102743.600
    45:   102776.600   102865.600   102871.600   102879.600   103086.600
    50:   106779.600   107581.600   108648.600   108996.600   109649.600
    55:   112503.600   112594.600   119181.600   169017.600   173162.600
    60:   174297.600   179199.600   299952.600   300354.600   300363.600
    65:   300373.600   300667.600   300677.600   354220.600   359375.600
    70:   376018.600   385122.600   385807.600   408962.200   410005.250
    75:   491196.650   504963.400   505008.410   505057.410   505102.410
    80:   505151.410   505159.610   505196.410   505245.410   505290.410
    85:   505339.410   505384.410   505389.420   506735.600   506749.600
    90:   507774.600   507792.600   507834.600   509573.600   509583.600
    95:   511446.600   512964.600   513289.600   519183.600   568231.600
   100:   641630.600   722762.600   857122.600   879798.600   902777.600
   105:   943333.200   943759.650   944041.250  1039150.650  1039334.400
   110:  1039379.410  1039418.610  1039428.410  1039473.410  1039522.410
   115:  1039567.410  1039616.410  1039661.410  1039710.410  1039755.410
   120:  1039760.420  1040326.600  1040336.600  1040359.600  1044848.600
   125:  1044958.600  1046456.600  1046953.600  1047405.600  1052628.600
   130:  1054313.600  1054647.600  1067171.600  1080332.600  1111842.600
   135:  1129668.600  1136272.600  1144626.600  1147842.600  1148907.200
   140:  1162387.650  1163138.650  1185550.650  1185587.650  1186614.650
   145:  1218115.250  1218211.250  1218292.250  1218359.250  1218695.250
   150:  1218772.250  1226127.650  1230953.650  1244908.400  1244953.410
   155:  1245002.410  1245047.410  1245096.410  1245106.610  1245141.410
   160:  1245190.410  1245235.410  1245284.410  1245329.410  1245334.420
   165:  1246253.600  1246361.600  1246431.600  1246437.600  1246457.600
   170:  1246483.600  1246505.600  1246512.600  1246535.600  1246560.600
   175:  1246602.600  1246621.600  1246669.600  1246737.600  1246745.600
   180:  1247943.600  1248800.600  1248826.600  1248828.600  1249028.600
   185:  1249166.600  1249239.600  1249443.600  1249465.600  1249689.600
   190:  1249757.600  1249999.600  1250579.600  1250589.600  1250836.600
   195:  1251342.600  1252134.600  1252146.600  1254441.600  1255341.600
   200:  1262119.600  1262200.600  1262338.600  1262970.600  1276997.600
   205:  1277288.600  1278364.600  1278379.600  1279648.600  1286206.600
   210:  1288890.600  1290393.600  1290441.600  1332623.600  1333182.600
   215:  1337893.600  1338720.600  1351168.600  1351268.600  1425077.600
   220:  1436379.600  1443837.600  1444548.600  1444630.600  1449375.600
   225:  1449793.600  1454896.200  1484531.650  1492426.650  1494425.650
   230:  1494514.650  1494585.650  1494668.650  1494748.650  1494817.650
   235:  1495055.650  1550897.400  1550942.410  1550991.410  1551033.610
   240:  1551036.410  1551085.410  1551130.410  1551179.410  1551224.410
   245:  1551273.410  1551318.410  1551323.420  1552961.600  1553033.600
   250:  1553038.600  1553064.600  1556558.600  1558098.600  1576106.600
   255:  1580641.600  1611269.600  1674706.600  1678680.600  1678759.600
   260:  1678791.600  1700958.600  1709854.600  1716734.600  1729917.600
   265:  1746957.600  1747623.600  1748048.600  1749994.200  1750117.250
   270:  1750556.650  1753359.650  1754620.650  1754682.650  1757231.650
   275:  1757513.250  1757908.650  1761264.250  1762287.650  1791642.650
   280:  1845995.400  1846040.410  1846089.410  1846118.610  1846134.410
   285:  1846183.410  1846228.410  1846277.410  1846322.410  1846371.410
   290:  1846416.410  1846421.420  1847090.600  1847164.600  1847167.600
   295:  1847197.600  1847206.600  1847235.600  1847294.600  1847341.600
   300:  1847365.600  1847372.600  1847379.600  1847673.600  1848483.600
   305:  1851314.600  1851323.600  1851335.600  1854452.600  1854463.600
   310:  1854610.600  1862658.600  1862665.600  1862803.600  1864407.200
   315:  1864558.650  1864565.650  1864623.650  1865655.650  1865731.650
   320:  1866317.250  1880407.650  1959362.650  1960408.400  1960453.410
   325:  1960467.610  1960502.410  1960547.410  1960596.410  1960641.410
   330:  1960690.410  1960735.410  1960784.410  1960829.410  1960834.420
   335:  1961637.600  1961659.600  1961671.600  1961687.600  1962536.600
   340:  1962544.600  1962573.600  1962591.600  1962620.600  1962640.600
   345:  1963494.600  1963984.600  1964905.600  1965081.600  1965092.600
   350:  1965159.600  1965170.600  1965338.600  1965350.600  1965353.600
   355:  1965368.600  1965565.600  1965836.600  1965977.600  1966089.600
   360:  1966148.600  1966166.600  1966225.600  1966298.600  1966328.600
   365:  1966450.600  1966488.600  1966505.600  1966527.600  1966642.600
   370:  1966892.600  1966996.600  1967100.600  1967222.600  1967483.600
   375:  1967646.600  1967769.600  1967823.600  1967861.600  1968127.600
   380:  1968440.600  1968541.600  1968558.600  1968578.600  1968665.600
   385:  1969096.600  1969322.600  1969461.600  1969487.600  1969558.600
   390:  1969618.600  1970334.600  1970429.600  1970470.600  1970684.600
   395:  1970691.600  1970822.600  1970835.600  1970893.600  1970919.600
   400:  1970971.600  1971043.600  1971119.600  1971206.600  1971284.600
   405:  1971364.600  1971422.600  1971485.600  1972040.600  1972083.600
   410:  1972101.600  1972170.600  1972250.600  1972308.600  1972398.600
   415:  1972471.600  1972540.600  1972765.600  1972848.600  1972987.600
   420:  1973020.600  1973265.600  1973335.600  1973635.600  1973753.600
   425:  1973830.600  1974152.600  1974251.600  1974466.600  1974488.600
   430:  1974722.600  1975070.600  1975094.600  1975132.600  1975405.600
   435:  1975686.600  1976060.600  1976218.600  1976234.600  1976898.600
   440:  1977068.600  1977079.600  1977205.600  1977218.600  1977295.600
   445:  1977328.600  1977342.600  1977474.600  1978848.600  1979210.600
   450:  1980561.600  1980603.600  1986648.600  1987101.600  1990176.600
   455:  1991079.600  1991853.600  1992391.600  1992406.600  1992485.600
   460:  1999284.600  2000622.600  2001623.200  2004776.650  2004837.650
   465:  2007633.650  2007683.650  2009313.650  2009323.650  2009365.650
   470:  2009541.650  2016866.650  2016990.650  2019026.250  2021718.650
   475:  2034063.650  2034172.650  2044356.650  2044434.650  2044516.650
   480:  2044952.650  2044963.650  2044986.650  2045129.650  2045318.650
   485:  2049996.650  2050092.650  2054651.650  2087676.650  2088487.650
   490:  2097624.400  2097669.410  2097718.410  2097720.610  2097763.410
   495:  2097812.410  2097857.410  2097906.410  2097951.410  2098000.410
   500:  2098045.410  2098050.420  2098322.600  2098329.600  2098349.600
   505:  2098383.600  2098402.600  2099399.600  2100192.600  2100203.600
   510:  2100220.600  2100254.600  2100276.600  2100295.600  2100320.600
   515:  2100338.600  2100807.600  2102048.600  2102062.600  2102076.600
   520:  2102086.600  2102093.600  2103301.600  2103512.600  2103592.600
   525:  2103600.600  2103844.600  2104253.600  2104779.600  2112733.600
   530:  2112852.600  2113095.600  2119320.600  2131363.600  2137114.200
   535:  2137210.250  2156210.650  2163574.650  2163656.650  2233115.400
   540:  2233160.410  2233209.410  2233254.410  2233303.410  2233348.410
   545:  2233363.610  2233397.410  2233442.410  2233491.410  2233536.410
   550:  2233541.420  2233923.600  2236120.600  2236647.600  2236653.600
   555:  2236686.600  2238377.600  2239935.600  2240207.600  2241025.600
   560:  2241711.600  2241794.600  2241810.600  2241934.600  2243321.600
   565:  2243580.600  2244041.600  2250357.600  2250447.600  2255732.600
   570:  2313330.600  2314018.600  2335182.600  2335237.600  2337227.600
   575:  2337347.600  2339424.600  2360563.600  2366322.600  2373533.600
   580:  2373564.600  2383055.600  2388923.600  2390496.200  2391017.650
   585:  2391301.650  2401729.650  2401758.650  2402171.650  2407178.650
   590:  2407199.650  2428175.650  2444654.650  2444934.650  2444974.650
   595:  2466628.650  2468610.650  2486497.400  2486542.410  2486591.410
   600:  2486591.610  2486636.410  2486685.410  2486730.410  2486779.410
   605:  2486824.410  2486873.410  2486918.410  2486923.420  2489009.600
   610:  2489079.600  2489105.600  2490461.600  2490830.600  2490853.600
   615:  2490940.600  2491568.600  2491810.600  2491818.600  2491852.600
   620:  2493123.600  2493792.600  2493826.600  2493917.600  2493923.600
   625:  2493928.600  2493944.600  2494117.600  2494287.600  2494333.600
   630:  2494360.600  2494371.600  2494405.600  2494637.600  2494804.600
   635:  2494953.600  2495059.600  2495204.600  2495404.600  2495407.600
   640:  2495414.600  2495459.600  2495503.600  2495536.600  2495551.600
   645:  2495721.600  2495738.600  2495750.600  2495761.600  2495802.600
   650:  2496053.600  2496224.600  2497561.600  2497609.600  2497857.600
   655:  2497949.600  2498120.600  2498255.600  2498274.600  2498288.600
   660:  2498331.600  2498338.600  2498389.600  2498390.600  2500814.600
   665:  2500834.600  2505956.600  2518388.600  2519803.200  2522262.650
   670:  2530767.650  2530841.650  2531953.250  2551604.650  2551812.650
   675:  2551862.650  2551875.650  2565684.650  2565719.650  2565752.650
   680:  2565787.650  2579082.650  2615804.400  2615849.410  2615898.410
   685:  2615943.410  2615956.610  2615992.410  2616037.410  2616086.410
   690:  2616131.410  2616180.410  2616225.410  2616230.420  2619031.600
   695:  2619069.600  2619094.600  2619098.600  2619372.600  2619616.600
   700:  2619622.600  2621997.600  2634797.600  2640546.600  2773932.600
   705:  2774017.600  2790193.600  2790282.600  2790396.600  2820203.600
   710:  2874459.600  2879103.200  2879419.650  2879457.650  2879579.650
   715:  2882167.650  2885853.650  2886198.650  2918300.650  2935316.650
   720:  2935785.250  2938678.650  2951594.650  2955850.650  2959917.650
   725:  2975104.400  2975149.410  2975198.410  2975243.410  2975247.610
   730:  2975292.410  2975337.410  2975386.410  2975431.410  2975480.410
   735:  2975525.410  2975530.420  2978299.600  2981448.600  2998958.600
   740:  3132900.600  3156022.600  3301161.600  3301172.600  3630167.200
   745:  3726168.400  3726213.410  3726262.410  3726307.410  3726356.410
   750:  3726401.410  3726406.610  3726450.410  3726495.410  3726544.410
   755:  3726589.410  3726594.420  3727069.600  3729373.600  3730007.600
   760:  3730015.600  3730036.600  3730048.600  3732935.600  3733000.600
   765:  3733008.600  3733437.600  3733475.600  3733508.600  3734270.600
   770:  3738867.600  3738885.600  3739192.600  3748751.600  3748757.600
   775:  3785944.600  3785998.600  3786014.600  3786086.600  3786346.600
   780:  3795657.600  3796361.200  3804742.650  3807576.650  3812070.650
   785:  3828730.650  3843222.650  3874359.650  3874405.650  3890516.650
   790:  3890655.650  3890775.650  3891292.650  3891388.650  3891419.650
   795:  3891479.650  3891554.650  3891593.650  3891844.650  3892362.400
   800:  3892407.410  3892456.410  3892501.410  3892550.410  3892594.610
   805:  3892595.410  3892644.410  3892689.410  3892738.410  3892783.410
   810:  3892788.420  3897371.600  3897403.600  3897533.600  3905397.600
   815:  3909888.600  3926686.600  3937862.600  3938461.600  3938650.600
   820:  3938890.600  3939075.600  3951950.600  3968090.600  3968182.600
   825:  3983300.600  3990347.600  3992062.600  3992160.600  3997191.600
   830:  3997546.600  4325964.999
E:
     0:        5.200       16.300       28.800       43.200       59.900
     5:       80.100      105.300      139.300      191.600      330.300
F:
     0:        0.000        0.000        0.000        0.000        0.000
     5:        0.000
L:
     0:      198.000      195.000       83.000      197.000      135.000
     5:      122.000       58.000       95.000      247.000       93.000
    10:      151.000      142.000      237.000      231.000
M:
     0:        0.000        0.000        0.000        0.000        0.000
     5:        0.000
