File: C:\MED-PC IV\DATA\!2023-03-01_18h38m.Subject DF30


Start Date: 03/01/23
End Date: 03/02/23
Subject: DF30
Experiment: delayed_acquisition
Group: 1
Box: 10
Start Time: 18:38:34
End Time:  7:00:26
MSN: Delayed_Acquisition2_w_magmacro
G:       0.000
H:       0.000
I:       0.000
J:       0.000
K:       0.000
N:       0.000
O:       0.000
P:       0.000
Q:       0.000
R:       0.000
S:       0.000
T:       0.000
U:       0.000
V:       0.000
W:       0.000
X:       0.000
Y:       0.000
Z:       0.000
A:
     0:        2.000       60.000  4320000.000        1.000        0.000
     5:        1.000    96000.000        0.000       10.000        0.000
    10:        0.000        0.000        0.000        0.000        0.000
    15:        0.000        0.000        0.000        0.000        0.000
    20:        0.000        0.000        0.000        0.000        0.000
    25:        0.000        0.000        0.000        0.000        0.000
    30:        0.000        0.000        0.000        0.000        0.000
    35:        0.000        0.000        0.000        0.000        0.000
    40:        0.000        0.000        0.000        0.000        0.000
    45:        0.000        0.000        0.000        0.000        0.000
    50:        0.000        0.000        0.000        0.000        0.000
    55:        0.000        0.000        0.000        0.000        0.000
    60:        0.000        0.000        0.000        0.000        0.000
    65:        0.000        0.000        0.000        0.000        0.000
    70:        0.000        0.000        0.000        0.000        0.000
    75:        0.000        0.000        0.000        0.000        0.000
    80:        0.000        0.000        0.000        0.000        0.000
    85:        0.000        0.000        0.000        0.000        0.000
    90:        0.000        0.000        0.000        0.000        0.000
    95:        0.000        0.000        0.000        0.000        0.000
   100:        0.000
B:
     0:  4320000.000  4324686.000        1.000       11.000        0.000
     5:        0.000        0.000       11.000      578.000      721.000
    10:        0.000      457.000       18.000        6.000      106.000
    15:        0.000       11.000        0.000        0.000        0.000
    20:        0.000        0.000        0.000        0.000        0.000
    25:        0.000        0.000        0.000        0.000        0.000
    30:        1.101        0.000        0.000      110.000        0.000
    35:        0.000        0.000        0.000        0.000        0.000
    40:        0.000        0.000        0.000        0.000        0.000
    45:        0.000        0.000        0.000        0.000        0.000
    50:        0.000        0.000        0.000        0.000        0.000
    55:        0.000        0.000        0.000        0.000        0.000
    60:        0.000        0.000        0.000        0.000        0.000
    65:        0.000        0.000        0.000        0.000        0.000
    70:        0.000        0.000        0.000        0.000        0.000
    75:        0.000        0.000        0.000        0.000        0.000
    80:        0.000        0.000        0.000        0.000        0.000
    85:        0.000        0.000        0.000        0.000        0.000
    90:        0.000        0.000        0.000        0.000        0.000
    95:        0.000        0.000        0.000        0.000        0.000
   100:        0.000
C:
     0:      558.300      561.300      617.300     1079.100    97080.200
     5:    97080.200    97080.200    97080.200    97080.200    97080.200
    10:    97080.200    97080.200    97080.200    97080.200    98030.300
    15:    98033.300    98132.300    98169.300    98191.300    98198.300
    20:    98213.300    98233.300    98281.300    98291.300    98296.300
    25:    98316.300    98334.300    98348.300    98475.300    98494.300
    30:    98505.300    98670.300    98682.300    99014.300    99898.300
    35:    99902.300    99924.300    99944.300    99955.300   100004.300
    40:   100025.300   100105.300   100118.300   100143.300   100172.300
    45:   100195.300   100213.300   100241.300   100268.300   100343.300
    50:   100385.300   101264.300   101304.300   101424.300   101481.300
    55:   101752.300   103852.300   103861.300   123799.300   123810.300
    60:   135588.300   140729.100   236730.200   236730.200   236730.200
    65:   236730.200   236730.200   236730.200   236730.200   236730.200
    70:   236730.200   236730.200   238062.300   238066.300   238084.300
    75:   238100.300   238167.300   238186.300   238203.300   238230.300
    80:   238521.300   238545.300   238559.300   238579.300   238602.300
    85:   238621.300   238647.300   238659.300   238700.300   238717.300
    90:   238765.300   238777.300   238799.300   238803.300   238818.300
    95:   238834.300   238849.300   238861.300   238884.300   238887.300
   100:   238899.300   238916.300   238949.300   240813.300   240860.300
   105:   240889.300   241369.300   253031.100   349032.200   349032.200
   110:   349032.200   349032.200   349032.200   349032.200   349032.200
   115:   349032.200   349032.200   349032.200   352055.300   352172.300
   120:   352880.300   352918.300   352969.300   353419.300   353988.300
   125:   354489.300   354831.300   354870.300   365020.300   408488.300
   130:   408574.300   431439.300   431477.300   459108.300   460586.300
   135:   460619.300   460818.300   460852.300   467178.100   563179.200
   140:   563179.200   563179.200   563179.200   563179.200   563179.200
   145:   563179.200   563179.200   563179.200   563179.200   563505.300
   150:   565913.300   565961.300   567217.300   567248.300   567251.300
   155:   567282.300   567296.300   567363.300   567459.300   567473.300
   160:   567530.300   567915.300   569968.300   570107.300   628080.300
   165:   632858.100   728859.200   728859.200   728859.200   728859.200
   170:   728859.200   728859.200   728859.200   728859.200   728859.200
   175:   728859.200   730268.300   730287.300   730388.300   730406.300
   180:   730425.300   730455.300   730478.300   730496.300   730535.300
   185:   730556.300   730575.300   730594.300   730615.300   730635.300
   190:   730655.300   730693.300   730714.300   730724.300   730749.300
   195:   730789.300   730816.300   730834.300   730859.300   730878.300
   200:   730917.300   730934.300   730961.300   730973.300   731010.300
   205:   731019.300   731039.300   731056.300   731078.300   731098.300
   210:   731121.300   731317.300   731366.300   733600.300   733654.300
   215:   734594.300   734617.300   734891.300   734982.300   735387.300
   220:   735575.300   741328.300   741914.300   754307.300   754388.300
   225:   768271.300   798673.100   894674.200   894674.200   894674.200
   230:   894674.200   894674.200   894674.200   894674.200   894674.200
   235:   894674.200   894674.200   896519.300   896709.300   896728.300
   240:   896747.300   898633.300   899634.300   899679.300   900573.300
   245:   900583.300   900628.300   900637.300   924665.300  1011991.300
   250:  1019526.300  1112478.300  1112511.300  1120290.300  1120313.300
   255:  1120340.300  1160132.300  1190040.300  1190125.300  1190286.300
   260:  1192370.300  1206774.300  1206820.300  1207514.300  1290264.300
   265:  1290323.300  1290377.300  1351245.300  1351347.300  1370901.300
   270:  1377605.100  1473606.200  1473606.200  1473606.200  1473606.200
   275:  1473606.200  1473606.200  1473606.200  1473606.200  1473606.200
   280:  1473606.200  1473838.300  1473877.300  1473899.300  1473921.300
   285:  1473948.300  1475486.300  1477699.300  1477727.300  1477737.300
   290:  1477763.300  1477850.300  1478282.300  1478288.300  1478431.300
   295:  1479569.300  1480336.300  1484352.100  1580353.200  1580353.200
   300:  1580353.200  1580353.200  1580353.200  1580353.200  1580353.200
   305:  1580353.200  1580353.200  1580353.200  1580897.300  1580963.300
   310:  1581005.300  1581106.300  1581129.300  1581191.300  1581211.300
   315:  1581231.300  1581254.300  1581314.300  1583527.300  1584610.300
   320:  1584637.300  1585331.300  1585732.300  1586227.300  1586693.300
   325:  1586716.300  1586881.300  1599581.300  1603813.300  1669454.300
   330:  1680141.300  1680300.300  1681148.300  1684349.300  1684415.300
   335:  1699896.300  1701832.300  1708050.300  1708135.300  1790768.300
   340:  1798320.300  1799450.300  1799718.300  1799751.300  1804391.300
   345:  1812412.300  1812497.300  1857805.300  1857892.300  1858060.300
   350:  1863853.300  1867174.300  1867216.300  1873484.300  1873963.300
   355:  1873991.300  1874039.300  1874161.300  1874575.300  1878382.300
   360:  1878759.300  1878920.300  1886383.300  1900817.300  1917488.300
   365:  1932816.300  1940000.300  2542695.300  2547918.300  2551177.300
   370:  2635177.300  2635224.300  2639001.300  2639239.300  2639245.300
   375:  2639340.300  2639396.300  2639657.300  2644692.100  2740693.200
   380:  2740693.200  2740693.200  2740693.200  2740693.200  2740693.200
   385:  2740693.200  2740693.200  2740693.200  2740693.200  2741511.300
   390:  2741595.300  2741618.300  2741668.300  2741693.300  2741715.300
   395:  2741736.300  2741757.300  2741778.300  2741801.300  2741819.300
   400:  2741842.300  2741851.300  2741857.300  2741889.300  2741907.300
   405:  2741928.300  2741949.300  2741968.300  2742011.300  2742020.300
   410:  2742029.300  2742052.300  2742094.300  2742251.300  2742254.300
   415:  2742298.300  2742354.300  2742388.300  2742410.300  2743835.300
   420:  2743871.300  2744248.300  2744289.300  2744620.300  2744704.300
   425:  2744729.300  2745152.300  2746319.300  2746327.300  2754022.300
   430:  2762512.300  2766530.100  2862531.200  2862531.200  2862531.200
   435:  2862531.200  2862531.200  2862531.200  2862531.200  2862531.200
   440:  2862531.200  2862531.200  2862904.300  2862974.300  2863000.300
   445:  2863022.300  2863044.300  2864926.300  2866246.300  2866607.300
   450:  2866646.300  2866664.300  2866698.300  2866761.300  2866818.300
   455:  2866838.300  2866920.300  2866927.300  2866941.300  2866959.300
   460:  2867187.300  2867418.300  2867961.300  2868395.300  2875674.100
   465:  2971675.200  2971675.200  2971675.200  2971675.200  2971675.200
   470:  2971675.200  2971675.200  2971675.200  2971675.200  2971675.200
   475:  2972705.300  2972784.300  2972876.300  2973052.300  2973078.300
   480:  2973101.300  2973119.300  2973134.300  2973151.300  2974120.300
   485:  2974142.300  2974480.300  2974549.300  2974559.300  2974673.300
   490:  2974695.300  2975163.300  2998634.300  2998663.300  2999030.300
   495:  2999118.300  3017157.300  3030558.300  3030704.300  3038162.300
   500:  3038175.300  3084557.300  3088294.300  3088443.300  3090547.300
   505:  3090726.300  3090782.300  3090855.300  3091186.300  3091216.300
   510:  3091219.300  3091253.300  3091306.300  3091559.300  3091568.300
   515:  3091820.300  3092008.300  3094223.300  3094257.300  3094371.300
   520:  3094402.300  3095031.300  3109334.300  3110118.300  3115158.300
   525:  3115240.300  3190849.300  3191043.300  3191728.300  3193637.300
   530:  3193714.300  3194045.300  3195105.300  3205856.300  3205868.300
   535:  3205893.300  3206124.300  3206201.300  3206289.300  3206315.300
   540:  3210922.300  3217199.300  3219859.300  3221518.300  3221575.300
   545:  3223681.300  3244548.300  3245462.300  3766644.300  3766669.300
   550:  3766681.300  3766717.300  3766734.300  3766769.300  4086688.300
   555:  4094155.300  4251730.300  4251745.300  4253487.300  4261099.300
   560:  4261426.300  4261508.300  4261674.300  4261862.300  4261875.300
   565:  4261935.300  4262041.300  4262077.300  4262126.300  4262151.300
   570:  4262178.300  4262443.300  4262465.300  4262551.300  4263198.300
   575:  4263430.300  4263439.300  4264844.300
D:
     0:        0.111      558.600      561.600      617.600     1079.200
     5:     1254.250     6455.650     6461.650     6464.650     6474.650
    10:    13110.650    20328.250    20642.650    23370.650    23384.650
    15:    23606.650    30151.250    31818.650    48618.650    51989.650
    20:    56256.650    90173.650    90193.650    90207.650    97080.400
    25:    97125.410    97174.410    97219.410    97241.610    97251.610
    30:    97268.410    97313.410    97362.410    97407.410    97456.410
    35:    97501.410    97506.420    98456.600    98459.600    98558.600
    40:    98595.600    98617.600    98624.600    98639.600    98659.600
    45:    98707.600    98717.600    98722.600    98742.600    98760.600
    50:    98774.600    98901.600    98920.600    98931.600    99096.600
    55:    99108.600    99440.600   100324.600   100328.600   100350.600
    60:   100370.600   100381.600   100430.600   100451.600   100531.600
    65:   100544.600   100569.600   100598.600   100621.600   100639.600
    70:   100667.600   100694.600   100769.600   100811.600   101690.600
    75:   101730.600   101850.600   101907.600   102178.600   104278.600
    80:   104287.600   124225.600   124236.600   136014.600   141155.200
    85:   156129.650   234281.650   234298.650   237156.400   237201.410
    90:   237250.410   237291.610   237295.410   237344.410   237389.410
    95:   237438.410   237483.410   237532.410   237577.410   237582.420
   100:   238914.600   238918.600   238936.600   238952.600   239019.600
   105:   239038.600   239055.600   239082.600   239373.600   239397.600
   110:   239411.600   239431.600   239454.600   239473.600   239499.600
   115:   239511.600   239552.600   239569.600   239617.600   239629.600
   120:   239651.600   239655.600   239670.600   239686.600   239701.600
   125:   239713.600   239736.600   239739.600   239751.600   239768.600
   130:   239801.600   241665.600   241712.600   241741.600   242221.600
   135:   253883.200   254117.650   274141.650   274547.650   313330.650
   140:   313351.650   349884.400   349929.410   349958.610   349978.410
   145:   349982.610   350023.410   350072.410   350090.610   350117.410
   150:   350166.410   350211.410   350260.410   350305.410   350310.420
   155:   353333.600   353450.600   354158.600   354196.600   354247.600
   160:   354697.600   355266.600   355767.600   356109.600   356148.600
   165:   366298.600   409766.600   409852.600   432717.600   432755.600
   170:   460386.600   461864.600   461897.600   462096.600   462130.600
   175:   468456.200   506641.650   506727.650   506777.650   547773.650
   180:   548471.650   548647.650   548805.650   557085.650   557110.650
   185:   557153.650   564457.400   564502.410   564548.610   564551.410
   190:   564596.410   564645.410   564690.410   564739.410   564784.410
   195:   564833.410   564878.410   564883.420   565209.600   567617.600
   200:   567665.600   568921.600   568952.600   568955.600   568986.600
   205:   569000.600   569067.600   569163.600   569177.600   569234.600
   210:   569619.600   571672.600   571811.600   629784.600   634562.200
   215:   642147.650   652806.650   652837.650   652878.650   664974.650
   220:   665080.650   668283.650   675197.650   723141.650   723852.650
   225:   723883.650   730563.400   730608.410   730620.610   730657.410
   230:   730702.410   730751.410   730796.410   730845.410   730890.410
   235:   730939.410   730984.410   730989.420   732398.600   732417.600
   240:   732518.600   732536.600   732555.600   732585.600   732608.600
   245:   732626.600   732665.600   732686.600   732705.600   732724.600
   250:   732745.600   732765.600   732785.600   732823.600   732844.600
   255:   732854.600   732879.600   732919.600   732946.600   732964.600
   260:   732989.600   733008.600   733047.600   733064.600   733091.600
   265:   733103.600   733140.600   733149.600   733169.600   733186.600
   270:   733208.600   733228.600   733251.600   733447.600   733496.600
   275:   735730.600   735784.600   736724.600   736747.600   737021.600
   280:   737112.600   737517.600   737705.600   743458.600   744044.600
   285:   756437.600   756518.600   770401.600   800803.200   800851.650
   290:   801017.650   822542.650   827584.650   863962.650   864013.650
   295:   866319.650   887315.650   887863.650   896804.400   896849.410
   300:   896898.410   896912.610   896924.610   896943.410   896992.410
   305:   897037.410   897086.410   897131.410   897180.410   897225.410
   310:   897230.420   899075.600   899265.600   899284.600   899303.600
   315:   901189.600   902190.600   902235.600   903129.600   903139.600
   320:   903184.600   903193.600   927221.600  1014547.600  1022082.600
   325:  1115034.600  1115067.600  1122846.600  1122869.600  1122896.600
   330:  1162688.600  1192596.600  1192681.600  1192842.600  1194926.600
   335:  1209330.600  1209376.600  1210070.600  1292820.600  1292879.600
   340:  1292933.600  1353801.600  1353903.600  1373457.600  1380161.200
   345:  1380281.650  1383796.650  1383853.650  1386516.650  1386534.650
   350:  1386955.650  1387048.650  1464343.650  1464388.650  1476162.400
   355:  1476207.410  1476250.610  1476252.610  1476256.410  1476301.410
   360:  1476350.410  1476395.410  1476444.410  1476489.410  1476538.410
   365:  1476583.410  1476588.420  1476820.600  1476859.600  1476881.600
   370:  1476903.600  1476930.600  1478468.600  1480681.600  1480709.600
   375:  1480719.600  1480745.600  1480832.600  1481264.600  1481270.600
   380:  1481413.600  1482551.600  1483318.600  1487334.200  1487436.650
   385:  1487444.650  1487481.650  1495341.650  1505900.650  1544182.650
   390:  1547012.650  1583335.400  1583380.410  1583429.410  1583474.410
   395:  1583479.610  1583523.410  1583568.410  1583617.410  1583662.410
   400:  1583711.410  1583756.410  1583761.420  1584305.600  1584371.600
   405:  1584413.600  1584514.600  1584537.600  1584599.600  1584619.600
   410:  1584639.600  1584662.600  1584722.600  1586935.600  1588018.600
   415:  1588045.600  1588739.600  1589140.600  1589635.600  1590101.600
   420:  1590124.600  1590289.600  1602989.600  1607221.600  1672862.600
   425:  1683549.600  1683708.600  1684556.600  1687757.600  1687823.600
   430:  1703304.600  1705240.600  1711458.600  1711543.600  1794176.600
   435:  1801728.600  1802858.600  1803126.600  1803159.600  1807799.600
   440:  1815820.600  1815905.600  1861213.600  1861300.600  1861468.600
   445:  1867261.600  1870582.600  1870624.600  1876892.600  1877371.600
   450:  1877399.600  1877447.600  1877569.600  1877983.600  1881790.600
   455:  1882167.600  1882328.600  1889791.600  1904225.600  1920896.600
   460:  1936224.600  1943408.600  2546103.600  2551326.600  2554585.600
   465:  2638585.600  2638632.600  2642409.600  2642647.600  2642653.600
   470:  2642748.600  2642804.600  2643065.600  2648100.200  2648169.250
   475:  2648556.650  2648651.650  2648692.650  2648796.650  2648812.650
   480:  2649079.650  2658457.650  2658519.650  2702591.650  2704969.650
   485:  2704994.650  2744101.400  2744146.410  2744195.410  2744207.610
   490:  2744240.410  2744289.410  2744334.410  2744383.410  2744428.410
   495:  2744477.410  2744522.410  2744527.420  2745345.600  2745429.600
   500:  2745452.600  2745502.600  2745527.600  2745549.600  2745570.600
   505:  2745591.600  2745612.600  2745635.600  2745653.600  2745676.600
   510:  2745685.600  2745691.600  2745723.600  2745741.600  2745762.600
   515:  2745783.600  2745802.600  2745845.600  2745854.600  2745863.600
   520:  2745886.600  2745928.600  2746085.600  2746088.600  2746132.600
   525:  2746188.600  2746222.600  2746244.600  2747669.600  2747705.600
   530:  2748082.600  2748123.600  2748454.600  2748538.600  2748563.600
   535:  2748986.600  2750153.600  2750161.600  2757856.600  2766346.600
   540:  2770364.200  2770386.250  2866365.400  2866410.410  2866459.410
   545:  2866504.410  2866520.610  2866553.410  2866598.410  2866647.410
   550:  2866692.410  2866741.410  2866786.410  2866791.420  2867164.600
   555:  2867234.600  2867260.600  2867282.600  2867304.600  2869186.600
   560:  2870506.600  2870867.600  2870906.600  2870924.600  2870958.600
   565:  2871021.600  2871078.600  2871098.600  2871180.600  2871187.600
   570:  2871201.600  2871219.600  2871447.600  2871678.600  2872221.600
   575:  2872655.600  2879934.200  2882164.650  2882192.650  2885251.650
   580:  2893844.650  2893904.650  2896948.250  2897143.650  2899706.650
   585:  2909906.650  2910028.650  2910963.650  2930502.650  2930556.650
   590:  2947006.650  2947065.650  2947458.650  2947677.650  2948103.650
   595:  2948371.650  2948406.650  2948517.650  2948563.650  2948914.650
   600:  2948942.650  2962693.650  2974077.650  2975935.400  2975980.410
   605:  2976029.410  2976038.610  2976060.610  2976066.610  2976074.410
   610:  2976123.410  2976168.410  2976217.410  2976262.410  2976311.410
   615:  2976356.410  2976361.420  2977391.600  2977470.600  2977562.600
   620:  2977738.600  2977764.600  2977787.600  2977805.600  2977820.600
   625:  2977837.600  2978806.600  2978828.600  2979166.600  2979235.600
   630:  2979245.600  2979359.600  2979381.600  2979849.600  3003320.600
   635:  3003349.600  3003716.600  3003804.600  3021843.600  3035244.600
   640:  3035390.600  3042848.600  3042861.600  3089243.600  3092980.600
   645:  3093129.600  3095233.600  3095412.600  3095468.600  3095541.600
   650:  3095872.600  3095902.600  3095905.600  3095939.600  3095992.600
   655:  3096245.600  3096254.600  3096506.600  3096694.600  3098909.600
   660:  3098943.600  3099057.600  3099088.600  3099717.600  3114020.600
   665:  3114804.600  3119844.600  3119926.600  3195535.600  3195729.600
   670:  3196414.600  3198323.600  3198400.600  3198731.600  3199791.600
   675:  3210542.600  3210554.600  3210579.600  3210810.600  3210887.600
   680:  3210975.600  3211001.600  3215608.600  3221885.600  3224545.600
   685:  3226204.600  3226261.600  3228367.600  3249234.600  3250148.600
   690:  3771330.600  3771355.600  3771367.600  3771403.600  3771420.600
   695:  3771455.600  4091374.600  4098841.600  4256416.600  4256431.600
   700:  4258173.600  4265785.600  4266112.600  4266194.600  4266360.600
   705:  4266548.600  4266561.600  4266621.600  4266727.600  4266763.600
   710:  4266812.600  4266837.600  4266864.600  4267129.600  4267151.600
   715:  4267237.600  4267884.600  4268116.600  4268125.600  4269530.600
   720:  4324686.999
E:
     0:        5.200       16.300       28.800       43.200       59.900
     5:       80.100      105.300      139.300      191.600      330.300
F:
     0:        0.000        0.000        0.000        0.000        0.000
     5:        0.000
L:
     0:      160.000      134.000       73.000       90.000       56.000
     5:      107.000       87.000      143.000      105.000      154.000
    10:      102.000
M:
     0:        0.000        0.000        0.000        0.000        0.000
     5:        0.000
