File: C:\MED-PC IV\DATA\!2023-03-03_19h13m.Subject DF21


Start Date: 03/03/23
End Date: 03/04/23
Subject: DF21
Experiment: delayed_acquisition
Group: 1
Box: 1
Start Time: 19:13:55
End Time:  7:26:18
MSN: Delayed_Acquisition2_w_magmacro
G:       0.000
H:       0.000
I:       0.000
J:       0.000
K:       0.000
N:       0.000
O:       0.000
P:       0.000
Q:       0.000
R:       0.000
S:       0.000
T:       0.000
U:       0.000
V:       0.000
W:       0.000
X:       0.000
Y:       0.000
Z:       0.000
A:
     0:        2.000       60.000  4320000.000        1.000        0.000
     5:        1.000    96000.000        0.000       10.000        0.000
    10:        0.000        0.000        0.000        0.000        0.000
    15:        0.000        0.000        0.000        0.000        0.000
    20:        0.000        0.000        0.000        0.000        0.000
    25:        0.000        0.000        0.000        0.000        0.000
    30:        0.000        0.000        0.000        0.000        0.000
    35:        0.000        0.000        0.000        0.000        0.000
    40:        0.000        0.000        0.000        0.000        0.000
    45:        0.000        0.000        0.000        0.000        0.000
    50:        0.000        0.000        0.000        0.000        0.000
    55:        0.000        0.000        0.000        0.000        0.000
    60:        0.000        0.000        0.000        0.000        0.000
    65:        0.000        0.000        0.000        0.000        0.000
    70:        0.000        0.000        0.000        0.000        0.000
    75:        0.000        0.000        0.000        0.000        0.000
    80:        0.000        0.000        0.000        0.000        0.000
    85:        0.000        0.000        0.000        0.000        0.000
    90:        0.000        0.000        0.000        0.000        0.000
    95:        0.000        0.000        0.000        0.000        0.000
   100:        0.000
B:
     0:  4320000.000  4321704.000        1.000        4.000        0.000
     5:        0.000        0.000        4.000      951.000      988.000
    10:        0.000      907.000        4.000        1.000       26.000
    15:        0.000        4.000        0.000        0.000        0.000
    20:        0.000        0.000        0.000        0.000        0.000
    25:        0.000        0.000        0.000        0.000        0.000
    30:        1.500        0.000        0.000       40.000        0.000
    35:        0.000        0.000        0.000        0.000        0.000
    40:        0.000        0.000        0.000        0.000        0.000
    45:        0.000        0.000        0.000        0.000        0.000
    50:        0.000        0.000        0.000        0.000        0.000
    55:        0.000        0.000        0.000        0.000        0.000
    60:        0.000        0.000        0.000        0.000        0.000
    65:        0.000        0.000        0.000        0.000        0.000
    70:        0.000        0.000        0.000        0.000        0.000
    75:        0.000        0.000        0.000        0.000        0.000
    80:        0.000        0.000        0.000        0.000        0.000
    85:        0.000        0.000        0.000        0.000        0.000
    90:        0.000        0.000        0.000        0.000        0.000
    95:        0.000        0.000        0.000        0.000        0.000
   100:        0.000
C:
     0:     4814.300    10749.300    10876.300    10923.300    14968.300
     5:    20217.300    25290.300    36714.300    36751.300    36787.300
    10:    39237.100   135238.200   135238.200   135238.200   135238.200
    15:   135238.200   135238.200   135238.200   135238.200   135238.200
    20:   135238.200   135960.300   135972.300   135997.300   136472.300
    25:   137099.300   137111.300   137122.300   137769.300   138604.300
    30:   138624.300   138632.300   138676.300   138695.300   138716.300
    35:   141619.300   141646.300   141835.300   141935.300   146379.300
    40:   148758.300   161926.300   173222.300   195010.300   201795.300
    45:   274596.300   307224.300   307396.300   347993.300   354966.300
    50:   366626.300   368814.300   368973.300   373675.300   376765.300
    55:   376910.300   377231.300   377281.300   377303.300   377314.300
    60:   377538.300   377711.300   377753.300   378064.300   378139.300
    65:   378155.300   378169.300   378234.300   378364.300   378398.300
    70:   378419.300   378471.300   378801.300   379107.300   379145.300
    75:   379255.300   379549.300   379634.300   379637.300   379732.300
    80:   379808.300   379857.300   379893.300   379897.300   379914.300
    85:   379936.300   380062.300   380124.300   380256.300   380343.300
    90:   381914.100   477915.200   477915.200   477915.200   477915.200
    95:   477915.200   477915.200   477915.200   477915.200   477915.200
   100:   477915.200   478244.300   478255.300   478458.300   479375.300
   105:   480971.300   482524.300   482869.300   483064.300   483069.300
   110:   483108.300   483156.300   483466.300   483543.300   483552.300
   115:   483712.300   483782.300   483895.300   484010.300   484017.300
   120:   484037.300   484483.300   484487.300   484542.300   484585.300
   125:   485235.300   485302.300   485393.300   485442.300   485486.300
   130:   485520.300   485725.300   485740.300   485796.300   485995.300
   135:   486107.300   486161.300   486248.300   486274.300   486332.300
   140:   486366.300   486428.300   486686.300   486852.300   486996.300
   145:   487089.300   487465.300   487569.300   487609.300   487680.300
   150:   487818.300   488352.300   488602.300   488651.300   488662.300
   155:   488770.300   489184.300   489221.300   489426.300   489504.300
   160:   489547.300   489612.300   489700.300   489780.300   489921.300
   165:   490059.300   490066.300   490097.300   490862.300   490965.300
   170:   491242.300   491273.300   491290.300   491327.300   491365.300
   175:   491691.300   491748.300   491769.300   491869.300   494271.300
   180:   494548.300   494562.300   494583.300   494601.300   494829.300
   185:   494860.300   494917.300   495121.300   495194.300   495206.300
   190:   495264.300   495277.300   495321.300   495571.300   495637.300
   195:   495646.300   495695.300   495716.300   495816.300   495896.300
   200:   495968.300   496008.300   496054.300   496064.300   496227.300
   205:   496257.300   496263.300   496612.300   496664.300   496706.300
   210:   496718.300   496760.300   496787.300   496906.300   496950.300
   215:   496967.300   496969.300   496977.300   497006.300   497045.300
   220:   497268.300   497302.300   497388.300   497545.300   497623.300
   225:   497671.300   497692.300   497723.300   497914.300   498138.300
   230:   498167.300   498206.300   498626.300   500337.300   500403.300
   235:   510058.300   510067.300   512435.300   512485.300   512624.300
   240:   526077.300   550595.300   557724.300   607593.300   611869.300
   245:   612044.300   612753.300   639233.300   639255.300   639286.300
   250:   656145.300   698332.300   698465.300   713495.300   713605.300
   255:   713789.300   713806.300   713872.300   778918.300   856061.300
   260:   856668.300   856779.300   920243.300   931641.300   931688.300
   265:   931696.300   950529.300   956137.300   956193.300   956239.300
   270:   958653.300   959099.300   987243.300   987305.300  1005025.300
   275:  1005044.300  1005062.300  1005116.300  1005489.300  1005581.300
   280:  1005859.300  1006054.300  1006173.300  1006179.300  1006190.300
   285:  1006424.300  1006578.300  1006842.300  1006851.300  1007090.300
   290:  1007152.300  1013139.300  1013641.300  1013829.300  1068764.300
   295:  1068998.300  1069276.300  1139845.300  1139855.300  1139868.300
   300:  1163466.300  1177395.300  1177473.300  1194222.300  1539749.300
   305:  1539759.300  1539772.300  1564174.300  1564295.300  1568675.300
   310:  1568742.300  1568791.300  1939661.300  1948678.300  1952800.300
   315:  2013151.300  2013770.300  2013804.300  2015939.300  2016126.300
   320:  2016539.300  2031619.100  2127620.200  2127620.200  2127620.200
   325:  2127620.200  2127620.200  2127620.200  2127620.200  2127620.200
   330:  2127620.200  2127620.200  2127921.300  2127942.300  2127956.300
   335:  2128042.300  2128479.300  2128630.300  2129571.300  2129881.300
   340:  2130664.300  2130846.300  2130907.300  2130962.300  2130992.300
   345:  2131524.300  2131549.300  2131706.300  2131774.300  2131878.300
   350:  2132033.300  2132063.300  2132427.300  2132526.300  2132663.300
   355:  2132958.300  2132966.300  2133002.300  2133045.300  2133144.300
   360:  2133462.300  2133507.300  2133657.300  2133662.300  2133673.300
   365:  2133696.300  2133921.300  2133988.300  2134006.300  2134037.300
   370:  2134040.300  2134073.300  2134106.300  2134174.300  2134336.300
   375:  2134421.300  2134706.300  2134928.300  2134952.300  2135122.300
   380:  2135141.300  2135229.300  2135302.300  2135321.300  2135927.300
   385:  2136100.300  2136140.300  2136231.300  2136581.300  2136600.300
   390:  2136631.300  2136664.300  2136704.300  2136734.300  2136810.300
   395:  2136868.300  2136953.300  2136980.300  2137209.300  2137248.300
   400:  2137458.300  2137521.300  2137627.300  2137650.300  2137954.300
   405:  2137981.300  2137994.300  2138341.300  2138426.300  2138541.300
   410:  2138576.300  2138656.300  2138717.300  2138766.300  2138923.300
   415:  2138975.300  2139056.300  2139105.300  2139163.300  2139166.300
   420:  2139221.300  2139243.300  2139262.300  2139451.300  2139461.300
   425:  2139466.300  2139528.300  2139649.300  2139660.300  2139996.300
   430:  2139998.300  2140056.300  2140074.300  2140165.300  2140264.300
   435:  2140274.300  2140986.300  2141021.300  2141056.300  2141150.300
   440:  2141175.300  2142000.300  2142016.300  2142975.300  2143010.300
   445:  2143029.300  2144583.300  2144634.300  2145243.300  2145274.300
   450:  2145413.300  2145441.300  2145470.300  2145488.300  2145545.300
   455:  2145757.300  2145785.300  2145831.300  2146034.300  2146102.300
   460:  2146107.300  2146330.300  2146397.300  2146441.300  2146687.300
   465:  2147950.300  2148633.300  2149239.300  2149272.300  2149299.300
   470:  2149531.300  2151730.300  2151777.300  2151808.300  2156066.300
   475:  2160297.300  2175336.300  2175419.300  2175505.300  2175527.300
   480:  2175600.300  2175692.300  2187258.300  2187415.300  2188256.300
   485:  2188450.300  2188461.300  2456380.300  2456567.300  2456867.300
   490:  2456895.300  2456971.300  2462089.300  2462333.300  2462512.300
   495:  2462681.300  2466103.300  2468534.300  2469285.300  2471875.300
   500:  2471906.300  2472136.300  2472266.300  2476568.300  2495154.300
   505:  2767798.300  2767904.300  2802627.300  2802780.300  2803080.300
   510:  2803321.300  2803427.300  2803493.300  2803658.300  2803699.300
   515:  2803733.300  2803976.300  2804008.300  2804038.300  2804082.300
   520:  2865683.300  2865749.300  2868258.300  2868553.300  2877067.300
   525:  2877099.300  2877354.300  2877817.300  2877926.300  2878086.300
   530:  2878115.300  2879058.300  2879086.300  2879655.300  2887452.300
   535:  2888194.300  2926667.300  2961059.300  3087291.300  3109869.300
   540:  3117133.300  3132427.300  3132705.300  3136393.300  3148647.300
   545:  3218409.300  3240156.300  3240461.300  3240991.300  3241532.300
   550:  3241592.300  3241697.300  3241762.300  3241811.300  3241850.300
   555:  3241873.300  3241893.300  3241933.300  3242121.300  3242150.300
   560:  3242164.300  3242179.300  3242216.300  3242240.300  3242297.300
   565:  3242327.300  3242351.300  3242372.300  3242463.300  3242509.300
   570:  3242715.300  3242729.300  3242791.300  3242800.300  3242819.300
   575:  3242823.300  3242868.300  3242888.300  3242939.300  3242971.300
   580:  3246928.300  3247114.300  3267348.300  3267407.300  3267569.300
   585:  3283929.300  3284072.300  3284346.300  3288883.100  3384884.200
   590:  3384884.200  3384884.200  3384884.200  3384884.200  3384884.200
   595:  3384884.200  3384884.200  3384884.200  3384884.200  3384942.300
   600:  3385161.300  3385425.300  3385610.300  3385616.300  3385860.300
   605:  3386135.300  3386215.300  3386273.300  3386304.300  3386426.300
   610:  3386863.300  3386912.300  3387151.300  3387175.300  3387230.300
   615:  3387262.300  3387348.300  3387410.300  3387477.300  3387511.300
   620:  3387525.300  3387598.300  3387932.300  3387992.300  3388004.300
   625:  3388047.300  3388070.300  3388167.300  3388195.300  3388576.300
   630:  3388591.300  3388618.300  3388707.300  3388931.300  3391106.300
   635:  3391178.300  3391200.300  3391228.300  3391248.300  3391308.300
   640:  3391516.300  3391591.300  3391638.300  3391651.300  3391726.300
   645:  3391871.300  3392243.300  3392263.300  3392299.300  3392328.300
   650:  3392676.300  3392819.300  3392823.300  3392880.300  3392889.300
   655:  3392912.300  3392942.300  3392984.300  3393243.300  3393281.300
   660:  3393323.300  3393347.300  3393440.300  3393623.300  3393726.300
   665:  3393733.300  3393858.300  3393913.300  3393938.300  3393962.300
   670:  3393980.300  3394051.300  3394071.300  3394190.300  3394263.300
   675:  3394291.300  3394455.300  3394474.300  3394612.300  3394634.300
   680:  3394726.300  3395020.300  3395130.300  3395157.300  3395199.300
   685:  3395247.300  3395420.300  3395426.300  3395626.300  3395718.300
   690:  3396451.300  3396537.300  3396774.300  3396937.300  3396941.300
   695:  3396947.300  3397034.300  3397286.300  3397351.300  3397374.300
   700:  3397417.300  3397463.300  3397518.300  3397685.300  3397712.300
   705:  3397760.300  3397793.300  3397798.300  3397851.300  3397905.300
   710:  3398100.300  3398594.300  3398667.300  3398677.300  3398698.300
   715:  3399004.300  3399232.300  3399274.300  3399330.300  3399343.300
   720:  3399667.300  3399692.300  3399720.300  3399848.300  3399863.300
   725:  3399868.300  3400007.300  3400045.300  3400058.300  3400069.300
   730:  3400220.300  3400425.300  3400469.300  3400513.300  3400530.300
   735:  3400553.300  3400894.300  3401000.300  3401816.300  3401998.300
   740:  3402453.300  3402727.300  3402844.300  3402858.300  3402866.300
   745:  3402955.300  3403003.300  3403077.300  3403391.300  3403572.300
   750:  3403624.300  3403798.300  3403820.300  3403901.300  3404102.300
   755:  3404144.300  3404187.300  3404204.300  3404213.300  3404322.300
   760:  3404364.300  3404782.300  3404851.300  3404964.300  3405329.300
   765:  3405360.300  3405456.300  3405461.300  3405477.300  3405519.300
   770:  3405567.300  3405626.300  3405729.300  3406519.300  3406543.300
   775:  3406594.300  3406604.300  3408461.300  3408849.300  3409209.300
   780:  3410287.300  3410610.300  3410684.300  3410729.300  3411036.300
   785:  3411083.300  3411285.300  3411371.300  3411430.300  3411473.300
   790:  3411475.300  3411486.300  3411754.300  3411936.300  3411939.300
   795:  3411983.300  3412284.300  3412296.300  3412308.300  3412395.300
   800:  3412882.300  3413143.300  3413170.300  3413579.300  3413762.300
   805:  3413795.300  3413843.300  3413865.300  3413974.300  3414188.300
   810:  3414436.300  3414670.300  3414688.300  3414705.300  3414724.300
   815:  3414783.300  3414806.300  3414861.300  3414894.300  3414923.300
   820:  3415166.300  3415491.300  3415528.300  3415650.300  3415679.300
   825:  3415722.300  3415874.300  3415918.300  3416050.300  3416091.300
   830:  3416113.300  3416181.300  3416212.300  3416332.300  3416340.300
   835:  3416555.300  3416873.300  3416912.300  3417002.300  3417020.300
   840:  3417058.300  3417266.300  3417604.300  3417673.300  3417728.300
   845:  3417865.300  3417945.300  3417955.300  3417992.300  3418028.300
   850:  3418063.300  3418081.300  3418157.300  3418197.300  3418252.300
   855:  3419245.300  3419352.300  3419419.300  3419462.300  3419528.300
   860:  3419937.300  3419976.300  3420338.300  3420373.300  3420624.300
   865:  3420716.300  3420921.300  3420945.300  3420987.300  3420995.300
   870:  3424921.300  3425184.300  3425283.300  3425303.300  3425610.300
   875:  3425626.300  3426072.300  3426083.300  3426116.300  3426155.300
   880:  3426330.300  3426378.300  3426420.300  3426428.300  3426429.300
   885:  3426436.300  3426446.300  3426506.300  3426538.300  3426672.300
   890:  3426717.300  3426985.300  3427048.300  3427134.300  3427142.300
   895:  3427514.300  3427543.300  3427552.300  3427748.300  3427760.300
   900:  3427783.300  3427812.300  3427842.300  3428138.300  3428185.300
   905:  3428419.300  3428497.300  3428606.300  3428642.300  3428659.300
   910:  3429013.300  3429028.300  3429242.300  3429599.300  3429751.300
   915:  3429757.300  3430207.300  3433483.300  3434173.300  3435838.300
   920:  3435850.300  3436714.300  3441045.300  3441194.300  3441479.300
   925:  3441530.300  3441560.300  3441734.300  3441954.300  3442215.300
   930:  3442282.300  3442287.300  3449464.300  3449490.300  3449754.300
   935:  3449780.300  3449823.300  3449867.300  3476653.300  3476949.300
   940:  3477024.300  3573263.300  4033583.300  4297859.300  4309321.300
   945:  4309881.300  4309950.300  4310092.300  4310150.300  4310221.300
   950:  4310245.300
D:
     0:        0.111     4814.600    10749.600    10876.600    10923.600
     5:    14968.600    20217.600    25290.600    36714.600    36751.600
    10:    36787.600    39237.200    39362.650    39418.650    39478.650
    15:    46193.650    53497.650    53544.650   106484.650   128312.650
    20:   128526.650   128629.650   128969.650   133575.650   135238.400
    25:   135283.410   135332.410   135338.610   135377.410   135426.410
    30:   135471.410   135520.410   135565.410   135614.410   135659.410
    35:   135664.420   136386.600   136398.600   136423.600   136898.600
    40:   137525.600   137537.600   137548.600   138195.600   139030.600
    45:   139050.600   139058.600   139102.600   139121.600   139142.600
    50:   142045.600   142072.600   142261.600   142361.600   146805.600
    55:   149184.600   162352.600   173648.600   195436.600   202221.600
    60:   275022.600   307650.600   307822.600   348419.600   355392.600
    65:   367052.600   369240.600   369399.600   374101.600   377191.600
    70:   377336.600   377657.600   377707.600   377729.600   377740.600
    75:   377964.600   378137.600   378179.600   378490.600   378565.600
    80:   378581.600   378595.600   378660.600   378790.600   378824.600
    85:   378845.600   378897.600   379227.600   379533.600   379571.600
    90:   379681.600   379975.600   380060.600   380063.600   380158.600
    95:   380234.600   380283.600   380319.600   380323.600   380340.600
   100:   380362.600   380488.600   380550.600   380682.600   380769.600
   105:   382340.200   383618.650   383627.650   383721.650   383926.650
   110:   384009.650   406540.650   406847.650   410846.250   424611.650
   115:   443885.650   478341.400   478386.410   478435.410   478480.410
   120:   478485.610   478529.410   478574.410   478623.410   478668.410
   125:   478717.410   478762.410   478767.420   479096.600   479107.600
   130:   479310.600   480227.600   481823.600   483376.600   483721.600
   135:   483916.600   483921.600   483960.600   484008.600   484318.600
   140:   484395.600   484404.600   484564.600   484634.600   484747.600
   145:   484862.600   484869.600   484889.600   485335.600   485339.600
   150:   485394.600   485437.600   486087.600   486154.600   486245.600
   155:   486294.600   486338.600   486372.600   486577.600   486592.600
   160:   486648.600   486847.600   486959.600   487013.600   487100.600
   165:   487126.600   487184.600   487218.600   487280.600   487538.600
   170:   487704.600   487848.600   487941.600   488317.600   488421.600
   175:   488461.600   488532.600   488670.600   489204.600   489454.600
   180:   489503.600   489514.600   489622.600   490036.600   490073.600
   185:   490278.600   490356.600   490399.600   490464.600   490552.600
   190:   490632.600   490773.600   490911.600   490918.600   490949.600
   195:   491714.600   491817.600   492094.600   492125.600   492142.600
   200:   492179.600   492217.600   492543.600   492600.600   492621.600
   205:   492721.600   495123.600   495400.600   495414.600   495435.600
   210:   495453.600   495681.600   495712.600   495769.600   495973.600
   215:   496046.600   496058.600   496116.600   496129.600   496173.600
   220:   496423.600   496489.600   496498.600   496547.600   496568.600
   225:   496668.600   496748.600   496820.600   496860.600   496906.600
   230:   496916.600   497079.600   497109.600   497115.600   497464.600
   235:   497516.600   497558.600   497570.600   497612.600   497639.600
   240:   497758.600   497802.600   497819.600   497821.600   497829.600
   245:   497858.600   497897.600   498120.600   498154.600   498240.600
   250:   498397.600   498475.600   498523.600   498544.600   498575.600
   255:   498766.600   498990.600   499019.600   499058.600   499478.600
   260:   501189.600   501255.600   510910.600   510919.600   513287.600
   265:   513337.600   513476.600   526929.600   551447.600   558576.600
   270:   608445.600   612721.600   612896.600   613605.600   640085.600
   275:   640107.600   640138.600   656997.600   699184.600   699317.600
   280:   714347.600   714457.600   714641.600   714658.600   714724.600
   285:   779770.600   856913.600   857520.600   857631.600   921095.600
   290:   932493.600   932540.600   932548.600   951381.600   956989.600
   295:   957045.600   957091.600   959505.600   959951.600   988095.600
   300:   988157.600  1005877.600  1005896.600  1005914.600  1005968.600
   305:  1006341.600  1006433.600  1006711.600  1006906.600  1007025.600
   310:  1007031.600  1007042.600  1007276.600  1007430.600  1007694.600
   315:  1007703.600  1007942.600  1008004.600  1013991.600  1014493.600
   320:  1014681.600  1069616.600  1069850.600  1070128.600  1140697.600
   325:  1140707.600  1140720.600  1164318.600  1178247.600  1178325.600
   330:  1195074.600  1540601.600  1540611.600  1540624.600  1565026.600
   335:  1565147.600  1569527.600  1569594.600  1569643.600  1940513.600
   340:  1949530.600  1953652.600  2014003.600  2014622.600  2014656.600
   345:  2016791.600  2016978.600  2017391.600  2032471.200  2036736.650
   350:  2128472.400  2128517.410  2128566.410  2128611.410  2128660.410
   355:  2128695.610  2128705.410  2128754.410  2128799.410  2128848.410
   360:  2128893.410  2128898.420  2129199.600  2129220.600  2129234.600
   365:  2129320.600  2129757.600  2129908.600  2130849.600  2131159.600
   370:  2131942.600  2132124.600  2132185.600  2132240.600  2132270.600
   375:  2132802.600  2132827.600  2132984.600  2133052.600  2133156.600
   380:  2133311.600  2133341.600  2133705.600  2133804.600  2133941.600
   385:  2134236.600  2134244.600  2134280.600  2134323.600  2134422.600
   390:  2134740.600  2134785.600  2134935.600  2134940.600  2134951.600
   395:  2134974.600  2135199.600  2135266.600  2135284.600  2135315.600
   400:  2135318.600  2135351.600  2135384.600  2135452.600  2135614.600
   405:  2135699.600  2135984.600  2136206.600  2136230.600  2136400.600
   410:  2136419.600  2136507.600  2136580.600  2136599.600  2137205.600
   415:  2137378.600  2137418.600  2137509.600  2137859.600  2137878.600
   420:  2137909.600  2137942.600  2137982.600  2138012.600  2138088.600
   425:  2138146.600  2138231.600  2138258.600  2138487.600  2138526.600
   430:  2138736.600  2138799.600  2138905.600  2138928.600  2139232.600
   435:  2139259.600  2139272.600  2139619.600  2139704.600  2139819.600
   440:  2139854.600  2139934.600  2139995.600  2140044.600  2140201.600
   445:  2140253.600  2140334.600  2140383.600  2140441.600  2140444.600
   450:  2140499.600  2140521.600  2140540.600  2140729.600  2140739.600
   455:  2140744.600  2140806.600  2140927.600  2140938.600  2141274.600
   460:  2141276.600  2141334.600  2141352.600  2141443.600  2141542.600
   465:  2141552.600  2142264.600  2142299.600  2142334.600  2142428.600
   470:  2142453.600  2143278.600  2143294.600  2144253.600  2144288.600
   475:  2144307.600  2145861.600  2145912.600  2146521.600  2146552.600
   480:  2146691.600  2146719.600  2146748.600  2146766.600  2146823.600
   485:  2147035.600  2147063.600  2147109.600  2147312.600  2147380.600
   490:  2147385.600  2147608.600  2147675.600  2147719.600  2147965.600
   495:  2149228.600  2149911.600  2150517.600  2150550.600  2150577.600
   500:  2150809.600  2153008.600  2153055.600  2153086.600  2157344.600
   505:  2161575.600  2176614.600  2176697.600  2176783.600  2176805.600
   510:  2176878.600  2176970.600  2188536.600  2188693.600  2189534.600
   515:  2189728.600  2189739.600  2457658.600  2457845.600  2458145.600
   520:  2458173.600  2458249.600  2463367.600  2463611.600  2463790.600
   525:  2463959.600  2467381.600  2469812.600  2470563.600  2473153.600
   530:  2473184.600  2473414.600  2473544.600  2477846.600  2496432.600
   535:  2769076.600  2769182.600  2803905.600  2804058.600  2804358.600
   540:  2804599.600  2804705.600  2804771.600  2804936.600  2804977.600
   545:  2805011.600  2805254.600  2805286.600  2805316.600  2805360.600
   550:  2866961.600  2867027.600  2869536.600  2869831.600  2878345.600
   555:  2878377.600  2878632.600  2879095.600  2879204.600  2879364.600
   560:  2879393.600  2880336.600  2880364.600  2880933.600  2888730.600
   565:  2889472.600  2927945.600  2962337.600  3088569.600  3111147.600
   570:  3118411.600  3133705.600  3133983.600  3137671.600  3149925.600
   575:  3219687.600  3241434.600  3241739.600  3242269.600  3242810.600
   580:  3242870.600  3242975.600  3243040.600  3243089.600  3243128.600
   585:  3243151.600  3243171.600  3243211.600  3243399.600  3243428.600
   590:  3243442.600  3243457.600  3243494.600  3243518.600  3243575.600
   595:  3243605.600  3243629.600  3243650.600  3243741.600  3243787.600
   600:  3243993.600  3244007.600  3244069.600  3244078.600  3244097.600
   605:  3244101.600  3244146.600  3244166.600  3244217.600  3244249.600
   610:  3248206.600  3248392.600  3268626.600  3268685.600  3268847.600
   615:  3285207.600  3285350.600  3285624.600  3290161.200  3310863.650
   620:  3317206.650  3317218.650  3383024.650  3386162.400  3386207.410
   625:  3386256.410  3386299.610  3386301.410  3386350.410  3386395.410
   630:  3386444.410  3386489.410  3386538.410  3386583.410  3386588.420
   635:  3386646.600  3386865.600  3387129.600  3387314.600  3387320.600
   640:  3387564.600  3387839.600  3387919.600  3387977.600  3388008.600
   645:  3388130.600  3388567.600  3388616.600  3388855.600  3388879.600
   650:  3388934.600  3388966.600  3389052.600  3389114.600  3389181.600
   655:  3389215.600  3389229.600  3389302.600  3389636.600  3389696.600
   660:  3389708.600  3389751.600  3389774.600  3389871.600  3389899.600
   665:  3390280.600  3390295.600  3390322.600  3390411.600  3390635.600
   670:  3392810.600  3392882.600  3392904.600  3392932.600  3392952.600
   675:  3393012.600  3393220.600  3393295.600  3393342.600  3393355.600
   680:  3393430.600  3393575.600  3393947.600  3393967.600  3394003.600
   685:  3394032.600  3394380.600  3394523.600  3394527.600  3394584.600
   690:  3394593.600  3394616.600  3394646.600  3394688.600  3394947.600
   695:  3394985.600  3395027.600  3395051.600  3395144.600  3395327.600
   700:  3395430.600  3395437.600  3395562.600  3395617.600  3395642.600
   705:  3395666.600  3395684.600  3395755.600  3395775.600  3395894.600
   710:  3395967.600  3395995.600  3396159.600  3396178.600  3396316.600
   715:  3396338.600  3396430.600  3396724.600  3396834.600  3396861.600
   720:  3396903.600  3396951.600  3397124.600  3397130.600  3397330.600
   725:  3397422.600  3398155.600  3398241.600  3398478.600  3398641.600
   730:  3398645.600  3398651.600  3398738.600  3398990.600  3399055.600
   735:  3399078.600  3399121.600  3399167.600  3399222.600  3399389.600
   740:  3399416.600  3399464.600  3399497.600  3399502.600  3399555.600
   745:  3399609.600  3399804.600  3400298.600  3400371.600  3400381.600
   750:  3400402.600  3400708.600  3400936.600  3400978.600  3401034.600
   755:  3401047.600  3401371.600  3401396.600  3401424.600  3401552.600
   760:  3401567.600  3401572.600  3401711.600  3401749.600  3401762.600
   765:  3401773.600  3401924.600  3402129.600  3402173.600  3402217.600
   770:  3402234.600  3402257.600  3402598.600  3402704.600  3403520.600
   775:  3403702.600  3404157.600  3404431.600  3404548.600  3404562.600
   780:  3404570.600  3404659.600  3404707.600  3404781.600  3405095.600
   785:  3405276.600  3405328.600  3405502.600  3405524.600  3405605.600
   790:  3405806.600  3405848.600  3405891.600  3405908.600  3405917.600
   795:  3406026.600  3406068.600  3406486.600  3406555.600  3406668.600
   800:  3407033.600  3407064.600  3407160.600  3407165.600  3407181.600
   805:  3407223.600  3407271.600  3407330.600  3407433.600  3408223.600
   810:  3408247.600  3408298.600  3408308.600  3410165.600  3410553.600
   815:  3410913.600  3411991.600  3412314.600  3412388.600  3412433.600
   820:  3412740.600  3412787.600  3412989.600  3413075.600  3413134.600
   825:  3413177.600  3413179.600  3413190.600  3413458.600  3413640.600
   830:  3413643.600  3413687.600  3413988.600  3414000.600  3414012.600
   835:  3414099.600  3414586.600  3414847.600  3414874.600  3415283.600
   840:  3415466.600  3415499.600  3415547.600  3415569.600  3415678.600
   845:  3415892.600  3416140.600  3416374.600  3416392.600  3416409.600
   850:  3416428.600  3416487.600  3416510.600  3416565.600  3416598.600
   855:  3416627.600  3416870.600  3417195.600  3417232.600  3417354.600
   860:  3417383.600  3417426.600  3417578.600  3417622.600  3417754.600
   865:  3417795.600  3417817.600  3417885.600  3417916.600  3418036.600
   870:  3418044.600  3418259.600  3418577.600  3418616.600  3418706.600
   875:  3418724.600  3418762.600  3418970.600  3419308.600  3419377.600
   880:  3419432.600  3419569.600  3419649.600  3419659.600  3419696.600
   885:  3419732.600  3419767.600  3419785.600  3419861.600  3419901.600
   890:  3419956.600  3420949.600  3421056.600  3421123.600  3421166.600
   895:  3421232.600  3421641.600  3421680.600  3422042.600  3422077.600
   900:  3422328.600  3422420.600  3422625.600  3422649.600  3422691.600
   905:  3422699.600  3426625.600  3426888.600  3426987.600  3427007.600
   910:  3427314.600  3427330.600  3427776.600  3427787.600  3427820.600
   915:  3427859.600  3428034.600  3428082.600  3428124.600  3428132.600
   920:  3428133.600  3428140.600  3428150.600  3428210.600  3428242.600
   925:  3428376.600  3428421.600  3428689.600  3428752.600  3428838.600
   930:  3428846.600  3429218.600  3429247.600  3429256.600  3429452.600
   935:  3429464.600  3429487.600  3429516.600  3429546.600  3429842.600
   940:  3429889.600  3430123.600  3430201.600  3430310.600  3430346.600
   945:  3430363.600  3430717.600  3430732.600  3430946.600  3431303.600
   950:  3431455.600  3431461.600  3431911.600  3435187.600  3435877.600
   955:  3437542.600  3437554.600  3438418.600  3442749.600  3442898.600
   960:  3443183.600  3443234.600  3443264.600  3443438.600  3443658.600
   965:  3443919.600  3443986.600  3443991.600  3451168.600  3451194.600
   970:  3451458.600  3451484.600  3451527.600  3451571.600  3478357.600
   975:  3478653.600  3478728.600  3574967.600  4035287.600  4299563.600
   980:  4311025.600  4311585.600  4311654.600  4311796.600  4311854.600
   985:  4311925.600  4311949.600  4321704.999
E:
     0:        5.200       16.300       28.800       43.200       59.900
     5:       80.100      105.300      139.300      191.600      330.300
F:
     0:        0.000        0.000        0.000        0.000        0.000
     5:        0.000
L:
     0:       99.000      143.000      222.000      136.000
M:
     0:        0.000        0.000        0.000        0.000        0.000
     5:        0.000
