File: C:\MED-PC IV\DATA\!2023-02-23_18h49m.Subject DF23


Start Date: 02/23/23
End Date: 02/24/23
Subject: DF23
Experiment: delayed_acquisition
Group: 1
Box: 3
Start Time: 18:49:05
End Time:  7:11:28
MSN: Delayed_AcquisitionYoked2_w_magmacro
G:       0.000
H:       0.000
I:       0.000
J:       0.000
K:       0.000
N:       0.000
O:       0.000
P:       0.000
Q:       0.000
R:       0.000
S:       0.000
T:       0.000
U:       0.000
V:       0.000
W:       0.000
X:       2.000
Y:       0.000
Z:       0.000
A:
     0:        2.000       60.000  4320000.000        1.000        0.000
     5:        1.000    96000.000        1.000       10.000        0.000
    10:        0.000        0.000        0.000        0.000        0.000
    15:        0.000        0.000        0.000        0.000        0.000
    20:        0.000        0.000        0.000        0.000        0.000
    25:        0.000        0.000        0.000        0.000        0.000
    30:        0.000        0.000        0.000        0.000        0.000
    35:        0.000        0.000        0.000        0.000        0.000
    40:        0.000        0.000        0.000        0.000        0.000
    45:        0.000        0.000        0.000        0.000        0.000
    50:        0.000        0.000        0.000        0.000        0.000
    55:        0.000        0.000        0.000        0.000        0.000
    60:        0.000        0.000        0.000        0.000        0.000
    65:        0.000        0.000        0.000        0.000        0.000
    70:        0.000        0.000        0.000        0.000        0.000
    75:        0.000        0.000        0.000        0.000        0.000
    80:        0.000        0.000        0.000        0.000        0.000
    85:        0.000        0.000        0.000        0.000        0.000
    90:        0.000        0.000        0.000        0.000        0.000
    95:        0.000        0.000        0.000        0.000        0.000
   100:        0.000
B:
     0:  4320000.000  4325964.000        1.000        9.000        0.000
     5:        0.000        0.000       14.000     2171.000     2837.000
    10:        0.000     2022.000       16.000       12.000      622.000
    15:        0.000       14.000        0.000        0.000        0.000
    20:        0.000        0.000        0.000        0.000        0.000
    25:        0.000        0.000        0.000        0.000        0.000
    30:        1.003        0.000        0.000      140.000        0.000
    35:        0.000        0.000        0.000        0.000        0.000
    40:        0.000        0.000        0.000        0.000        0.000
    45:        0.000        0.000        0.000        0.000        0.000
    50:        0.000        0.000        0.000        0.000        0.000
    55:        0.000        0.000        0.000        0.000        0.000
    60:        0.000        0.000        0.000        0.000        0.000
    65:        0.000        0.000        0.000        0.000        0.000
    70:        0.000        0.000        0.000        0.000        0.000
    75:        0.000        0.000        0.000        0.000        0.000
    80:        0.000        0.000        0.000        0.000        0.000
    85:        0.000        0.000        0.000        0.000        0.000
    90:        0.000        0.000        0.000        0.000        0.000
    95:        0.000        0.000        0.000        0.000        0.000
   100:        0.000
C:
     0:     4793.300     4800.300   101455.200   101455.200   101455.200
     5:   101455.200   101455.200   101455.200   101455.200   101455.200
    10:   101455.200   101455.200   106522.300   107294.300   107301.300
    15:   108398.300   109051.300   109064.300   111536.300   111545.300
    20:   111690.300   111700.300   111710.300   111714.300   111716.300
    25:   111763.300   111869.300   112474.300   112658.300   112694.300
    30:   113206.300   113275.300   113476.300   113726.300   114238.300
    35:   114251.300   114308.300   114358.300   114746.300   115036.300
    40:   115402.300   115422.300   115435.300   115454.300   115589.300
    45:   115686.300   117659.300   117957.300   118170.300   118183.300
    50:   118500.300   118504.300   119435.300   120393.300   120533.300
    55:   120606.300   135980.300   136324.300   136572.300   136892.300
    60:   143156.300   143262.300   143361.300   144515.300   148382.300
    65:   148414.300   151606.300   152919.300   152955.300   153039.300
    70:   153094.300   153355.300   157806.300   159054.300   159080.300
    75:   159363.300   159638.300   159673.300   177402.300   177420.300
    80:   177568.300   177577.300   177715.300   177766.300   177772.300
    85:   177846.300   177851.300   178251.300   181443.300   181515.300
    90:   181534.300   181576.300   181966.300   182052.300   182280.300
    95:   186197.300   186781.300   187244.300   191097.300   191396.300
   100:   191603.300   191688.300   191694.300   192278.300   192405.300
   105:   192426.300   192442.300   193014.300   193027.300   193433.300
   110:   193663.300   194186.300   194974.300   195008.300   195140.300
   115:   195257.300   195437.300   195441.300   195454.300   195913.300
   120:   196052.300   196121.300   196227.300   196484.300   196508.300
   125:   196516.300   196575.300   196829.300   196841.300   196876.300
   130:   196901.300   197011.300   197135.300   197414.300   197467.300
   135:   198260.300   198411.300   199333.300   201194.300   201258.300
   140:   201508.300   201539.300   201585.300   201641.300   202262.300
   145:   202271.300   202284.300   202538.300   202820.300   202829.300
   150:   202996.300   203099.300   203407.300   204067.300   204253.300
   155:   204443.300   204448.300   205250.300   205866.300   205875.300
   160:   205893.300   206070.100   206906.300   207102.300   207150.300
   165:   207184.300   207226.300   207234.300   207297.300   207441.300
   170:   207600.300   207608.300   208629.300   210839.300   211106.300
   175:   211113.300   215134.300   215538.300   215665.300   216204.300
   180:   216364.300   216476.300   218275.300   218518.300   218967.300
   185:   218999.300   219039.300   219275.300   219613.300   220249.300
   190:   221815.300   222029.300   223080.300   223102.300   223116.300
   195:   227442.300   227630.300   228166.300   228205.300   228554.300
   200:   228670.300   228732.300   249676.300   249798.300   249964.300
   205:   250208.300   250507.300   251640.300   253250.300   253253.300
   210:   255421.300   257480.300   257612.300   257671.300   257840.300
   215:   258643.300   259887.300   260457.300   261231.300   261292.300
   220:   262530.300   262690.300   263120.300   263979.300   264124.300
   225:   264219.300   264232.300   264496.300   264510.300   264745.300
   230:   264757.300   265153.300   265156.300   265358.300   265434.300
   235:   266179.300   266934.300   266941.300   267608.300   268171.300
   240:   268203.300   268407.300   268420.300   268489.300   269277.300
   245:   269540.300   269632.300   271614.300   273704.300   278835.300
   250:   278956.300   278982.300   278991.300   279149.300   279427.300
   255:   279462.300   279515.300   279620.300   279638.300   280455.300
   260:   287819.300   288011.300   289108.300   289400.300   289471.300
   265:   289480.300   297885.300   297982.300   307129.300   309035.300
   270:   309383.300   309391.300   309926.300   310041.300   310163.300
   275:   313025.300   328300.300   329657.300   329683.300   329724.300
   280:   330496.300   331505.300   331609.300   331620.300   331644.300
   285:   331756.300   331806.300   331846.300   331856.300   331984.300
   290:   331992.300   332003.300   332012.300   332226.300   374637.300
   295:   382003.300   388541.300   388722.300   391147.300   504537.200
   300:   504537.200   504537.200   504537.200   504537.200   504537.200
   305:   504537.200   504537.200   504537.200   504537.200   506128.300
   310:   506219.300   506262.300   506278.300   506309.300   506352.300
   315:   507843.300   507896.300   507983.300   508005.300   508046.300
   320:   508059.300   508112.300   508121.300   508133.300   508192.300
   325:   508217.300   508256.300   508276.300   508284.300   508340.300
   330:   508362.300   508431.300   508444.300   508514.300   508564.300
   335:   508577.300   508606.300   508634.300   508689.300   508792.300
   340:   511227.300   511239.300   511401.300   511411.300   511439.300
   345:   511515.300   511552.300   511713.300   511719.300   511841.300
   350:   511864.300   512092.300   512428.300   512757.300   512767.300
   355:   512916.300   512932.300   513714.300   513796.300   514588.300
   360:   514975.300   514979.300   515004.300   515220.300   516527.300
   365:   517012.300   517237.300   517610.300   518746.300   519020.300
   370:   519026.300   519494.300   519594.300   519669.300   520057.300
   375:   520076.300   522729.300   523102.300   523464.300   526324.300
   380:   526589.300   531601.300   531681.300   533606.300   533915.300
   385:   534094.300   534148.300   535325.300   535423.300   542916.300
   390:   543872.300   543878.300   544032.300   544399.300   549328.300
   395:   550955.300   552382.300   552424.300   553537.300   553907.300
   400:   554608.300   556149.300   556171.300   559464.300   559502.300
   405:   559724.300   560744.300   562917.300   563129.300   566424.300
   410:   566438.300   569440.300   569804.300   569824.300   569881.300
   415:   569893.300   571643.300   572388.300   574173.300   574379.300
   420:   574517.300   574871.300   575294.300   576147.300   576255.300
   425:   577432.300   578239.300   581259.300   582479.300   582714.300
   430:   583011.300   583025.300   583342.300   584870.300   585373.100
   435:   585474.100   585533.100   585773.300   585958.300   587814.300
   440:   588840.300   590474.300   590483.300   590646.300   590869.300
   445:   599460.300   602064.300   602956.300   606194.300   607440.300
   450:   623103.300   624564.300   626878.300   627081.300   628287.300
   455:   628445.300   629438.300   631218.300   631286.300   633831.300
   460:   633979.300   634045.300   634064.300   634115.300   634489.300
   465:   634622.300   634933.300   634948.300   634957.300   634964.300
   470:   635078.300   635116.300   635169.300   635361.300   635573.300
   475:   635890.300   640307.300   642741.300   644352.300   648699.300
   480:   649574.300   650962.300   650979.300   651561.300   651757.300
   485:   651784.300   651793.300   653136.300   653568.300   653900.300
   490:   654099.300   654970.300   655715.300   655724.300   656061.300
   495:   656103.300   656354.300   656491.300   656511.300   656571.300
   500:   657408.300   658932.300   659022.300   662164.300   662544.300
   505:   663356.300   663498.300   663944.300   664117.300   664357.300
   510:   665123.300   665281.300   665345.300   667050.300   667234.300
   515:   667604.300   668123.300   668822.300   670442.300   670951.300
   520:   674020.300   674221.300   674830.300   676127.300   676134.300
   525:   678179.300   678508.300   679866.300   680771.300   681304.300
   530:   681433.300   682315.300   685126.300   686390.300   687148.300
   535:   687154.300   687667.300   687672.300   689316.100   690533.300
   540:   691133.300   691547.300   693652.300   693863.300   693958.300
   545:   693994.300   694053.300   694090.300   694122.300   694170.300
   550:   694202.300   694316.300   694974.300   697613.300   698043.300
   555:   698131.300   698175.300   698213.300   698246.300   698298.300
   560:   698481.300   698595.300   701497.300   701603.300   701608.300
   565:   702562.300   702581.300   711278.300   712662.300   712706.300
   570:   718392.300   719058.300   719266.300   720468.300   720481.300
   575:   720493.300   720560.300   720574.300   720606.300   725512.300
   580:   725886.300   725989.300   726021.300   726463.100   729613.300
   585:   729973.100   735926.300   736953.300   740858.300   741812.300
   590:   742181.300   742452.300   743440.300   760677.300   760688.300
   595:   760938.300   763525.300   763643.300   764619.300   765399.300
   600:   766201.300   767848.300   767897.300   768163.300   768171.300
   605:   768196.300   768204.300   777742.300   778853.300   778920.300
   610:   793122.300   793185.300   793241.300   793296.300   793353.300
   615:   800036.300   800097.300   800254.300   802312.300   802710.300
   620:   803824.300   805027.300   808102.300   808420.300   810816.300
   625:   811745.300   811757.300   811856.300   811884.300   813167.300
   630:   816390.300   816397.300   816471.300   816476.300   816516.300
   635:   816534.300   818174.300   818222.300   818761.300   819201.300
   640:   819569.300   821316.300   822175.300   824207.300   824698.300
   645:   825923.300   829592.300   830340.300   830728.300   830856.300
   650:   830867.300   830879.300   831437.300   842410.300   842531.300
   655:   844568.300   848948.300   850081.300   850091.300   850112.300
   660:   850252.300   853282.300   853290.300   853697.300   854817.300
   665:   867027.300   867338.300   867401.300   867877.300   869410.300
   670:   869945.300   874394.300   874536.300   875344.300   875876.300
   675:   876185.300   882698.300   883281.300   883333.300   883350.300
   680:   883416.300   888987.300   889303.300   889490.300   889528.300
   685:   890155.300   895943.300   896405.300   902795.300   906710.300
   690:   909871.300   909929.300   910976.300   911895.300   912531.300
   695:   913433.300   917864.300   917988.300   918008.300   918017.300
   700:   918080.300   918086.300   918495.300   923313.300   923327.300
   705:   923339.300   924183.300   928223.300   928263.300   928405.300
   710:   929457.300   930002.300   930503.300   935077.300   935273.300
   715:   935275.300   936401.300   938822.300   939040.300   939074.300
   720:   939506.300   939590.300   940076.300   940370.300   940513.300
   725:   940628.300   940699.300   940802.300   940844.300   940850.300
   730:   940863.300  1038482.200  1038482.200  1038482.200  1038482.200
   735:  1038482.200  1038482.200  1038482.200  1038482.200  1038482.200
   740:  1038482.200  1041003.300  1041028.300  1041055.300  1041138.300
   745:  1041174.300  1041195.300  1041207.300  1041292.300  1041349.300
   750:  1041371.300  1041394.300  1041442.300  1041489.300  1041509.300
   755:  1041595.300  1041673.300  1041712.300  1045346.300  1045370.300
   760:  1045926.300  1045930.300  1045964.300  1045976.300  1046007.300
   765:  1046024.300  1046035.300  1046055.300  1046208.300  1046843.300
   770:  1046866.300  1046870.300  1046892.300  1047112.300  1047121.300
   775:  1047171.300  1047521.300  1047530.300  1052116.300  1052800.300
   780:  1052828.300  1052861.300  1052986.300  1053056.300  1053134.300
   785:  1055672.300  1055681.300  1057212.300  1059634.300  1059640.300
   790:  1060190.300  1060726.300  1060794.300  1064587.300  1066370.300
   795:  1067522.300  1067528.300  1067612.300  1067804.300  1067840.300
   800:  1067902.300  1068261.300  1068859.300  1068873.300  1068950.300
   805:  1069006.300  1073686.300  1073846.300  1074878.300  1074888.300
   810:  1077097.300  1077654.300  1077732.300  1077737.300  1077804.300
   815:  1077822.300  1078359.300  1078465.300  1078559.300  1084887.300
   820:  1084987.300  1085225.300  1085268.300  1086316.300  1092143.300
   825:  1092183.300  1097793.300  1107224.300  1111575.300  1116123.300
   830:  1117112.300  1138543.300  1143911.300  1143972.300  1146049.300
   835:  1146099.300  1146144.300  1243630.200  1243630.200  1243630.200
   840:  1243630.200  1243630.200  1243630.200  1243630.200  1243630.200
   845:  1243630.200  1243630.200  1246648.300  1246820.300  1246942.300
   850:  1247173.300  1247483.300  1247492.300  1247541.300  1247629.300
   855:  1247661.300  1247676.300  1248007.300  1248398.300  1248415.300
   860:  1248458.300  1248469.300  1248480.300  1248503.300  1248852.300
   865:  1251392.300  1251681.300  1251730.300  1251737.300  1252355.300
   870:  1252524.300  1254766.300  1254783.300  1254914.300  1260177.300
   875:  1268415.300  1272971.300  1273020.300  1273099.300  1273144.300
   880:  1278037.300  1289146.300  1291907.300  1292913.300  1299674.300
   885:  1299779.300  1318136.300  1322486.300  1323067.300  1323134.300
   890:  1323571.300  1323863.300  1348157.300  1351927.300  1352062.300
   895:  1352113.300  1352168.300  1362890.300  1363514.300  1366020.300
   900:  1366142.300  1367685.300  1367704.300  1374767.300  1381874.300
   905:  1382340.300  1386712.300  1387111.300  1387563.300  1387610.300
   910:  1387737.300  1387891.300  1390745.300  1391007.300  1391653.300
   915:  1393107.300  1393796.300  1393994.300  1395313.300  1398715.300
   920:  1399983.300  1402427.300  1407098.300  1408731.300  1408928.300
   925:  1409094.300  1434507.300  1435396.300  1435751.300  1435973.300
   930:  1443920.300  1445994.300  1446110.300  1448303.300  1448413.300
   935:  1448473.300  1448576.300  1448597.300  1449203.300  1449387.300
   940:  1449390.300  1449424.300  1449484.300  1450017.300  1450701.300
   945:  1450772.300  1450826.300  1450891.300  1450909.300  1451324.300
   950:  1453172.300  1549193.200  1549193.200  1549193.200  1549193.200
   955:  1549193.200  1549193.200  1549193.200  1549193.200  1549193.200
   960:  1549193.200  1551074.300  1551394.300  1551570.300  1551942.300
   965:  1552193.300  1552279.300  1552354.300  1552368.300  1552426.300
   970:  1552603.300  1552705.300  1552734.300  1552782.300  1552789.300
   975:  1552845.300  1552872.300  1553117.300  1553830.300  1553844.300
   980:  1554067.300  1554318.300  1555570.300  1556025.300  1556502.300
   985:  1556953.300  1557074.300  1557409.300  1560279.300  1562224.300
   990:  1563087.300  1564482.300  1565262.300  1565389.300  1566513.300
   995:  1569700.300  1569916.300  1572668.300  1572775.300  1576216.300
  1000:  1576313.300  1580818.300  1581502.300  1581634.300  1581802.300
  1005:  1582083.300  1582125.300  1582273.300  1582406.300  1582442.300
  1010:  1583392.300  1583430.300  1584218.300  1587454.300  1588131.300
  1015:  1588349.300  1588519.300  1588574.300  1588587.300  1588722.300
  1020:  1602864.300  1603356.300  1605307.300  1605497.300  1605507.300
  1025:  1605516.300  1605833.300  1605847.300  1605997.300  1608110.300
  1030:  1609722.300  1610058.300  1615207.300  1616212.300  1617441.300
  1035:  1624475.300  1626416.300  1629507.300  1629547.300  1630501.300
  1040:  1632650.300  1633199.300  1634904.300  1644017.300  1646107.300
  1045:  1646829.300  1651128.300  1651225.300  1653417.300  1653522.300
  1050:  1655177.300  1661220.300  1662580.300  1663267.300  1663695.300
  1055:  1663773.300  1663934.300  1663951.300  1663958.300  1663983.300
  1060:  1664114.300  1678253.300  1690524.300  1692036.300  1697393.300
  1065:  1698546.300  1698548.300  1699878.300  1699959.300  1707514.300
  1070:  1707668.300  1707702.300  1708277.300  1708414.300  1710601.300
  1075:  1715651.300  1721082.300  1724794.300  1725620.300  1728012.300
  1080:  1728128.300  1728207.300  1728223.300  1729611.300  1730967.300
  1085:  1732704.300  1734812.300  1736644.300  1737290.300  1738024.300
  1090:  1741195.300  1741537.300  1743242.300  1746559.300  1746870.300
  1095:  1843865.200  1843865.200  1843865.200  1843865.200  1843865.200
  1100:  1843865.200  1843865.200  1843865.200  1843865.200  1843865.200
  1105:  1844293.300  1847401.300  1847432.300  1847502.300  1847518.300
  1110:  1847548.300  1847647.300  1847680.300  1847690.300  1847716.300
  1115:  1847748.300  1847782.300  1847806.300  1847836.300  1847862.300
  1120:  1847988.300  1847997.300  1848062.300  1848084.300  1848103.300
  1125:  1848126.300  1848130.300  1848145.300  1848196.300  1848790.300
  1130:  1848809.300  1848821.300  1850071.300  1851382.300  1851455.300
  1135:  1851814.300  1852704.300  1854614.300  1854684.300  1957852.200
  1140:  1957852.200  1957852.200  1957852.200  1957852.200  1957852.200
  1145:  1957852.200  1957852.200  1957852.200  1957852.200  1960295.300
  1150:  1960348.300  1960360.300  1960398.300  1960411.300  1960427.300
  1155:  1960455.300  1960542.300  1960610.300  1960652.300  1960874.300
  1160:  1961124.300  1961377.300  1961404.300  1962062.300  1962331.300
  1165:  1964192.300  1964351.300  1964425.300  1966815.300  1967724.300
  1170:  1968193.300  1968433.300  1969116.300  1969154.300  1969585.300
  1175:  1973021.300  1979325.300  1982632.300  1982863.300  1983571.300
  1180:  1986691.300  1988357.300  1989045.300  1989800.300  1991088.300
  1185:  1993805.300  2094642.200  2094642.200  2094642.200  2094642.200
  1190:  2094642.200  2094642.200  2094642.200  2094642.200  2094642.200
  1195:  2094642.200  2097322.300  2097329.300  2097353.300  2097414.300
  1200:  2097591.300  2097839.300  2098032.300  2098339.300  2100162.300
  1205:  2100372.300  2100427.300  2100850.300  2100867.300  2100927.300
  1210:  2101875.300  2102523.300  2105566.300  2105581.300  2106907.300
  1215:  2107126.300  2109661.300  2114243.300  2117198.300  2120760.300
  1220:  2127880.300  2229707.200  2229707.200  2229707.200  2229707.200
  1225:  2229707.200  2229707.200  2229707.200  2229707.200  2229707.200
  1230:  2229707.200  2229746.300  2229844.300  2229928.300  2230106.300
  1235:  2230140.300  2230188.300  2230245.300  2230681.300  2230708.300
  1240:  2230729.300  2230742.300  2230752.300  2230761.300  2230779.300
  1245:  2230813.300  2230833.300  2230860.300  2230966.300  2231025.300
  1250:  2231093.300  2231107.300  2231117.300  2231124.300  2231164.300
  1255:  2231241.300  2231261.300  2231282.300  2231411.300  2231428.300
  1260:  2231488.300  2231541.300  2231586.300  2233641.300  2233759.300
  1265:  2240683.300  2241418.300  2241530.300  2241559.300  2241706.300
  1270:  2241738.300  2241748.300  2242124.300  2244697.300  2245472.300
  1275:  2247504.300  2252617.300  2252719.300  2253821.300  2260163.300
  1280:  2260458.300  2269558.300  2271811.300  2271832.300  2276889.300
  1285:  2278412.300  2280376.300  2281097.300  2281170.300  2285017.300
  1290:  2288551.300  2288569.300  2291079.300  2292464.300  2311318.300
  1295:  2320003.300  2326812.300  2327190.300  2327823.300  2328209.300
  1300:  2332962.300  2333009.300  2333030.300  2336291.300  2337045.300
  1305:  2344466.300  2344546.300  2347356.300  2348347.300  2349747.300
  1310:  2349891.300  2352507.300  2352605.300  2358910.300  2360089.300
  1315:  2362644.300  2362673.300  2362702.300  2362921.300  2371173.300
  1320:  2375536.300  2482663.200  2482663.200  2482663.200  2482663.200
  1325:  2482663.200  2482663.200  2482663.200  2482663.200  2482663.200
  1330:  2482663.200  2485112.300  2485209.300  2485256.300  2485283.300
  1335:  2485301.300  2485320.300  2485447.300  2485539.300  2485606.300
  1340:  2485626.300  2485655.300  2485688.300  2485699.300  2485701.300
  1345:  2485715.300  2485732.300  2485741.300  2485757.300  2485785.300
  1350:  2485858.300  2488768.300  2488776.300  2488786.300  2488805.300
  1355:  2488819.300  2488892.300  2489010.300  2489082.300  2489089.300
  1360:  2489101.300  2489129.300  2489135.300  2489156.300  2490489.300
  1365:  2490513.300  2490748.300  2491733.300  2492566.300  2493354.300
  1370:  2493777.300  2493816.300  2493850.300  2495405.300  2496305.300
  1375:  2496324.300  2496349.300  2496540.300  2496647.300  2496811.300
  1380:  2496818.300  2497061.300  2497238.300  2499239.300  2500844.300
  1385:  2505554.300  2505584.300  2506320.300  2506341.300  2507918.300
  1390:  2508012.300  2508456.300  2508567.300  2508794.300  2508854.300
  1395:  2509041.300  2509752.300  2511518.300  2511720.300  2511884.300
  1400:  2511898.300  2511913.300  2511942.300  2511953.300  2511961.300
  1405:  2511978.300  2513347.300  2513354.300  2515150.300  2515163.300
  1410:  2515240.300  2515497.300  2515524.300  2611544.200  2611544.200
  1415:  2611544.200  2611544.200  2611544.200  2611544.200  2611544.200
  1420:  2611544.200  2611544.200  2611544.200  2613479.300  2613659.300
  1425:  2613669.300  2614813.300  2614899.300  2615022.300  2615056.300
  1430:  2615069.300  2615089.300  2615134.300  2615150.300  2615174.300
  1435:  2615183.300  2615205.300  2615236.300  2615259.300  2615375.300
  1440:  2615387.300  2615448.300  2615524.300  2615925.300  2615941.300
  1445:  2616223.300  2616250.300  2617446.300  2618389.300  2618396.300
  1450:  2618998.300  2620226.300  2621932.300  2625658.300  2625889.300
  1455:  2627841.300  2627903.300  2632013.300  2632223.300  2633769.300
  1460:  2640370.300  2640507.300  2640944.300  2647777.300  2648125.300
  1465:  2649993.300  2650058.300  2650474.300  2650614.300  2650710.300
  1470:  2652226.300  2652231.300  2652253.300  2652874.300  2652899.300
  1475:  2652998.300  2653171.300  2653209.300  2655384.300  2656782.300
  1480:  2656846.300  2657031.300  2660837.300  2665432.300  2675602.300
  1485:  2675610.300  2676395.300  2679245.300  2679730.300  2680466.300
  1490:  2680499.300  2680615.300  2680839.300  2682592.300  2683050.300
  1495:  2687800.300  2689494.300  2689708.300  2694745.300  2694971.300
  1500:  2695469.300  2700144.300  2700930.300  2702382.300  2702514.300
  1505:  2702641.300  2702824.300  2707213.300  2708426.300  2711204.300
  1510:  2712430.300  2717152.300  2718103.300  2718168.300  2719513.300
  1515:  2719544.300  2719562.300  2720007.300  2720113.300  2720927.300
  1520:  2721148.300  2721985.300  2722010.300  2722045.300  2724873.300
  1525:  2725597.300  2736642.300  2736841.300  2737000.300  2737053.300
  1530:  2738176.300  2738502.300  2739158.300  2751120.300  2751354.300
  1535:  2751478.300  2751597.300  2759203.300  2759246.300  2759279.300
  1540:  2761573.300  2763193.300  2763306.300  2767789.300  2767909.300
  1545:  2768930.300  2773108.300  2773786.300  2776008.300  2782303.300
  1550:  2783032.300  2783172.300  2783207.300  2783232.300  2783403.300
  1555:  2783508.300  2783535.300  2783647.300  2783660.300  2783677.300
  1560:  2783822.300  2789047.300  2789123.300  2790004.300  2796080.300
  1565:  2811558.300  2814821.300  2826200.300  2826333.300  2826682.300
  1570:  2827124.300  2827332.300  2827505.300  2827513.300  2827582.300
  1575:  2827628.300  2837688.300  2838172.300  2839270.300  2844470.300
  1580:  2844814.300  2846338.300  2847052.300  2847078.300  2847193.300
  1585:  2847292.300  2847357.300  2849958.300  2849990.300  2849995.300
  1590:  2850005.300  2851644.300  2853643.300  2853744.300  2853991.300
  1595:  2854004.300  2854077.300  2854149.300  2854210.300  2854307.300
  1600:  2854448.300  2854456.300  2854507.300  2854540.300  2860192.300
  1605:  2860947.300  2870487.300  2870529.300  2970418.200  2970418.200
  1610:  2970418.200  2970418.200  2970418.200  2970418.200  2970418.200
  1615:  2970418.200  2970418.200  2970418.200  2974636.300  2974795.300
  1620:  2974871.300  2975112.300  2975129.300  2975699.300  2977690.300
  1625:  2977708.300  2978212.300  2978276.300  2979275.300  2979321.300
  1630:  2979349.300  2979364.300  2979461.300  2979494.300  2979777.300
  1635:  2981464.300  2981469.300  2987135.300  2987530.300  2987819.300
  1640:  2987835.300  2987969.300  2991761.300  2991831.300  3013340.300
  1645:  3013759.300  3014017.300  3014161.300  3015488.300  3015499.300
  1650:  3016040.300  3020650.300  3041438.300  3044869.300  3053595.300
  1655:  3055638.300  3055972.300  3057044.300  3057768.300  3058150.300
  1660:  3065013.300  3065147.300  3072963.300  3074571.300  3077051.300
  1665:  3077087.300  3081903.300  3087744.300  3087782.300  3089899.300
  1670:  3091280.300  3091358.300  3091393.300  3093302.300  3094805.300
  1675:  3099570.300  3100659.300  3102474.300  3106611.300  3108233.300
  1680:  3122600.300  3122793.300  3127173.300  3132443.300  3132555.300
  1685:  3132644.300  3132788.300  3135172.300  3141161.300  3141349.300
  1690:  3141365.300  3160481.300  3161069.300  3163129.300  3163909.300
  1695:  3164651.300  3166725.300  3167476.300  3167703.300  3167815.300
  1700:  3167822.300  3167983.300  3168491.300  3171776.300  3171832.300
  1705:  3171942.300  3172027.300  3182378.300  3182626.300  3183871.300
  1710:  3184883.300  3187837.300  3189658.300  3189806.300  3205240.300
  1715:  3205473.300  3210692.300  3212129.300  3214579.300  3214825.300
  1720:  3214934.300  3214954.300  3215060.300  3215081.300  3215095.300
  1725:  3215438.300  3215589.300  3217562.300  3232625.300  3234144.300
  1730:  3234169.300  3234444.300  3236085.300  3236089.300  3237244.300
  1735:  3237279.300  3237546.300  3237706.300  3237834.300  3238420.300
  1740:  3238452.300  3240593.300  3240917.300  3240980.300  3240995.300
  1745:  3243721.300  3245400.300  3254930.300  3256061.300  3262896.300
  1750:  3262944.300  3278825.300  3282409.300  3285920.300  3286929.300
  1755:  3288610.300  3290172.300  3292067.300  3292294.300  3292520.300
  1760:  3292725.300  3296558.300  3297161.300  3302201.300  3302328.300
  1765:  3304778.300  3308281.300  3308794.300  3308887.300  3313197.300
  1770:  3315901.300  3318887.300  3319132.300  3330045.300  3330106.300
  1775:  3330312.300  3334149.300  3334958.300  3335007.300  3335226.300
  1780:  3336267.300  3336308.300  3336338.300  3336388.300  3336511.300
  1785:  3336602.300  3343862.300  3343954.300  3344723.300  3344739.300
  1790:  3344777.300  3344792.300  3344795.300  3344816.300  3344820.300
  1795:  3345250.300  3345522.300  3345630.300  3351445.300  3351748.300
  1800:  3354642.300  3367308.300  3367478.300  3367536.300  3367617.300
  1805:  3367634.300  3368218.300  3368279.300  3368345.300  3368388.300
  1810:  3369560.300  3369752.300  3379745.300  3380091.300  3389760.300
  1815:  3390497.300  3390675.300  3390700.300  3397914.300  3410959.300
  1820:  3413484.300  3417457.300  3418546.300  3419540.300  3423263.300
  1825:  3423330.300  3423421.300  3423485.300  3423509.300  3423520.300
  1830:  3423556.300  3423716.300  3423797.300  3423932.300  3423957.300
  1835:  3424334.300  3424368.300  3424731.300  3424912.300  3425110.300
  1840:  3425643.300  3426092.300  3426295.300  3426307.300  3426407.300
  1845:  3426443.300  3429544.300  3431010.300  3431224.300  3431237.300
  1850:  3431301.300  3431492.300  3432149.300  3432186.300  3433014.300
  1855:  3433772.300  3434877.300  3441943.300  3448678.300  3450760.300
  1860:  3450865.300  3456256.300  3458172.300  3471083.300  3471340.300
  1865:  3471356.300  3473091.300  3473146.300  3473533.300  3473578.300
  1870:  3473638.300  3474317.300  3482502.300  3482515.300  3482581.300
  1875:  3482656.300  3486043.300  3486051.300  3494744.300  3494750.300
  1880:  3495361.300  3496740.300  3499251.300  3499594.300  3504618.300
  1885:  3505338.300  3505348.300  3511608.300  3511619.300  3512087.300
  1890:  3512827.100  3515044.300  3558040.300  3558792.300  3558935.300
  1895:  3558971.300  3563122.300  3563658.300  3563785.300  3563810.300
  1900:  3566385.300  3566889.300  3573666.300  3573823.300  3573879.300
  1905:  3576710.300  3576744.300  3576760.300  3576958.300  3580415.300
  1910:  3580427.300  3580485.300  3580645.300  3580657.300  3581397.300
  1915:  3581609.300  3581735.300  3581755.300  3581799.300  3581977.300
  1920:  3581986.300  3583634.300  3597365.300  3597788.300  3597948.300
  1925:  3616246.300  3616252.300  3617517.300  3618642.300  3721056.200
  1930:  3721056.200  3721056.200  3721056.200  3721056.200  3721056.200
  1935:  3721056.200  3721056.200  3721056.200  3721056.200  3727993.300
  1940:  3728326.300  3730783.300  3730977.300  3731118.300  3732660.300
  1945:  3736655.300  3736698.300  3736706.300  3739443.300  3740520.300
  1950:  3748112.300  3748443.300  3752233.300  3768032.300  3768047.300
  1955:  3768503.300  3771028.300  3771992.300  3772216.300  3772254.300
  1960:  3773089.300  3773751.300  3774174.300  3774252.300  3774268.300
  1965:  3775638.300  3776206.300  3776395.300  3776451.300  3776567.300
  1970:  3776828.300  3776855.300  3776864.300  3776894.300  3776898.300
  1975:  3777380.300  3777406.300  3777575.300  3778645.300  3778665.300
  1980:  3779172.300  3779182.300  3779245.300  3782078.300  3784990.300
  1985:  3785004.300  3785080.300  3786405.300  3786456.300  3886824.200
  1990:  3886824.200  3886824.200  3886824.200  3886824.200  3886824.200
  1995:  3886824.200  3886824.200  3886824.200  3886824.200  3890498.300
  2000:  3890514.300  3890531.300  3890551.300  3890567.300  3890618.300
  2005:  3890636.300  3890694.300  3890709.300  3890749.300  3890763.300
  2010:  3890780.300  3890919.300  3890932.300  3890937.300  3891651.300
  2015:  3891682.300  3891696.300  3891709.300  3891767.300  3891790.300
  2020:  3891863.300  3891870.300  3891880.300  3891904.300  3892491.300
  2025:  3892502.300  3892514.300  3892526.300  3892540.300  3892556.300
  2030:  3892859.300  3892875.300  3892878.300  3894189.300  3894343.300
  2035:  3894361.300  3894376.300  3894415.300  3894458.300  3894498.300
  2040:  3894601.300  3894607.300  3894634.300  3894660.300  3894739.300
  2045:  3894813.300  3894865.300  3894941.300  3894961.300  3894991.300
  2050:  3895003.300  3895056.300  3895125.300  3895206.300  3895851.300
  2055:  3895882.300  3897370.300  3897379.300  3897405.300  3897440.300
  2060:  3898041.300  3898128.300  3901259.300  3901724.300  3901740.300
  2065:  3901849.300  3905694.300  3905724.300  3906341.300  3906488.300
  2070:  3906538.300  3911216.300  3916253.300  3918679.300  3919617.300
  2075:  3923064.300  3923104.300  3929241.300  3929565.300  3931327.300
  2080:  3932164.300  3932407.300  3932628.300  3932791.300  3944523.300
  2085:  3944641.300  4031322.300  4031550.300  4031600.300  4031610.300
  2090:  4031647.300  4050701.300  4050848.300  4051609.300  4051674.300
  2095:  4051871.300  4056131.300  4056662.300  4056742.300  4057009.300
  2100:  4057101.300  4057203.300  4058404.300  4058937.100  4059291.300
  2105:  4059524.300  4059669.300  4059718.300  4059841.300  4059862.300
  2110:  4059927.300  4059933.300  4060335.300  4060556.300  4065034.300
  2115:  4065127.300  4065788.300  4065805.300  4066020.300  4066140.300
  2120:  4066182.300  4066295.300  4066333.300  4066357.300  4066968.300
  2125:  4067270.300  4067317.300  4067348.300  4070508.300  4070523.300
  2130:  4076188.300  4076350.300  4076674.300  4077580.300  4078604.300
  2135:  4078634.300  4078734.300  4080750.300  4080822.300  4080840.300
  2140:  4083958.300  4085399.300  4087357.300  4101291.300  4104028.300
  2145:  4112588.300  4127866.300  4128155.300  4161374.300  4161377.300
  2150:  4162520.300  4163112.300  4165531.300  4167401.300  4221190.300
  2155:  4233642.300  4233652.300  4236834.300  4236870.300  4236940.300
  2160:  4241808.300  4246093.300  4257191.300  4271442.300  4276722.300
  2165:  4278315.300  4278540.300  4288210.300  4288224.300  4304880.300
  2170:  4305347.300
D:
     0:        0.111     4793.600     4800.600    10343.250    10537.250
     5:    10711.250    11090.250    11177.250    11417.250    13706.650
    10:    13731.650    14820.650    14861.650    19203.650    19379.650
    15:    19387.650    19397.650    49042.650    49161.650    49405.650
    20:    50236.650    50255.650    50295.650    50328.650    50365.650
    25:    50372.650    50410.650    50679.650    51493.650    51534.650
    30:    52149.650    52153.650    52210.650    52228.650    52358.650
    35:    52616.650    52634.650    52669.650    52692.650    52769.650
    40:    52874.650    52895.650    52906.650    52917.650    53148.650
    45:    53625.650    53818.650    55392.650    55479.650    55848.650
    50:    56023.650    56112.650    56485.650    56492.650    56610.650
    55:    56639.650    56779.650    56925.650    57148.650    57232.650
    60:    57416.650    57549.650    57552.650    57816.650    57870.650
    65:    57958.650    58626.650    58693.650    58713.650    58752.650
    70:    59018.650    59036.650    59055.650    59068.650    59106.650
    75:    59478.650    75699.650    75808.650    77818.650    77828.650
    80:    82617.250    82842.650    83327.650    83730.650    87421.250
    85:   100935.650   101219.650   101233.650   101340.650   101345.650
    90:   101424.650   101455.400   101457.610   101500.410   101549.410
    95:   101594.410   101643.410   101688.410   101737.410   101782.410
   100:   101831.410   101876.410   101881.420   106948.600   107720.600
   105:   107727.600   108824.600   109477.600   109490.600   111962.600
   110:   111971.600   112116.600   112126.600   112136.600   112140.600
   115:   112142.600   112189.600   112295.600   112900.600   113084.600
   120:   113120.600   113632.600   113701.600   113902.600   114152.600
   125:   114664.600   114677.600   114734.600   114784.600   115172.600
   130:   115462.600   115828.600   115848.600   115861.600   115880.600
   135:   116015.600   116112.600   118085.600   118383.600   118596.600
   140:   118609.600   118926.600   118930.600   119861.600   120819.600
   145:   120959.600   121032.600   136406.600   136750.600   136998.600
   150:   137318.600   143582.600   143688.600   143787.600   144941.600
   155:   148808.600   148840.600   152032.600   153345.600   153381.600
   160:   153465.600   153520.600   153781.600   158232.600   159480.600
   165:   159506.600   159789.600   160064.600   160099.600   177828.600
   170:   177846.600   177994.600   178003.600   178141.600   178192.600
   175:   178198.600   178272.600   178277.600   178677.600   181869.600
   180:   181941.600   181960.600   182002.600   182392.600   182478.600
   185:   182706.600   186623.600   187207.600   187670.600   191523.600
   190:   191822.600   192029.600   192114.600   192120.600   192704.600
   195:   192831.600   192852.600   192868.600   193440.600   193453.600
   200:   193859.600   194089.600   194612.600   195400.600   195434.600
   205:   195566.600   195683.600   195863.600   195867.600   195880.600
   210:   196339.600   196478.600   196547.600   196653.600   196910.600
   215:   196934.600   196942.600   197001.600   197255.600   197267.600
   220:   197302.600   197327.600   197437.600   197561.600   197840.600
   225:   197893.600   198686.600   198837.600   199759.600   201620.600
   230:   201684.600   201934.600   201965.600   202011.600   202067.600
   235:   202688.600   202697.600   202710.600   202964.600   203246.600
   240:   203255.600   203422.600   203525.600   203833.600   204493.600
   245:   204679.600   204869.600   204874.600   205676.600   206292.600
   250:   206301.600   206319.600   206496.200   207332.600   207528.600
   255:   207576.600   207610.600   207652.600   207660.600   207723.600
   260:   207867.600   208026.600   208034.600   209055.600   211265.600
   265:   211532.600   211539.600   215560.600   215964.600   216091.600
   270:   216630.600   216790.600   216902.600   218701.600   218944.600
   275:   219393.600   219425.600   219465.600   219701.600   220039.600
   280:   220675.600   222241.600   222455.600   223506.600   223528.600
   285:   223542.600   227868.600   228056.600   228592.600   228631.600
   290:   228980.600   229096.600   229158.600   250102.600   250224.600
   295:   250390.600   250634.600   250933.600   252066.600   253676.600
   300:   253679.600   255847.600   257906.600   258038.600   258097.600
   305:   258266.600   259069.600   260313.600   260883.600   261657.600
   310:   261718.600   262956.600   263116.600   263546.600   264405.600
   315:   264550.600   264645.600   264658.600   264922.600   264936.600
   320:   265171.600   265183.600   265579.600   265582.600   265784.600
   325:   265860.600   266605.600   267360.600   267367.600   268034.600
   330:   268597.600   268629.600   268833.600   268846.600   268915.600
   335:   269703.600   269966.600   270058.600   272040.600   274130.600
   340:   279261.600   279382.600   279408.600   279417.600   279575.600
   345:   279853.600   279888.600   279941.600   280046.600   280064.600
   350:   280881.600   288245.600   288437.600   289534.600   289826.600
   355:   289897.600   289906.600   298311.600   298408.600   307555.600
   360:   309461.600   309809.600   309817.600   310352.600   310467.600
   365:   310589.600   313451.600   328726.600   330083.600   330109.600
   370:   330150.600   330922.600   331931.600   332035.600   332046.600
   375:   332070.600   332182.600   332232.600   332272.600   332282.600
   380:   332410.600   332418.600   332429.600   332438.600   332652.600
   385:   375063.600   382429.600   388967.600   389148.600   391573.600
   390:   426816.650   428445.650   434366.650   434555.650   435560.650
   395:   438590.650   438860.650   441488.650   441667.650   442613.650
   400:   442636.650   443076.650   473154.650   500770.650   500848.650
   405:   500926.650   504963.400   505008.410   505018.610   505057.410
   410:   505102.410   505151.410   505196.410   505245.410   505290.410
   415:   505339.410   505384.410   505389.420   506980.600   507071.600
   420:   507114.600   507130.600   507161.600   507204.600   508695.600
   425:   508748.600   508835.600   508857.600   508898.600   508911.600
   430:   508964.600   508973.600   508985.600   509044.600   509069.600
   435:   509108.600   509128.600   509136.600   509192.600   509214.600
   440:   509283.600   509296.600   509366.600   509416.600   509429.600
   445:   509458.600   509486.600   509541.600   509644.600   512079.600
   450:   512091.600   512253.600   512263.600   512291.600   512367.600
   455:   512404.600   512565.600   512571.600   512693.600   512716.600
   460:   512944.600   513280.600   513609.600   513619.600   513768.600
   465:   513784.600   514566.600   514648.600   515440.600   515827.600
   470:   515831.600   515856.600   516072.600   517379.600   517864.600
   475:   518089.600   518462.600   519598.600   519872.600   519878.600
   480:   520346.600   520446.600   520521.600   520909.600   520928.600
   485:   523581.600   523954.600   524316.600   527176.600   527441.600
   490:   532453.600   532533.600   534458.600   534767.600   534946.600
   495:   535000.600   536177.600   536275.600   543768.600   544724.600
   500:   544730.600   544884.600   545251.600   550180.600   551807.600
   505:   553234.600   553276.600   554389.600   554759.600   555460.600
   510:   557001.600   557023.600   560316.600   560354.600   560576.600
   515:   561596.600   563769.600   563981.600   567276.600   567290.600
   520:   570292.600   570656.600   570676.600   570733.600   570745.600
   525:   572495.600   573240.600   575025.600   575231.600   575369.600
   530:   575723.600   576146.600   576999.600   577107.600   578284.600
   535:   579091.600   582111.600   583331.600   583566.600   583863.600
   540:   583877.600   584194.600   585722.600   586225.200   586326.200
   545:   586385.200   586625.600   586810.600   588666.600   589692.600
   550:   591326.600   591335.600   591498.600   591721.600   600312.600
   555:   602916.600   603808.600   607046.600   608292.600   623955.600
   560:   625416.600   627730.600   627933.600   629139.600   629297.600
   565:   630290.600   632070.600   632138.600   634683.600   634831.600
   570:   634897.600   634916.600   634967.600   635341.600   635474.600
   575:   635785.600   635800.600   635809.600   635816.600   635930.600
   580:   635968.600   636021.600   636213.600   636425.600   636742.600
   585:   641159.600   643593.600   645204.600   649551.600   650426.600
   590:   651814.600   651831.600   652413.600   652609.600   652636.600
   595:   652645.600   653988.600   654420.600   654752.600   654951.600
   600:   655822.600   656567.600   656576.600   656913.600   656955.600
   605:   657206.600   657343.600   657363.600   657423.600   658260.600
   610:   659784.600   659874.600   663016.600   663396.600   664208.600
   615:   664350.600   664796.600   664969.600   665209.600   665975.600
   620:   666133.600   666197.600   667902.600   668086.600   668456.600
   625:   668975.600   669674.600   671294.600   671803.600   674872.600
   630:   675073.600   675682.600   676979.600   676986.600   679031.600
   635:   679360.600   680718.600   681623.600   682156.600   682285.600
   640:   683167.600   685978.600   687242.600   688000.600   688006.600
   645:   688519.600   688524.600   690168.200   691385.600   691985.600
   650:   692399.600   694504.600   694715.600   694810.600   694846.600
   655:   694905.600   694942.600   694974.600   695022.600   695054.600
   660:   695168.600   695826.600   698465.600   698895.600   698983.600
   665:   699027.600   699065.600   699098.600   699150.600   699333.600
   670:   699447.600   702349.600   702455.600   702460.600   703414.600
   675:   703433.600   712130.600   713514.600   713558.600   719244.600
   680:   719910.600   720118.600   721320.600   721333.600   721345.600
   685:   721412.600   721426.600   721458.600   726364.600   726738.600
   690:   726841.600   726873.600   727315.200   730465.600   730825.200
   695:   736778.600   737805.600   741710.600   742664.600   743033.600
   700:   743304.600   744292.600   761529.600   761540.600   761790.600
   705:   764377.600   764495.600   765471.600   766251.600   767053.600
   710:   768700.600   768749.600   769015.600   769023.600   769048.600
   715:   769056.600   778594.600   779705.600   779772.600   793974.600
   720:   794037.600   794093.600   794148.600   794205.600   800888.600
   725:   800949.600   801106.600   803164.600   803562.600   804676.600
   730:   805879.600   808954.600   809272.600   811668.600   812597.600
   735:   812609.600   812708.600   812736.600   814019.600   817242.600
   740:   817249.600   817323.600   817328.600   817368.600   817386.600
   745:   819026.600   819074.600   819613.600   820053.600   820421.600
   750:   822168.600   823027.600   825059.600   825550.600   826775.600
   755:   830444.600   831192.600   831580.600   831708.600   831719.600
   760:   831731.600   832289.600   843262.600   843383.600   845420.600
   765:   849800.600   850933.600   850943.600   850964.600   851104.600
   770:   854134.600   854142.600   854549.600   855669.600   867879.600
   775:   868190.600   868253.600   868729.600   870262.600   870797.600
   780:   875246.600   875388.600   876196.600   876728.600   877037.600
   785:   883550.600   884133.600   884185.600   884202.600   884268.600
   790:   889839.600   890155.600   890342.600   890380.600   891007.600
   795:   896795.600   897257.600   903647.600   907562.600   910723.600
   800:   910781.600   911828.600   912747.600   913383.600   914285.600
   805:   918716.600   918840.600   918860.600   918869.600   918932.600
   810:   918938.600   919347.600   924165.600   924179.600   924191.600
   815:   925035.600   929075.600   929115.600   929257.600   930309.600
   820:   930854.600   931355.600   935929.600   936125.600   936127.600
   825:   937253.600   939674.600   939892.600   939926.600   940358.600
   830:   940442.600   940928.600   941222.600   941365.600   941480.600
   835:   941551.600   941654.600   941696.600   941702.600   941715.600
   840:   948246.650   948548.650   948593.650   948648.650   948666.650
   845:   948685.650   948692.650   948726.650   948794.650   951936.650
   850:   954218.650   954272.650   961528.650   961578.650   987126.650
   855:   987146.650   987168.650   987218.650   990047.650   991096.650
   860:   991707.650   996037.650   996238.650   996276.650  1004936.650
   865:  1005482.650  1005592.650  1005604.650  1005728.650  1005735.650
   870:  1005885.650  1006028.650  1006073.650  1006121.650  1006138.650
   875:  1007702.650  1008173.650  1008445.650  1009089.650  1013347.650
   880:  1014702.650  1015492.650  1015667.650  1015699.650  1015729.650
   885:  1015799.650  1015810.650  1015875.650  1015890.650  1016001.650
   890:  1016104.650  1016592.650  1016688.650  1016703.650  1016939.650
   895:  1032452.650  1034704.650  1039334.400  1039379.410  1039428.410
   900:  1039473.410  1039522.410  1039527.610  1039533.610  1039567.410
   905:  1039616.410  1039661.410  1039710.410  1039755.410  1039760.420
   910:  1042281.600  1042306.600  1042333.600  1042416.600  1042452.600
   915:  1042473.600  1042485.600  1042570.600  1042627.600  1042649.600
   920:  1042672.600  1042720.600  1042767.600  1042787.600  1042873.600
   925:  1042951.600  1042990.600  1046624.600  1046648.600  1047204.600
   930:  1047208.600  1047242.600  1047254.600  1047285.600  1047302.600
   935:  1047313.600  1047333.600  1047486.600  1048121.600  1048144.600
   940:  1048148.600  1048170.600  1048390.600  1048399.600  1048449.600
   945:  1048799.600  1048808.600  1053394.600  1054078.600  1054106.600
   950:  1054139.600  1054264.600  1054334.600  1054412.600  1056950.600
   955:  1056959.600  1058490.600  1060912.600  1060918.600  1061468.600
   960:  1062004.600  1062072.600  1065865.600  1067648.600  1068800.600
   965:  1068806.600  1068890.600  1069082.600  1069118.600  1069180.600
   970:  1069539.600  1070137.600  1070151.600  1070228.600  1070284.600
   975:  1074964.600  1075124.600  1076156.600  1076166.600  1078375.600
   980:  1078932.600  1079010.600  1079015.600  1079082.600  1079100.600
   985:  1079637.600  1079743.600  1079837.600  1086165.600  1086265.600
   990:  1086503.600  1086546.600  1087594.600  1093421.600  1093461.600
   995:  1099071.600  1108502.600  1112853.600  1117401.600  1118390.600
  1000:  1139821.600  1145189.600  1145250.600  1147327.600  1147377.600
  1005:  1147422.600  1154464.650  1165462.650  1165483.650  1165708.650
  1010:  1168154.650  1170872.650  1171777.650  1177261.650  1177728.650
  1015:  1177809.650  1177958.650  1182703.650  1184298.650  1201291.650
  1020:  1201304.650  1201661.650  1202535.650  1202773.650  1206619.650
  1025:  1210666.650  1215749.650  1215878.650  1215888.650  1218133.650
  1030:  1218397.650  1223849.650  1225249.650  1225368.650  1227843.650
  1035:  1230747.650  1231168.650  1231215.650  1231436.650  1231553.650
  1040:  1231891.650  1231930.650  1236553.650  1242898.650  1244908.400
  1045:  1244953.410  1245002.410  1245047.410  1245096.410  1245117.610
  1050:  1245141.410  1245190.410  1245235.410  1245284.410  1245329.410
  1055:  1245334.420  1248352.600  1248524.600  1248646.600  1248877.600
  1060:  1249187.600  1249196.600  1249245.600  1249333.600  1249365.600
  1065:  1249380.600  1249711.600  1250102.600  1250119.600  1250162.600
  1070:  1250173.600  1250184.600  1250207.600  1250556.600  1253096.600
  1075:  1253385.600  1253434.600  1253441.600  1254059.600  1254228.600
  1080:  1256470.600  1256487.600  1256618.600  1261881.600  1270119.600
  1085:  1274675.600  1274724.600  1274803.600  1274848.600  1279741.600
  1090:  1290850.600  1293611.600  1294617.600  1301378.600  1301483.600
  1095:  1319840.600  1324190.600  1324771.600  1324838.600  1325275.600
  1100:  1325567.600  1349861.600  1353631.600  1353766.600  1353817.600
  1105:  1353872.600  1364594.600  1365218.600  1367724.600  1367846.600
  1110:  1369389.600  1369408.600  1376471.600  1383578.600  1384044.600
  1115:  1388416.600  1388815.600  1389267.600  1389314.600  1389441.600
  1120:  1389595.600  1392449.600  1392711.600  1393357.600  1394811.600
  1125:  1395500.600  1395698.600  1397017.600  1400419.600  1401687.600
  1130:  1404131.600  1408802.600  1410435.600  1410632.600  1410798.600
  1135:  1436211.600  1437100.600  1437455.600  1437677.600  1445624.600
  1140:  1447698.600  1447814.600  1450007.600  1450117.600  1450177.600
  1145:  1450280.600  1450301.600  1450907.600  1451091.600  1451094.600
  1150:  1451128.600  1451188.600  1451721.600  1452405.600  1452476.600
  1155:  1452530.600  1452595.600  1452613.600  1453028.600  1454876.600
  1160:  1454976.650  1455055.650  1455824.650  1455845.650  1455990.650
  1165:  1456070.650  1457253.650  1457363.650  1457385.650  1458784.650
  1170:  1458792.650  1466432.650  1467078.650  1467086.650  1467093.650
  1175:  1467197.650  1467206.650  1467265.650  1467272.650  1467275.650
  1180:  1467285.650  1467344.650  1467577.650  1467600.650  1468804.650
  1185:  1470658.650  1471502.650  1472888.650  1473601.650  1490535.650
  1190:  1490573.650  1494806.650  1494840.650  1495351.650  1498466.650
  1195:  1499408.650  1501686.650  1503678.250  1503904.250  1505036.250
  1200:  1505279.650  1505517.650  1506065.650  1510560.650  1510607.650
  1205:  1510798.650  1510900.650  1510927.650  1516087.650  1518175.650
  1210:  1518440.650  1518680.650  1519105.650  1527842.650  1528368.650
  1215:  1537677.650  1542975.650  1543087.650  1546361.650  1546372.650
  1220:  1546463.650  1548184.650  1550897.400  1550942.410  1550991.410
  1225:  1551005.610  1551036.410  1551085.410  1551130.410  1551179.410
  1230:  1551224.410  1551273.410  1551318.410  1551323.420  1553204.600
  1235:  1553524.600  1553700.600  1554072.600  1554323.600  1554409.600
  1240:  1554484.600  1554498.600  1554556.600  1554733.600  1554835.600
  1245:  1554864.600  1554912.600  1554919.600  1554975.600  1555002.600
  1250:  1555247.600  1555960.600  1555974.600  1556197.600  1556448.600
  1255:  1557700.600  1558155.600  1558632.600  1559083.600  1559204.600
  1260:  1559539.600  1562409.600  1564354.600  1565217.600  1566612.600
  1265:  1567392.600  1567519.600  1568643.600  1571830.600  1572046.600
  1270:  1574798.600  1574905.600  1578346.600  1578443.600  1582948.600
  1275:  1583632.600  1583764.600  1583932.600  1584213.600  1584255.600
  1280:  1584403.600  1584536.600  1584572.600  1585522.600  1585560.600
  1285:  1586348.600  1589584.600  1590261.600  1590479.600  1590649.600
  1290:  1590704.600  1590717.600  1590852.600  1604994.600  1605486.600
  1295:  1607437.600  1607627.600  1607637.600  1607646.600  1607963.600
  1300:  1607977.600  1608127.600  1610240.600  1611852.600  1612188.600
  1305:  1617337.600  1618342.600  1619571.600  1626605.600  1628546.600
  1310:  1631637.600  1631677.600  1632631.600  1634780.600  1635329.600
  1315:  1637034.600  1646147.600  1648237.600  1648959.600  1653258.600
  1320:  1653355.600  1655547.600  1655652.600  1657307.600  1663350.600
  1325:  1664710.600  1665397.600  1665825.600  1665903.600  1666064.600
  1330:  1666081.600  1666088.600  1666113.600  1666244.600  1680383.600
  1335:  1692654.600  1694166.600  1699523.600  1700676.600  1700678.600
  1340:  1702008.600  1702089.600  1709644.600  1709798.600  1709832.600
  1345:  1710407.600  1710544.600  1712731.600  1717781.600  1723212.600
  1350:  1726924.600  1727750.600  1730142.600  1730258.600  1730337.600
  1355:  1730353.600  1731741.600  1733097.600  1734834.600  1736942.600
  1360:  1738774.600  1739420.600  1740154.600  1743325.600  1743667.600
  1365:  1745372.600  1748689.600  1749000.600  1760916.650  1760924.650
  1370:  1760981.650  1760993.650  1763368.650  1764398.650  1765124.650
  1375:  1765203.650  1766970.650  1772437.650  1772485.650  1772863.650
  1380:  1775426.650  1775484.650  1779601.650  1784893.650  1784906.650
  1385:  1786633.650  1786691.650  1791267.650  1793189.650  1795676.650
  1390:  1802095.650  1826751.650  1842897.650  1842966.650  1844268.650
  1395:  1844314.650  1844443.650  1845995.400  1846040.410  1846089.410
  1400:  1846089.610  1846134.410  1846183.410  1846228.410  1846277.410
  1405:  1846322.410  1846371.410  1846416.410  1846421.420  1846849.600
  1410:  1849957.600  1849988.600  1850058.600  1850074.600  1850104.600
  1415:  1850203.600  1850236.600  1850246.600  1850272.600  1850304.600
  1420:  1850338.600  1850362.600  1850392.600  1850418.600  1850544.600
  1425:  1850553.600  1850618.600  1850640.600  1850659.600  1850682.600
  1430:  1850686.600  1850701.600  1850752.600  1851346.600  1851365.600
  1435:  1851377.600  1852627.600  1853938.600  1854011.600  1854370.600
  1440:  1855260.600  1857170.600  1857240.600  1867221.650  1872315.650
  1445:  1872350.650  1882122.650  1883185.650  1883622.650  1883653.650
  1450:  1884317.650  1885083.650  1892712.650  1895192.650  1895268.650
  1455:  1895296.650  1895953.650  1896039.650  1896380.650  1896406.650
  1460:  1898964.650  1899190.650  1899211.650  1899577.650  1902009.650
  1465:  1903648.650  1904959.650  1910415.650  1912799.650  1916548.650
  1470:  1917254.650  1917775.650  1917954.650  1921108.650  1926207.650
  1475:  1926619.650  1926697.650  1936177.650  1942115.650  1957807.650
  1480:  1960140.650  1960408.400  1960453.410  1960454.610  1960502.410
  1485:  1960547.410  1960596.410  1960641.410  1960690.410  1960735.410
  1490:  1960784.410  1960829.410  1960834.420  1963277.600  1963330.600
  1495:  1963342.600  1963380.600  1963393.600  1963409.600  1963437.600
  1500:  1963524.600  1963592.600  1963634.600  1963856.600  1964106.600
  1505:  1964359.600  1964386.600  1965044.600  1965313.600  1967174.600
  1510:  1967333.600  1967407.600  1969797.600  1970706.600  1971175.600
  1515:  1971415.600  1972098.600  1972136.600  1972567.600  1976003.600
  1520:  1982307.600  1985614.600  1985845.600  1986553.600  1989673.600
  1525:  1991339.600  1992027.600  1992782.600  1994070.600  1996787.600
  1530:  2002516.650  2002616.650  2003527.650  2003558.650  2005662.250
  1535:  2005812.650  2008169.650  2009788.650  2010041.650  2010150.650
  1540:  2010268.650  2011030.650  2011283.650  2016320.650  2016943.650
  1545:  2017443.650  2020155.650  2021612.650  2023208.650  2023550.650
  1550:  2023899.650  2033734.650  2034177.650  2039020.650  2039828.650
  1555:  2040393.650  2040412.650  2040440.650  2040478.650  2040517.650
  1560:  2041547.650  2041931.650  2041977.650  2042038.650  2043383.650
  1565:  2043419.650  2052501.650  2055084.650  2055420.650  2056517.650
  1570:  2056754.650  2058390.650  2058447.650  2058886.650  2058944.650
  1575:  2058972.650  2059034.650  2059077.650  2059200.650  2059451.650
  1580:  2059702.650  2063855.650  2066603.650  2066702.650  2071397.650
  1585:  2086662.650  2090436.650  2097624.400  2097669.410  2097702.610
  1590:  2097718.410  2097763.410  2097812.410  2097857.410  2097906.410
  1595:  2097951.410  2098000.410  2098045.410  2098050.420  2100730.600
  1600:  2100737.600  2100761.600  2100822.600  2100999.600  2101247.600
  1605:  2101440.600  2101747.600  2103570.600  2103780.600  2103835.600
  1610:  2104258.600  2104275.600  2104335.600  2105283.600  2105931.600
  1615:  2108974.600  2108989.600  2110315.600  2110534.600  2113069.600
  1620:  2117651.600  2120606.600  2124168.600  2131288.600  2138953.650
  1625:  2143901.650  2143941.650  2146277.650  2153160.650  2156252.650
  1630:  2156941.650  2156966.650  2158816.650  2162149.650  2162571.650
  1635:  2162835.650  2167605.650  2170820.650  2171080.650  2173708.650
  1640:  2174909.650  2175659.650  2181522.650  2181564.650  2181960.650
  1645:  2192658.650  2193767.650  2195480.650  2195670.650  2197779.650
  1650:  2198081.650  2198316.650  2205730.650  2207270.650  2212666.650
  1655:  2213314.650  2215246.650  2215406.650  2215494.650  2217659.650
  1660:  2219139.650  2220054.650  2220070.650  2220150.650  2220321.650
  1665:  2220665.650  2223038.650  2223140.650  2223885.650  2224038.650
  1670:  2224064.650  2229800.650  2230494.650  2233115.400  2233160.410
  1675:  2233168.610  2233209.410  2233254.410  2233303.410  2233348.410
  1680:  2233397.410  2233437.610  2233442.410  2233491.410  2233536.410
  1685:  2233541.420  2233580.600  2233678.600  2233762.600  2233940.600
  1690:  2233974.600  2234022.600  2234079.600  2234515.600  2234542.600
  1695:  2234563.600  2234576.600  2234586.600  2234595.600  2234613.600
  1700:  2234647.600  2234667.600  2234694.600  2234800.600  2234859.600
  1705:  2234927.600  2234941.600  2234951.600  2234958.600  2234998.600
  1710:  2235075.600  2235095.600  2235116.600  2235245.600  2235262.600
  1715:  2235322.600  2235375.600  2235420.600  2237475.600  2237593.600
  1720:  2244517.600  2245252.600  2245364.600  2245393.600  2245540.600
  1725:  2245572.600  2245582.600  2245958.600  2248531.600  2249306.600
  1730:  2251338.600  2256451.600  2256553.600  2257655.600  2263997.600
  1735:  2264292.600  2273392.600  2275645.600  2275666.600  2280723.600
  1740:  2282246.600  2284210.600  2284931.600  2285004.600  2288851.600
  1745:  2292385.600  2292403.600  2294913.600  2296298.600  2315152.600
  1750:  2323837.600  2330646.600  2331024.600  2331657.600  2332043.600
  1755:  2336796.600  2336843.600  2336864.600  2340125.600  2340879.600
  1760:  2348300.600  2348380.600  2351190.600  2352181.600  2353581.600
  1765:  2353725.600  2356341.600  2356439.600  2362744.600  2363923.600
  1770:  2366478.600  2366507.600  2366536.600  2366755.600  2375007.600
  1775:  2379370.600  2392861.650  2393745.650  2396940.650  2397361.650
  1780:  2399841.650  2406120.650  2406719.650  2416619.650  2416819.650
  1785:  2416886.650  2418787.650  2429612.650  2429620.650  2430102.650
  1790:  2432746.650  2441142.650  2441282.650  2442232.650  2442597.650
  1795:  2443426.650  2443985.650  2444076.650  2444385.650  2444909.650
  1800:  2453112.650  2455841.650  2455857.650  2460014.650  2461978.650
  1805:  2463258.650  2467782.650  2483927.650  2484254.650  2486497.400
  1810:  2486542.410  2486554.610  2486591.410  2486636.410  2486685.410
  1815:  2486730.410  2486779.410  2486824.410  2486873.410  2486918.410
  1820:  2486923.420  2489372.600  2489469.600  2489516.600  2489543.600
  1825:  2489561.600  2489580.600  2489707.600  2489799.600  2489866.600
  1830:  2489886.600  2489915.600  2489948.600  2489959.600  2489961.600
  1835:  2489975.600  2489992.600  2490001.600  2490017.600  2490045.600
  1840:  2490118.600  2493028.600  2493036.600  2493046.600  2493065.600
  1845:  2493079.600  2493152.600  2493270.600  2493342.600  2493349.600
  1850:  2493361.600  2493389.600  2493395.600  2493416.600  2494749.600
  1855:  2494773.600  2495008.600  2495993.600  2496826.600  2497614.600
  1860:  2498037.600  2498076.600  2498110.600  2499665.600  2500565.600
  1865:  2500584.600  2500609.600  2500800.600  2500907.600  2501071.600
  1870:  2501078.600  2501321.600  2501498.600  2503499.600  2505104.600
  1875:  2509814.600  2509844.600  2510580.600  2510601.600  2512178.600
  1880:  2512272.600  2512716.600  2512827.600  2513054.600  2513114.600
  1885:  2513301.600  2514012.600  2515778.600  2515980.600  2516144.600
  1890:  2516158.600  2516173.600  2516202.600  2516213.600  2516221.600
  1895:  2516238.600  2517607.600  2517614.600  2519410.600  2519423.600
  1900:  2519500.600  2519757.600  2519784.600  2519906.650  2527853.650
  1905:  2529029.650  2535042.650  2535165.650  2535488.650  2540235.650
  1910:  2540370.650  2540412.650  2551853.650  2552052.650  2552079.650
  1915:  2559270.650  2559457.650  2562530.650  2562563.650  2562587.650
  1920:  2562709.650  2563068.650  2563260.650  2563266.650  2565002.650
  1925:  2565053.650  2565587.650  2570412.650  2579143.650  2581930.650
  1930:  2582261.650  2584668.650  2584778.650  2584820.650  2586695.650
  1935:  2590383.650  2591873.650  2602414.650  2604086.650  2604809.650
  1940:  2605244.650  2605289.650  2605392.650  2605418.650  2610868.650
  1945:  2611068.650  2614724.650  2615249.650  2615804.400  2615834.610
  1950:  2615849.410  2615898.410  2615943.410  2615992.410  2616037.410
  1955:  2616086.410  2616131.410  2616180.410  2616225.410  2616230.420
  1960:  2618165.600  2618345.600  2618355.600  2619499.600  2619585.600
  1965:  2619708.600  2619742.600  2619755.600  2619775.600  2619820.600
  1970:  2619836.600  2619860.600  2619869.600  2619891.600  2619922.600
  1975:  2619945.600  2620061.600  2620073.600  2620134.600  2620210.600
  1980:  2620611.600  2620627.600  2620909.600  2620936.600  2622132.600
  1985:  2623075.600  2623082.600  2623684.600  2624912.600  2626618.600
  1990:  2630344.600  2630575.600  2632527.600  2632589.600  2636699.600
  1995:  2636909.600  2638455.600  2645056.600  2645193.600  2645630.600
  2000:  2652463.600  2652811.600  2654679.600  2654744.600  2655160.600
  2005:  2655300.600  2655396.600  2656912.600  2656917.600  2656939.600
  2010:  2657560.600  2657585.600  2657684.600  2657857.600  2657895.600
  2015:  2660070.600  2661468.600  2661532.600  2661717.600  2665523.600
  2020:  2670118.600  2680288.600  2680296.600  2681081.600  2683931.600
  2025:  2684416.600  2685152.600  2685185.600  2685301.600  2685525.600
  2030:  2687278.600  2687736.600  2692486.600  2694180.600  2694394.600
  2035:  2699431.600  2699657.600  2700155.600  2704830.600  2705616.600
  2040:  2707068.600  2707200.600  2707327.600  2707510.600  2711899.600
  2045:  2713112.600  2715890.600  2717116.600  2721838.600  2722789.600
  2050:  2722854.600  2724199.600  2724230.600  2724248.600  2724693.600
  2055:  2724799.600  2725613.600  2725834.600  2726671.600  2726696.600
  2060:  2726731.600  2729559.600  2730283.600  2741328.600  2741527.600
  2065:  2741686.600  2741739.600  2742862.600  2743188.600  2743844.600
  2070:  2755806.600  2756040.600  2756164.600  2756283.600  2763889.600
  2075:  2763932.600  2763965.600  2766259.600  2767879.600  2767992.600
  2080:  2772475.600  2772595.600  2773616.600  2777794.600  2778472.600
  2085:  2780694.600  2786989.600  2787718.600  2787858.600  2787893.600
  2090:  2787918.600  2788089.600  2788194.600  2788221.600  2788333.600
  2095:  2788346.600  2788363.600  2788508.600  2793733.600  2793809.600
  2100:  2794690.600  2800766.600  2816244.600  2819507.600  2830886.600
  2105:  2831019.600  2831368.600  2831810.600  2832018.600  2832191.600
  2110:  2832199.600  2832268.600  2832314.600  2842374.600  2842858.600
  2115:  2843956.600  2849156.600  2849500.600  2851024.600  2851738.600
  2120:  2851764.600  2851879.600  2851978.600  2852043.600  2854644.600
  2125:  2854676.600  2854681.600  2854691.600  2856330.600  2858329.600
  2130:  2858430.600  2858677.600  2858690.600  2858763.600  2858835.600
  2135:  2858896.600  2858993.600  2859134.600  2859142.600  2859193.600
  2140:  2859226.600  2864878.600  2865633.600  2875173.600  2875215.600
  2145:  2879849.650  2880013.650  2886452.650  2890562.650  2890723.650
  2150:  2890761.650  2890957.650  2891059.650  2891247.650  2891294.650
  2155:  2891779.650  2895049.650  2895161.650  2896114.650  2896140.650
  2160:  2899161.650  2899678.650  2899732.650  2900014.650  2900848.650
  2165:  2900856.650  2904119.650  2904225.650  2904489.650  2904740.650
  2170:  2904980.650  2908243.650  2908906.650  2914351.650  2915121.650
  2175:  2916248.650  2917411.650  2918778.650  2919030.650  2921191.650
  2180:  2921995.650  2923560.650  2924129.650  2924878.650  2924947.650
  2185:  2925225.650  2928929.650  2929018.650  2929200.650  2930550.650
  2190:  2930569.650  2935011.650  2935513.650  2935597.650  2941540.650
  2195:  2941651.650  2947245.650  2947415.650  2947542.650  2948015.650
  2200:  2948047.650  2948142.650  2948199.650  2949464.650  2949530.650
  2205:  2950723.650  2950798.650  2954712.650  2954743.650  2955013.650
  2210:  2955027.650  2960328.650  2960395.650  2961316.650  2964599.650
  2215:  2965330.650  2968655.650  2969247.650  2969419.650  2969464.650
  2220:  2969573.650  2969723.650  2972430.650  2975104.400  2975149.410
  2225:  2975198.410  2975243.410  2975268.610  2975292.410  2975337.410
  2230:  2975386.410  2975431.410  2975480.410  2975525.410  2975530.420
  2235:  2979748.600  2979907.600  2979983.600  2980224.600  2980241.600
  2240:  2980811.600  2982802.600  2982820.600  2983324.600  2983388.600
  2245:  2984387.600  2984433.600  2984461.600  2984476.600  2984573.600
  2250:  2984606.600  2984889.600  2986576.600  2986581.600  2992247.600
  2255:  2992642.600  2992931.600  2992947.600  2993081.600  2996873.600
  2260:  2996943.600  3018452.600  3018871.600  3019129.600  3019273.600
  2265:  3020600.600  3020611.600  3021152.600  3025762.600  3046550.600
  2270:  3049981.600  3058707.600  3060750.600  3061084.600  3062156.600
  2275:  3062880.600  3063262.600  3070125.600  3070259.600  3078075.600
  2280:  3079683.600  3082163.600  3082199.600  3087015.600  3092856.600
  2285:  3092894.600  3095011.600  3096392.600  3096470.600  3096505.600
  2290:  3098414.600  3099917.600  3104682.600  3105771.600  3107586.600
  2295:  3111723.600  3113345.600  3127712.600  3127905.600  3132285.600
  2300:  3137555.600  3137667.600  3137756.600  3137900.600  3140284.600
  2305:  3146273.600  3146461.600  3146477.600  3165593.600  3166181.600
  2310:  3168241.600  3169021.600  3169763.600  3171837.600  3172588.600
  2315:  3172815.600  3172927.600  3172934.600  3173095.600  3173603.600
  2320:  3176888.600  3176944.600  3177054.600  3177139.600  3187490.600
  2325:  3187738.600  3188983.600  3189995.600  3192949.600  3194770.600
  2330:  3194918.600  3210352.600  3210585.600  3215804.600  3217241.600
  2335:  3219691.600  3219937.600  3220046.600  3220066.600  3220172.600
  2340:  3220193.600  3220207.600  3220550.600  3220701.600  3222674.600
  2345:  3237737.600  3239256.600  3239281.600  3239556.600  3241197.600
  2350:  3241201.600  3242356.600  3242391.600  3242658.600  3242818.600
  2355:  3242946.600  3243532.600  3243564.600  3245705.600  3246029.600
  2360:  3246092.600  3246107.600  3248833.600  3250512.600  3260042.600
  2365:  3261173.600  3268008.600  3268056.600  3283937.600  3287521.600
  2370:  3291032.600  3292041.600  3293722.600  3295284.600  3297179.600
  2375:  3297406.600  3297632.600  3297837.600  3301670.600  3302273.600
  2380:  3307313.600  3307440.600  3309890.600  3313393.600  3313906.600
  2385:  3313999.600  3318309.600  3321013.600  3323999.600  3324244.600
  2390:  3335157.600  3335218.600  3335424.600  3339261.600  3340070.600
  2395:  3340119.600  3340338.600  3341379.600  3341420.600  3341450.600
  2400:  3341500.600  3341623.600  3341714.600  3348974.600  3349066.600
  2405:  3349835.600  3349851.600  3349889.600  3349904.600  3349907.600
  2410:  3349928.600  3349932.600  3350362.600  3350634.600  3350742.600
  2415:  3356557.600  3356860.600  3359754.600  3372420.600  3372590.600
  2420:  3372648.600  3372729.600  3372746.600  3373330.600  3373391.600
  2425:  3373457.600  3373500.600  3374672.600  3374864.600  3384857.600
  2430:  3385203.600  3394872.600  3395609.600  3395787.600  3395812.600
  2435:  3403026.600  3416071.600  3418596.600  3422569.600  3423658.600
  2440:  3424652.600  3428375.600  3428442.600  3428533.600  3428597.600
  2445:  3428621.600  3428632.600  3428668.600  3428828.600  3428909.600
  2450:  3429044.600  3429069.600  3429446.600  3429480.600  3429843.600
  2455:  3430024.600  3430222.600  3430755.600  3431204.600  3431407.600
  2460:  3431419.600  3431519.600  3431555.600  3434656.600  3436122.600
  2465:  3436336.600  3436349.600  3436413.600  3436604.600  3437261.600
  2470:  3437298.600  3438126.600  3438884.600  3439989.600  3447055.600
  2475:  3453790.600  3455872.600  3455977.600  3461368.600  3463284.600
  2480:  3476195.600  3476452.600  3476468.600  3478203.600  3478258.600
  2485:  3478645.600  3478690.600  3478750.600  3479429.600  3487614.600
  2490:  3487627.600  3487693.600  3487768.600  3491155.600  3491163.600
  2495:  3499856.600  3499862.600  3500473.600  3501852.600  3504363.600
  2500:  3504706.600  3509730.600  3510450.600  3510460.600  3516720.600
  2505:  3516731.600  3517199.600  3517939.200  3520156.600  3563152.600
  2510:  3563904.600  3564047.600  3564083.600  3568234.600  3568770.600
  2515:  3568897.600  3568922.600  3571497.600  3572001.600  3578778.600
  2520:  3578935.600  3578991.600  3581822.600  3581856.600  3581872.600
  2525:  3582070.600  3585527.600  3585539.600  3585597.600  3585757.600
  2530:  3585769.600  3586509.600  3586721.600  3586847.600  3586867.600
  2535:  3586911.600  3587089.600  3587098.600  3588746.600  3602477.600
  2540:  3602900.600  3603060.600  3621358.600  3621364.600  3622629.600
  2545:  3623754.600  3726168.400  3726213.410  3726262.410  3726307.410
  2550:  3726356.410  3726401.410  3726405.610  3726450.410  3726495.410
  2555:  3726544.410  3726589.410  3726594.420  3733531.600  3733864.600
  2560:  3736321.600  3736515.600  3736656.600  3738198.600  3742193.600
  2565:  3742236.600  3742244.600  3744981.600  3746058.600  3753650.600
  2570:  3753981.600  3757771.600  3773570.600  3773585.600  3774041.600
  2575:  3776566.600  3777530.600  3777754.600  3777792.600  3778627.600
  2580:  3779289.600  3779712.600  3779790.600  3779806.600  3781176.600
  2585:  3781744.600  3781933.600  3781989.600  3782105.600  3782366.600
  2590:  3782393.600  3782402.600  3782432.600  3782436.600  3782918.600
  2595:  3782944.600  3783113.600  3784183.600  3784203.600  3784710.600
  2600:  3784720.600  3784783.600  3787616.600  3790528.600  3790542.600
  2605:  3790618.600  3791943.600  3791994.600  3804358.650  3805637.650
  2610:  3811680.650  3812159.650  3812332.650  3812552.650  3813023.650
  2615:  3814147.650  3814646.650  3815000.650  3815078.650  3815081.650
  2620:  3815112.650  3815218.650  3815256.650  3815385.650  3815495.650
  2625:  3815668.650  3815694.650  3815788.650  3817143.650  3835076.650
  2630:  3843763.650  3845526.650  3846334.650  3868632.650  3869155.650
  2635:  3869167.650  3869353.650  3870124.650  3870127.650  3870154.650
  2640:  3870159.650  3870177.650  3870181.650  3870230.650  3870253.650
  2645:  3870280.650  3870330.650  3879532.650  3879689.650  3881786.650
  2650:  3890637.650  3891193.650  3892362.400  3892407.410  3892454.610
  2655:  3892456.410  3892501.410  3892550.410  3892595.410  3892644.410
  2660:  3892689.410  3892738.410  3892783.410  3892788.420  3896462.600
  2665:  3896478.600  3896495.600  3896515.600  3896531.600  3896582.600
  2670:  3896600.600  3896658.600  3896673.600  3896713.600  3896727.600
  2675:  3896744.600  3896883.600  3896896.600  3896901.600  3897615.600
  2680:  3897646.600  3897660.600  3897673.600  3897731.600  3897754.600
  2685:  3897827.600  3897834.600  3897844.600  3897868.600  3898455.600
  2690:  3898466.600  3898478.600  3898490.600  3898504.600  3898520.600
  2695:  3898823.600  3898839.600  3898842.600  3900153.600  3900307.600
  2700:  3900325.600  3900340.600  3900379.600  3900422.600  3900462.600
  2705:  3900565.600  3900571.600  3900598.600  3900624.600  3900703.600
  2710:  3900777.600  3900829.600  3900905.600  3900925.600  3900955.600
  2715:  3900967.600  3901020.600  3901089.600  3901170.600  3901815.600
  2720:  3901846.600  3903334.600  3903343.600  3903369.600  3903404.600
  2725:  3904005.600  3904092.600  3907223.600  3907688.600  3907704.600
  2730:  3907813.600  3911658.600  3911688.600  3912305.600  3912452.600
  2735:  3912502.600  3917180.600  3922217.600  3924643.600  3925581.600
  2740:  3929028.600  3929068.600  3935205.600  3935529.600  3937291.600
  2745:  3938128.600  3938371.600  3938592.600  3938755.600  3950487.600
  2750:  3950605.600  4037286.600  4037514.600  4037564.600  4037574.600
  2755:  4037611.600  4056665.600  4056812.600  4057573.600  4057638.600
  2760:  4057835.600  4062095.600  4062626.600  4062706.600  4062973.600
  2765:  4063065.600  4063167.600  4064368.600  4064901.200  4065255.600
  2770:  4065488.600  4065633.600  4065682.600  4065805.600  4065826.600
  2775:  4065891.600  4065897.600  4066299.600  4066520.600  4070998.600
  2780:  4071091.600  4071752.600  4071769.600  4071984.600  4072104.600
  2785:  4072146.600  4072259.600  4072297.600  4072321.600  4072932.600
  2790:  4073234.600  4073281.600  4073312.600  4076472.600  4076487.600
  2795:  4082152.600  4082314.600  4082638.600  4083544.600  4084568.600
  2800:  4084598.600  4084698.600  4086714.600  4086786.600  4086804.600
  2805:  4089922.600  4091363.600  4093321.600  4107255.600  4109992.600
  2810:  4118552.600  4133830.600  4134119.600  4167338.600  4167341.600
  2815:  4168484.600  4169076.600  4171495.600  4173365.600  4227154.600
  2820:  4239606.600  4239616.600  4242798.600  4242834.600  4242904.600
  2825:  4247772.600  4252057.600  4263155.600  4277406.600  4282686.600
  2830:  4284279.600  4284504.600  4294174.600  4294188.600  4310844.600
  2835:  4311311.600  4325964.999
E:
     0:        5.200       16.300       28.800       43.200       59.900
     5:       80.100      105.300      139.300      191.600      330.300
F:
     0:        0.000        0.000        0.000        0.000        0.000
     5:        0.000
L:
     0:        1.000       54.000      192.000      208.000      107.000
     5:       93.000       45.000       77.000       52.000       56.000
    10:       29.000      163.000      236.000       91.000
M:
     0:        0.000        0.000        0.000        0.000        0.000
     5:        0.000
