File: C:\MED-PC IV\DATA\!2023-03-07_18h55m.Subject DF26


Start Date: 03/07/23
End Date: 03/08/23
Subject: DF26
Experiment: delayed_acquisition
Group: 1
Box: 6
Start Time: 18:55:48
End Time:  7:11:49
MSN: Delayed_AcquisitionYoked2_w_magmacro
G:       0.000
H:       0.000
I:       0.000
J:       0.000
K:       0.000
N:       0.000
O:       0.000
P:       0.000
Q:       0.000
R:       0.000
S:       0.000
T:       0.000
U:       0.000
V:       0.000
W:       0.000
X:      -1.000
Y:       0.000
Z:       0.000
A:
     0:        2.000       60.000  4320000.000        1.000        0.000
     5:        1.000    96000.000        1.000       10.000        0.000
    10:        0.000        0.000        0.000        0.000        0.000
    15:        0.000        0.000        0.000        0.000        0.000
    20:        0.000        0.000        0.000        0.000        0.000
    25:        0.000        0.000        0.000        0.000        0.000
    30:        0.000        0.000        0.000        0.000        0.000
    35:        0.000        0.000        0.000        0.000        0.000
    40:        0.000        0.000        0.000        0.000        0.000
    45:        0.000        0.000        0.000        0.000        0.000
    50:        0.000        0.000        0.000        0.000        0.000
    55:        0.000        0.000        0.000        0.000        0.000
    60:        0.000        0.000        0.000        0.000        0.000
    65:        0.000        0.000        0.000        0.000        0.000
    70:        0.000        0.000        0.000        0.000        0.000
    75:        0.000        0.000        0.000        0.000        0.000
    80:        0.000        0.000        0.000        0.000        0.000
    85:        0.000        0.000        0.000        0.000        0.000
    90:        0.000        0.000        0.000        0.000        0.000
    95:        0.000        0.000        0.000        0.000        0.000
   100:        0.000
B:
     0:  4320000.000  4320852.000        1.000       17.000        0.000
     5:        0.000        0.000        2.000      220.000      281.000
    10:        0.000      183.000        3.000        6.000       48.000
    15:        0.000        2.000        0.000        0.000        0.000
    20:        0.000        0.000        0.000        0.000        0.000
    25:        0.000        0.000        0.000        0.000        0.000
    30:        1.275        0.000        0.000       20.000        0.000
    35:        0.000        0.000        0.000        0.000        0.000
    40:        0.000        0.000        0.000        0.000        0.000
    45:        0.000        0.000        0.000        0.000        0.000
    50:        0.000        0.000        0.000        0.000        0.000
    55:        0.000        0.000        0.000        0.000        0.000
    60:        0.000        0.000        0.000        0.000        0.000
    65:        0.000        0.000        0.000        0.000        0.000
    70:        0.000        0.000        0.000        0.000        0.000
    75:        0.000        0.000        0.000        0.000        0.000
    80:        0.000        0.000        0.000        0.000        0.000
    85:        0.000        0.000        0.000        0.000        0.000
    90:        0.000        0.000        0.000        0.000        0.000
    95:        0.000        0.000        0.000        0.000        0.000
   100:        0.000
C:
     0:      637.300      883.300     5696.100     8069.100     8105.100
     5:     8181.100     8262.100    11041.300    11085.300    11110.300
    10:   109769.200   109769.200   109769.200   109769.200   109769.200
    15:   109769.200   109769.200   109769.200   109769.200   109769.200
    20:   113984.300   114008.300   114035.300   114049.300   114063.300
    25:   114404.300   115134.300   115408.300   116104.300   116464.300
    30:   116477.300   116497.300   116508.300   116936.300   117018.300
    35:   117172.300   117181.300   122562.300   122568.300   125467.300
    40:   130427.300   137995.300   148262.300   169276.300   169532.300
    45:   169546.300   175546.300   175759.300   179238.300   179533.300
    50:   179587.300   239057.300   242678.300   246017.300   246068.300
    55:   246216.300   246555.100   251069.300   253122.100   343458.300
    60:   343495.300   351059.300   351336.300   351746.300   351824.300
    65:   359320.300   368691.300   430616.300   431008.300   439185.300
    70:   439224.300   443573.300   446406.300   493362.300   493543.300
    75:   502543.300   550156.300   551473.300   551704.300   552173.300
    80:   554577.300   554608.300   558400.300   658207.200   658207.200
    85:   658207.200   658207.200   658207.200   658207.200   658207.200
    90:   658207.200   658207.200   658207.200   662645.300   662677.300
    95:   662689.300   662716.300   662755.300   662777.300   662792.300
   100:   662800.300   662808.300   662824.300   662844.300   662881.300
   105:   663570.300   663756.300   665343.300   665369.300   665532.300
   110:   665550.300   679894.100   684081.300   684093.300   684570.300
   115:   686499.300   713833.300   777075.300   777139.300   794502.300
   120:   835258.300   835270.300   835335.300   835345.300   835441.300
   125:   847503.300   847584.300   851143.300   851331.300   920603.300
   130:   922246.300   937725.300   938051.100   938783.300   938811.300
   135:   939066.300   939129.300   939449.300   939485.300   973329.300
   140:   976584.300  1018844.300  1028578.300  1028740.300  1040030.300
   145:  1040158.300  1045305.100  1051782.300  1052111.100  1130699.300
   150:  1130866.300  1130929.300  1144684.300  1145134.300  1145270.300
   155:  1145332.300  1169431.300  1181548.300  1298071.300  1320058.300
   160:  1385395.300  1385570.300  1390769.300  1390791.300  1396624.100
   165:  1528763.300  1737250.300  1737306.300  1737424.300  1737466.300
   170:  1766798.100  1844147.300  1992044.300  2027160.300  2027181.300
   175:  2031791.300  2031825.300  2046263.300  2052313.100  2052799.100
   180:  2054310.300  2062234.300  2062489.300  2063261.300  2063704.300
   185:  2063729.300  2076459.300  2076607.300  2212487.100  2218364.300
   190:  2226479.300  2226533.300  2227105.300  2230608.300  2231095.300
   195:  2231139.300  2268037.100  2290645.300  2291407.300  2291489.300
   200:  2303573.300  2305613.300  2305627.300  2320237.300  2733445.300
   205:  2744333.300  2912048.300  2912110.300  3460152.300  3460215.300
   210:  3822881.300  3823567.300  3823786.300  3834004.300  3834029.300
   215:  4045038.300  4045182.300  4050009.300  4056353.300  4109931.300
D:
     0:        0.111      637.600      883.600     5696.200     8069.200
     5:     8105.200     8181.200     8262.200    11041.600    11085.600
    10:    11110.600    15174.650    15186.650    15189.650    22070.650
    15:    27057.650    27082.650    27674.650    27804.650    27846.650
    20:    32624.650    37555.650    37577.650    46670.650    46690.650
    25:    48749.650    48766.650    48777.650    52545.250    54705.650
    30:    54805.650    58506.650    64737.650    64763.650    69322.650
    35:    69499.650    69988.650    70667.650    70808.650    70864.650
    40:    70904.650    71498.250    71736.250    72264.650    98358.650
    45:    98543.650    98627.650    98874.650    98896.650    99148.650
    50:    99197.650   105421.650   107004.250   107029.250   107079.250
    55:   108367.650   109769.400   109814.410   109863.410   109908.410
    60:   109908.610   109957.410   110002.410   110051.410   110096.410
    65:   110145.410   110190.410   110195.420   114410.600   114434.600
    70:   114461.600   114475.600   114489.600   114830.600   115560.600
    75:   115834.600   116530.600   116890.600   116903.600   116923.600
    80:   116934.600   117362.600   117444.600   117598.600   117607.600
    85:   122988.600   122994.600   125893.600   130853.600   138421.600
    90:   148688.600   169702.600   169958.600   169972.600   175972.600
    95:   176185.600   179664.600   179959.600   180013.600   239483.600
   100:   243104.600   246443.600   246494.600   246642.600   246981.200
   105:   251495.600   253548.200   343884.600   343921.600   351485.600
   110:   351762.600   352172.600   352250.600   359746.600   369117.600
   115:   431042.600   431434.600   439611.600   439650.600   443999.600
   120:   446832.600   493788.600   493969.600   502969.600   550582.600
   125:   551899.600   552130.600   552599.600   555003.600   555034.600
   130:   558826.600   605924.650   613583.650   623086.650   623101.650
   135:   623192.650   623440.650   626285.650   631733.650   637576.650
   140:   658633.400   658678.410   658727.410   658751.610   658758.610
   145:   658772.410   658821.410   658866.410   658915.410   658960.410
   150:   659009.410   659054.410   659059.420   663497.600   663529.600
   155:   663541.600   663568.600   663607.600   663629.600   663644.600
   160:   663652.600   663660.600   663676.600   663696.600   663733.600
   165:   664422.600   664608.600   666195.600   666221.600   666384.600
   170:   666402.600   680746.200   684933.600   684945.600   685422.600
   175:   687351.600   714685.600   777927.600   777991.600   795354.600
   180:   836110.600   836122.600   836187.600   836197.600   836293.600
   185:   848355.600   848436.600   851995.600   852183.600   921455.600
   190:   923098.600   938577.600   938903.200   939635.600   939663.600
   195:   939918.600   939981.600   940301.600   940337.600   974181.600
   200:   977436.600  1019696.600  1029430.600  1029592.600  1040882.600
   205:  1041010.600  1046157.200  1052634.600  1052963.200  1131551.600
   210:  1131718.600  1131781.600  1145536.600  1145986.600  1146122.600
   215:  1146184.600  1170283.600  1182400.600  1298923.600  1320910.600
   220:  1386247.600  1386422.600  1391621.600  1391643.600  1397476.200
   225:  1529615.600  1738102.600  1738158.600  1738276.600  1738318.600
   230:  1767650.200  1844999.600  1992896.600  2028012.600  2028033.600
   235:  2032643.600  2032677.600  2047115.600  2053165.200  2053651.200
   240:  2055162.600  2063086.600  2063341.600  2064113.600  2064556.600
   245:  2064581.600  2077311.600  2077459.600  2213339.200  2219216.600
   250:  2227331.600  2227385.600  2227957.600  2231460.600  2231947.600
   255:  2231991.600  2268889.200  2291497.600  2292259.600  2292341.600
   260:  2304425.600  2306465.600  2306479.600  2321089.600  2734297.600
   265:  2745185.600  2912900.600  2912962.600  3461004.600  3461067.600
   270:  3823733.600  3824419.600  3824638.600  3834856.600  3834881.600
   275:  4045890.600  4046034.600  4050861.600  4057205.600  4110783.600
   280:  4320852.999
E:
     0:        5.200       16.300       28.800       43.200       59.900
     5:       80.100      105.300      139.300      191.600      330.300
F:
     0:        0.000        0.000        0.000        0.000        0.000
     5:        0.000
L:
     0:      138.000      117.000
M:
     0:        0.000        0.000        0.000        0.000        0.000
     5:        0.000
