File: C:\MED-PC IV\DATA\!2023-02-25_18h39m.Subject DF26


Start Date: 02/25/23
End Date: 02/26/23
Subject: DF26
Experiment: delayed_acquisition
Group: 1
Box: 6
Start Time: 18:39:50
End Time:  6:59:33
MSN: Delayed_AcquisitionYoked2_w_magmacro
G:       0.000
H:       0.000
I:       0.000
J:       0.000
K:       0.000
N:       0.000
O:       0.000
P:       0.000
Q:       0.000
R:       0.000
S:       0.000
T:       0.000
U:       0.000
V:       0.000
W:       0.000
X:      -1.000
Y:       0.000
Z:       0.000
A:
     0:        2.000       60.000  4320000.000        1.000        0.000
     5:        1.000    96000.000        1.000       10.000        0.000
    10:        0.000        0.000        0.000        0.000        0.000
    15:        0.000        0.000        0.000        0.000        0.000
    20:        0.000        0.000        0.000        0.000        0.000
    25:        0.000        0.000        0.000        0.000        0.000
    30:        0.000        0.000        0.000        0.000        0.000
    35:        0.000        0.000        0.000        0.000        0.000
    40:        0.000        0.000        0.000        0.000        0.000
    45:        0.000        0.000        0.000        0.000        0.000
    50:        0.000        0.000        0.000        0.000        0.000
    55:        0.000        0.000        0.000        0.000        0.000
    60:        0.000        0.000        0.000        0.000        0.000
    65:        0.000        0.000        0.000        0.000        0.000
    70:        0.000        0.000        0.000        0.000        0.000
    75:        0.000        0.000        0.000        0.000        0.000
    80:        0.000        0.000        0.000        0.000        0.000
    85:        0.000        0.000        0.000        0.000        0.000
    90:        0.000        0.000        0.000        0.000        0.000
    95:        0.000        0.000        0.000        0.000        0.000
   100:        0.000
B:
     0:  4320000.000  4327668.000        1.000       31.000        0.000
     5:        0.000        0.000       18.000      794.000     1019.000
    10:        0.000      583.000       20.000       20.000      165.000
    15:        0.000       18.000        0.000        0.000        0.000
    20:        0.000        0.000        0.000        0.000        0.000
    25:        0.000        0.000        0.000        0.000        0.000
    30:        1.267        0.000        0.000      180.000        0.000
    35:        0.000        0.000        0.000        0.000        0.000
    40:        0.000        0.000        0.000        0.000        0.000
    45:        0.000        0.000        0.000        0.000        0.000
    50:        0.000        0.000        0.000        0.000        0.000
    55:        0.000        0.000        0.000        0.000        0.000
    60:        0.000        0.000        0.000        0.000        0.000
    65:        0.000        0.000        0.000        0.000        0.000
    70:        0.000        0.000        0.000        0.000        0.000
    75:        0.000        0.000        0.000        0.000        0.000
    80:        0.000        0.000        0.000        0.000        0.000
    85:        0.000        0.000        0.000        0.000        0.000
    90:        0.000        0.000        0.000        0.000        0.000
    95:        0.000        0.000        0.000        0.000        0.000
   100:        0.000
C:
     0:      224.300    98417.200    98417.200    98417.200    98417.200
     5:    98417.200    98417.200    98417.200    98417.200    98417.200
    10:    98417.200    99336.300    99411.300    99429.300    99448.300
    15:    99482.300    99490.300    99510.300    99521.300    99530.300
    20:    99535.300    99550.300    99584.300    99605.300    99640.300
    25:    99783.300    99802.300   100075.300   100257.300   100343.300
    30:   100410.300   101777.300   101868.300   103694.300   103847.300
    35:   103895.300   104210.300   104220.300   104232.300   104480.300
    40:   104560.300   104808.300   104878.300   104901.300   105068.300
    45:   105240.300   105796.300   105955.300   106012.300   106164.300
    50:   106517.300   106621.300   107697.300   111049.300   113659.300
    55:   113841.300   120035.300   120452.300   120492.300   120503.300
    60:   120514.300   120581.300   120611.300   120622.300   120635.300
    65:   121025.300   124018.300   124821.300   125284.300   125335.300
    70:   125372.300   128459.300   136725.300   141960.300   142396.300
    75:   143267.300   148446.300   148498.300   149358.300   149537.300
    80:   153485.300   173725.300   178352.300   178427.300   182359.100
    85:   183462.100   184245.100   184485.100   185370.100   186098.100
    90:   186843.100   187002.100   187132.100   187194.100   187485.100
    95:   187627.100   187647.100   188683.100   188798.100   189190.100
   100:   189825.100   190164.300   191402.300   192555.300   198751.300
   105:   201325.300   201375.300   201744.300   201860.300   202163.300
   110:   203127.300   206109.300   206194.300   207001.300   207244.300
   115:   218347.300   226972.300   228628.300   228670.300   232221.300
   120:   333868.200   333868.200   333868.200   333868.200   333868.200
   125:   333868.200   333868.200   333868.200   333868.200   333868.200
   130:   334976.300   334982.300   334989.300   335000.300   335017.300
   135:   335019.300   335037.300   335044.300   335051.300   335502.300
   140:   335857.300   336511.300   336546.300   337233.300   337241.300
   145:   337352.300   337354.300   337452.300   337631.300   337654.300
   150:   337690.300   337855.300   338242.300   338366.300   338519.300
   155:   338844.300   341394.300   344985.300   349160.300   349494.300
   160:   447972.200   447972.200   447972.200   447972.200   447972.200
   165:   447972.200   447972.200   447972.200   447972.200   447972.200
   170:   449780.300   449793.300   449800.300   449854.300   449904.300
   175:   449943.300   450042.300   450082.300   450264.300   452437.300
   180:   452452.300   452473.300   452588.300   452665.300   452668.300
   185:   452731.300   453322.300   454112.300   457200.300   457226.300
   190:   457684.300   458605.300   474889.300   485416.300   486210.100
   195:   500426.300   500699.300   505452.300   505461.300   514695.300
   200:   612577.200   612577.200   612577.200   612577.200   612577.200
   205:   612577.200   612577.200   612577.200   612577.200   612577.200
   210:   615054.300   615118.300   615122.300   615131.300   615257.300
   215:   615426.300   615574.300   615880.300   616217.300   616287.300
   220:   616335.300   616343.300   616367.300   616445.300   616467.300
   225:   616558.300   616621.300   617036.300   617100.300   617106.300
   230:   617125.300   617325.300   617742.300   617749.300   618113.300
   235:   618374.300   618562.300   618565.300   618599.300   618627.300
   240:   620377.300   728945.200   728945.200   728945.200   728945.200
   245:   728945.200   728945.200   728945.200   728945.200   728945.200
   250:   728945.200   731798.300   731842.300   731885.300   731918.300
   255:   731927.300   731980.300   732014.300   732017.300   732127.300
   260:   732247.300   732396.300   732464.300   732489.300   733129.300
   265:   733154.300   733288.300   733503.300   733512.300   733894.300
   270:   733902.300   734117.300   737204.300   737919.300   744976.300
   275:   841707.200   841707.200   841707.200   841707.200   841707.200
   280:   841707.200   841707.200   841707.200   841707.200   841707.200
   285:   844094.300   845002.300   845036.300   845156.300   845199.300
   290:   845216.300   845303.300   845350.300   845373.300   845912.300
   295:   846625.300   861582.300   861731.300   877252.300   877255.300
   300:   877438.300   877441.300   877581.300   877785.300   916949.300
   305:   927972.300   939940.300   943897.300   955272.300   963818.300
   310:   965136.300   974646.300   974919.300  1074843.200  1074843.200
   315:  1074843.200  1074843.200  1074843.200  1074843.200  1074843.200
   320:  1074843.200  1074843.200  1074843.200  1076525.300  1076582.300
   325:  1077289.300  1077496.300  1077785.300  1078047.300  1078113.300
   330:  1078224.300  1078235.300  1078440.300  1078455.300  1078460.300
   335:  1078617.300  1079537.300  1086094.300  1087971.300  1088161.300
   340:  1111148.300  1118166.300  1131886.300  1131978.300  1134248.300
   345:  1169291.300  1172076.300  1184380.300  1192903.300  1193097.300
   350:  1317154.200  1317154.200  1317154.200  1317154.200  1317154.200
   355:  1317154.200  1317154.200  1317154.200  1317154.200  1317154.200
   360:  1320110.300  1321394.300  1321427.300  1321470.300  1321496.300
   365:  1321560.300  1321611.300  1322146.300  1322803.300  1353714.300
   370:  1355324.300  1411508.300  1411588.300  1411601.300  1411680.300
   375:  1412049.300  1418143.300  1418494.100  1418626.100  1418723.100
   380:  1419089.300  1419379.100  1419848.100  1423595.300  1428828.300
   385:  1430588.300  1430755.300  1431369.300  1432056.300  1453598.300
   390:  1453874.300  1459739.300  1492191.300  1516903.300  1516931.300
   395:  1528696.300  1535469.300  1578459.300  1588345.300  1591181.300
   400:  1591252.300  1596767.300  1596882.300  1719434.200  1719434.200
   405:  1719434.200  1719434.200  1719434.200  1719434.200  1719434.200
   410:  1719434.200  1719434.200  1719434.200  1720662.300  1722216.300
   415:  1722233.300  1722616.300  1722630.300  1722691.300  1722716.300
   420:  1722722.300  1722733.300  1722770.300  1722791.300  1722794.300
   425:  1722838.300  1722845.300  1722887.300  1723080.300  1723286.300
   430:  1723444.300  1724005.300  1724448.300  1724577.300  1724709.300
   435:  1724775.300  1724786.300  1724859.300  1724904.300  1724986.300
   440:  1725061.300  1725164.300  1725548.300  1725646.300  1725706.300
   445:  1725861.300  1725934.300  1725989.300  1726548.300  1726693.300
   450:  1829576.200  1829576.200  1829576.200  1829576.200  1829576.200
   455:  1829576.200  1829576.200  1829576.200  1829576.200  1829576.200
   460:  1829991.300  1830059.300  1830077.300  1830089.300  1830103.300
   465:  1831556.300  1833294.300  1833371.300  1833385.300  1833439.300
   470:  1833537.300  1833667.300  1833743.300  1834043.300  1834169.300
   475:  1834238.300  1834340.300  1834527.300  1834942.300  1836240.300
   480:  1836244.300  1836509.300  1836585.300  1933888.200  1933888.200
   485:  1933888.200  1933888.200  1933888.200  1933888.200  1933888.200
   490:  1933888.200  1933888.200  1933888.200  1936936.300  1936972.300
   495:  1937225.300  1937294.300  1937402.300  1937563.300  1937586.300
   500:  1937744.300  1937753.300  1937764.300  1937864.300  1937930.300
   505:  1937955.300  1937998.300  1938009.300  1938032.300  1938060.300
   510:  1938143.300  1938232.300  1938387.300  1938409.300  1938537.300
   515:  1938889.300  1939512.300  1953452.300  1961528.300  1961665.300
   520:  1961949.300  1982389.300  2086193.200  2086193.200  2086193.200
   525:  2086193.200  2086193.200  2086193.200  2086193.200  2086193.200
   530:  2086193.200  2086193.200  2088665.300  2088697.300  2088830.300
   535:  2088860.300  2089539.300  2089549.300  2089558.300  2089734.300
   540:  2089772.300  2089803.300  2089926.300  2090017.300  2090549.300
   545:  2340437.200  2340437.200  2340437.200  2340437.200  2340437.200
   550:  2340437.200  2340437.200  2340437.200  2340437.200  2340437.200
   555:  2340491.300  2340508.300  2340528.300  2340544.300  2341924.300
   560:  2342713.300  2342725.300  2342729.300  2342732.300  2342786.300
   565:  2342793.300  2342993.300  2343197.300  2344014.300  2344051.300
   570:  2344233.300  2344280.300  2344697.300  2344803.300  2345335.300
   575:  2347554.300  2347565.300  2400866.300  2401307.300  2401320.300
   580:  2412708.300  2419871.300  2479348.300  2489410.300  2498534.300
   585:  2561769.300  2562034.300  2562202.300  2562825.300  2563471.100
   590:  2563714.100  2567504.300  2567656.300  2571608.300  2584796.300
   595:  2584832.300  2584844.300  2584973.300  2590051.300  2590711.300
   600:  2597016.300  2597402.300  2597624.300  2597640.300  2702846.200
   605:  2702846.200  2702846.200  2702846.200  2702846.200  2702846.200
   610:  2702846.200  2702846.200  2702846.200  2702846.200  2703175.300
   615:  2703302.300  2703388.300  2703494.300  2703569.300  2703591.300
   620:  2703622.300  2703642.300  2703669.300  2703707.300  2703714.300
   625:  2703754.300  2704469.300  2704550.300  2705007.300  2705028.300
   630:  2705186.300  2705298.300  2705341.300  2705492.300  2706350.300
   635:  2706417.300  2706731.300  2706761.300  2706828.300  2708070.300
   640:  2708287.300  2708431.300  2738087.300  2751123.300  2751621.300
   645:  2759294.100  2759533.100  2760352.100  2762363.100  2763563.100
   650:  2945726.200  2945726.200  2945726.200  2945726.200  2945726.200
   655:  2945726.200  2945726.200  2945726.200  2945726.200  2945726.200
   660:  2945940.300  2945963.300  2945986.300  2946007.300  2946026.300
   665:  2946038.300  2946045.300  2946060.300  2946063.300  2946072.300
   670:  2946118.300  2946128.300  2947482.300  2948308.300  2948333.300
   675:  2948451.300  2948473.300  2948581.300  2948624.300  2949229.300
   680:  2949264.300  2949284.300  2949316.300  2949345.300  2949367.300
   685:  2949384.300  2949418.300  2949482.300  2949497.300  2949526.300
   690:  2949606.300  2949614.300  2949643.300  2949666.300  2949687.300
   695:  2950674.300  2951504.300  2951540.300  2952741.300  2953106.300
   700:  3130878.300  3265750.200  3265750.200  3265750.200  3265750.200
   705:  3265750.200  3265750.200  3265750.200  3265750.200  3265750.200
   710:  3265750.200  3269324.300  3269417.300  3269476.300  3269493.300
   715:  3269510.300  3269582.300  3269699.300  3269764.300  3269851.300
   720:  3269877.300  3270106.300  3270121.300  3270305.300  3270403.300
   725:  3270737.300  3278629.300  3278833.300  3948206.200  3948206.200
   730:  3948206.200  3948206.200  3948206.200  3948206.200  3948206.200
   735:  3948206.200  3948206.200  3948206.200  3950272.300  3950520.300
   740:  3950582.300  3950612.300  3951980.300  3952023.300  3952407.300
   745:  3952507.300  3952528.300  3952572.300  3952616.300  3952641.300
   750:  3952659.300  3952675.300  3952691.300  3952725.300  3952740.300
   755:  3953059.300  3953156.300  3978321.300  3987841.300  3988027.300
   760:  3988058.300  4002646.100  4181680.200  4181680.200  4181680.200
   765:  4181680.200  4181680.200  4181680.200  4181680.200  4181680.200
   770:  4181680.200  4181680.200  4186144.300  4186164.300  4186550.300
   775:  4186567.300  4186590.300  4186609.300  4186636.300  4186644.300
   780:  4186661.300  4186671.300  4186683.300  4186742.300  4186950.300
   785:  4187045.300  4187078.300  4187393.300  4188164.300  4192756.300
   790:  4193002.300  4195250.300  4202039.300  4205720.300
D:
     0:        0.111      224.600     5538.650     5644.650     5830.650
     5:     6523.650     6613.650    12675.650    12879.650    18225.650
    10:    19593.650    19930.650    31619.650    31649.650    31824.650
    15:    35497.650    41485.650    48225.650    48307.650    49071.650
    20:    49229.650    55348.650    58972.650    65533.650    65702.650
    25:    66349.650    68196.650    74046.650    79925.650    79990.650
    30:    89054.650    89113.650    98417.400    98462.410    98475.610
    35:    98511.410    98556.410    98605.410    98650.410    98699.410
    40:    98744.410    98793.410    98838.410    98843.420    99762.600
    45:    99837.600    99855.600    99874.600    99908.600    99916.600
    50:    99936.600    99947.600    99956.600    99961.600    99976.600
    55:   100010.600   100031.600   100066.600   100209.600   100228.600
    60:   100501.600   100683.600   100769.600   100836.600   102203.600
    65:   102294.600   104120.600   104273.600   104321.600   104636.600
    70:   104646.600   104658.600   104906.600   104986.600   105234.600
    75:   105304.600   105327.600   105494.600   105666.600   106222.600
    80:   106381.600   106438.600   106590.600   106943.600   107047.600
    85:   108123.600   111475.600   114085.600   114267.600   120461.600
    90:   120878.600   120918.600   120929.600   120940.600   121007.600
    95:   121037.600   121048.600   121061.600   121451.600   124444.600
   100:   125247.600   125710.600   125761.600   125798.600   128885.600
   105:   137151.600   142386.600   142822.600   143693.600   148872.600
   110:   148924.600   149784.600   149963.600   153911.600   174151.600
   115:   178778.600   178853.600   182785.200   183888.200   184671.200
   120:   184911.200   185796.200   186524.200   187269.200   187428.200
   125:   187558.200   187620.200   187911.200   188053.200   188073.200
   130:   189109.200   189224.200   189616.200   190251.200   190590.600
   135:   191828.600   192981.600   199177.600   201751.600   201801.600
   140:   202170.600   202286.600   202589.600   203553.600   206535.600
   145:   206620.600   207427.600   207670.600   218773.600   227398.600
   150:   229054.600   229096.600   232647.600   239840.650   240966.650
   155:   246190.650   251775.650   251844.650   253355.650   261807.650
   160:   262031.650   289617.650   289986.650   297715.650   298226.650
   165:   298941.650   299249.650   306113.650   306147.650   306353.650
   170:   306546.650   313958.650   314398.650   320295.650   334294.400
   175:   334339.410   334388.410   334404.610   334433.410   334482.410
   180:   334527.410   334576.410   334621.410   334670.410   334715.410
   185:   334720.420   335828.600   335834.600   335841.600   335852.600
   190:   335869.600   335871.600   335889.600   335896.600   335903.600
   195:   336354.600   336709.600   337363.600   337398.600   338085.600
   200:   338093.600   338204.600   338206.600   338304.600   338483.600
   205:   338506.600   338542.600   338707.600   339094.600   339218.600
   210:   339371.600   339696.600   342246.600   345837.600   350012.600
   215:   350346.600   358117.650   362034.650   363076.650   363349.650
   220:   363458.650   368437.650   386446.650   386595.650   397545.650
   225:   397592.650   398685.650   420864.650   435553.650   435690.650
   230:   435717.650   448112.650   448122.650   448824.400   448869.410
   235:   448895.610   448918.410   448963.410   449012.410   449057.410
   240:   449106.410   449151.410   449200.410   449245.410   449250.420
   245:   451058.600   451071.600   451078.600   451132.600   451182.600
   250:   451221.600   451320.600   451360.600   451542.600   453715.600
   255:   453730.600   453751.600   453866.600   453943.600   453946.600
   260:   454009.600   454600.600   455390.600   458478.600   458504.600
   265:   458962.600   459883.600   476167.600   486694.600   487488.200
   270:   501704.600   501977.600   506730.600   506739.600   515973.600
   275:   527653.650   566673.650   574082.650   591214.650   599196.650
   280:   600212.250   600338.250   600464.250   600938.650   601415.650
   285:   610099.650   610162.650   613855.400   613900.410   613949.410
   290:   613962.610   613994.410   614043.410   614088.410   614137.410
   295:   614182.410   614231.410   614276.410   614281.420   616758.600
   300:   616822.600   616826.600   616835.600   616961.600   617130.600
   305:   617278.600   617584.600   617921.600   617991.600   618039.600
   310:   618047.600   618071.600   618149.600   618171.600   618262.600
   315:   618325.600   618740.600   618804.600   618810.600   618829.600
   320:   619029.600   619446.600   619453.600   619817.600   620078.600
   325:   620266.600   620269.600   620303.600   620331.600   622081.600
   330:   638086.650   711844.650   716436.650   716976.650   717637.650
   335:   723324.650   723914.650   730649.400   730694.410   730743.410
   340:   730752.610   730788.410   730837.410   730882.410   730931.410
   345:   730976.410   731025.410   731070.410   731075.420   733928.600
   350:   733972.600   734015.600   734048.600   734057.600   734110.600
   355:   734144.600   734147.600   734257.600   734377.600   734526.600
   360:   734594.600   734619.600   735259.600   735284.600   735418.600
   365:   735633.600   735642.600   736024.600   736032.600   736247.600
   370:   739334.600   740049.600   747106.600   755097.650   760429.650
   375:   781121.650   799311.650   806717.650   807145.650   808262.650
   380:   808651.650   808901.650   826586.650   829459.650   829892.650
   385:   839135.650   843837.400   843882.410   843929.610   843931.410
   390:   843937.610   843976.410   844025.410   844070.410   844119.410
   395:   844164.410   844213.410   844258.410   844263.420   846650.600
   400:   847558.600   847592.600   847712.600   847755.600   847772.600
   405:   847859.600   847906.600   847929.600   848468.600   849181.600
   410:   864138.600   864287.600   879808.600   879811.600   879994.600
   415:   879997.600   880137.600   880341.600   919505.600   930528.600
   420:   942496.600   946453.600   957828.600   966374.600   967692.600
   425:   977202.600   977475.600   989127.650   996259.650  1052744.650
   430:  1052872.650  1053461.650  1062270.650  1066212.650  1068568.250
   435:  1068656.250  1068975.650  1077399.400  1077444.410  1077493.410
   440:  1077538.410  1077587.410  1077616.610  1077632.410  1077681.410
   445:  1077726.410  1077775.410  1077820.410  1077825.420  1079507.600
   450:  1079564.600  1080271.600  1080478.600  1080767.600  1081029.600
   455:  1081095.600  1081206.600  1081217.600  1081422.600  1081437.600
   460:  1081442.600  1081599.600  1082519.600  1089076.600  1090953.600
   465:  1091143.600  1114130.600  1121148.600  1134868.600  1134960.600
   470:  1137230.600  1172273.600  1175058.600  1187362.600  1195885.600
   475:  1196079.600  1230959.650  1263339.650  1263522.650  1263623.650
   480:  1273238.650  1289764.650  1290253.650  1320136.400  1320181.410
   485:  1320230.410  1320275.410  1320322.610  1320324.410  1320369.410
   490:  1320418.410  1320463.410  1320512.410  1320557.410  1320562.420
   495:  1323518.600  1324802.600  1324835.600  1324878.600  1324904.600
   500:  1324968.600  1325019.600  1325554.600  1326211.600  1357122.600
   505:  1358732.600  1414916.600  1414996.600  1415009.600  1415088.600
   510:  1415457.600  1421551.600  1421902.200  1422034.200  1422131.200
   515:  1422497.600  1422787.200  1423256.200  1427003.600  1432236.600
   520:  1433996.600  1434163.600  1434777.600  1435464.600  1457006.600
   525:  1457282.600  1463147.600  1495599.600  1520311.600  1520339.600
   530:  1532104.600  1538877.600  1581867.600  1591753.600  1594589.600
   535:  1594660.600  1600175.600  1600290.600  1643818.650  1687691.650
   540:  1691027.650  1692345.650  1708959.650  1722842.400  1722887.410
   545:  1722936.410  1722944.610  1722981.410  1723030.410  1723075.410
   550:  1723124.410  1723169.410  1723218.410  1723263.410  1723268.420
   555:  1724496.600  1726050.600  1726067.600  1726450.600  1726464.600
   560:  1726525.600  1726550.600  1726556.600  1726567.600  1726604.600
   565:  1726625.600  1726628.600  1726672.600  1726679.600  1726721.600
   570:  1726914.600  1727120.600  1727278.600  1727839.600  1728282.600
   575:  1728411.600  1728543.600  1728609.600  1728620.600  1728693.600
   580:  1728738.600  1728820.600  1728895.600  1728998.600  1729382.600
   585:  1729480.600  1729540.600  1729695.600  1729768.600  1729823.600
   590:  1730382.600  1730527.600  1759393.650  1763659.250  1763712.250
   595:  1764539.650  1764594.650  1764622.650  1765043.650  1765341.650
   600:  1765369.650  1766331.650  1766374.650  1766591.650  1767016.650
   605:  1767047.650  1767062.650  1767829.250  1769394.650  1770678.650
   610:  1772486.650  1772623.650  1774360.650  1774987.650  1775441.650
   615:  1775533.650  1776579.650  1783284.650  1795049.650  1798436.650
   620:  1799005.650  1806171.650  1806197.650  1833410.400  1833455.410
   625:  1833504.410  1833521.610  1833549.410  1833598.410  1833643.410
   630:  1833692.410  1833737.410  1833786.410  1833831.410  1833836.420
   635:  1834251.600  1834319.600  1834337.600  1834349.600  1834363.600
   640:  1835816.600  1837554.600  1837631.600  1837645.600  1837699.600
   645:  1837797.600  1837927.600  1838003.600  1838303.600  1838429.600
   650:  1838498.600  1838600.600  1838787.600  1839202.600  1840500.600
   655:  1840504.600  1840769.600  1840845.600  1889188.650  1889207.650
   660:  1909111.650  1928009.650  1928225.650  1928992.650  1934326.650
   665:  1938148.400  1938193.410  1938242.410  1938284.610  1938287.410
   670:  1938336.410  1938381.410  1938430.410  1938475.410  1938524.410
   675:  1938569.410  1938574.420  1941622.600  1941658.600  1941911.600
   680:  1941980.600  1942088.600  1942249.600  1942272.600  1942430.600
   685:  1942439.600  1942450.600  1942550.600  1942616.600  1942641.600
   690:  1942684.600  1942695.600  1942718.600  1942746.600  1942829.600
   695:  1942918.600  1943073.600  1943095.600  1943223.600  1943575.600
   700:  1944198.600  1958138.600  1966214.600  1966351.600  1966635.600
   705:  1987075.600  1996025.250  2018672.250  2019075.250  2019277.650
   710:  2089234.650  2089786.650  2090113.650  2090879.400  2090924.410
   715:  2090973.410  2091018.410  2091055.610  2091067.410  2091112.410
   720:  2091161.410  2091206.410  2091255.410  2091300.410  2091305.420
   725:  2093777.600  2093809.600  2093942.600  2093972.600  2094651.600
   730:  2094661.600  2094670.600  2094846.600  2094884.600  2094915.600
   735:  2095038.600  2095129.600  2095661.600  2345549.400  2345594.410
   740:  2345643.410  2345688.410  2345696.610  2345737.410  2345782.410
   745:  2345831.410  2345876.410  2345925.410  2345970.410  2345975.420
   750:  2346029.600  2346046.600  2346066.600  2346082.600  2347462.600
   755:  2348251.600  2348263.600  2348267.600  2348270.600  2348324.600
   760:  2348331.600  2348531.600  2348735.600  2349552.600  2349589.600
   765:  2349771.600  2349818.600  2350235.600  2350341.600  2350873.600
   770:  2353092.600  2353103.600  2406404.600  2406845.600  2406858.600
   775:  2418246.600  2425409.600  2484886.600  2494948.600  2504072.600
   780:  2567307.600  2567572.600  2567740.600  2568363.600  2569009.200
   785:  2569252.200  2573042.600  2573194.600  2577146.600  2590334.600
   790:  2590370.600  2590382.600  2590511.600  2595589.600  2596249.600
   795:  2602554.600  2602940.600  2603162.600  2603178.600  2639845.650
   800:  2652206.650  2673696.650  2673704.650  2708384.400  2708429.410
   805:  2708478.410  2708523.410  2708549.610  2708572.410  2708617.410
   810:  2708666.410  2708711.410  2708760.410  2708805.410  2708810.420
   815:  2709139.600  2709266.600  2709352.600  2709458.600  2709533.600
   820:  2709555.600  2709586.600  2709606.600  2709633.600  2709671.600
   825:  2709678.600  2709718.600  2710433.600  2710514.600  2710971.600
   830:  2710992.600  2711150.600  2711262.600  2711305.600  2711456.600
   835:  2712314.600  2712381.600  2712695.600  2712725.600  2712792.600
   840:  2714034.600  2714251.600  2714395.600  2744051.600  2757087.600
   845:  2757585.600  2765258.200  2765497.200  2766316.200  2768327.200
   850:  2769527.200  2951690.400  2951735.410  2951784.410  2951810.610
   855:  2951829.410  2951878.410  2951923.410  2951972.410  2952017.410
   860:  2952066.410  2952111.410  2952116.420  2952330.600  2952353.600
   865:  2952376.600  2952397.600  2952416.600  2952428.600  2952435.600
   870:  2952450.600  2952453.600  2952462.600  2952508.600  2952518.600
   875:  2953872.600  2954698.600  2954723.600  2954841.600  2954863.600
   880:  2954971.600  2955014.600  2955619.600  2955654.600  2955674.600
   885:  2955706.600  2955735.600  2955757.600  2955774.600  2955808.600
   890:  2955872.600  2955887.600  2955916.600  2955996.600  2956004.600
   895:  2956033.600  2956056.600  2956077.600  2957064.600  2957894.600
   900:  2957930.600  2959131.600  2959496.600  3137268.600  3182835.650
   905:  3190876.650  3212949.250  3213007.250  3230667.250  3236457.650
   910:  3236469.650  3247288.250  3249646.250  3249722.250  3250912.250
   915:  3267086.250  3269355.250  3272140.400  3272185.410  3272234.410
   920:  3272243.610  3272279.410  3272328.410  3272373.410  3272422.410
   925:  3272467.410  3272516.410  3272561.410  3272566.420  3276140.600
   930:  3276233.600  3276292.600  3276309.600  3276326.600  3276398.600
   935:  3276515.600  3276580.600  3276667.600  3276693.600  3276922.600
   940:  3276937.600  3277121.600  3277219.600  3277553.600  3285445.600
   945:  3285649.600  3955022.400  3955067.410  3955116.410  3955161.410
   950:  3955171.610  3955210.410  3955255.410  3955304.410  3955349.410
   955:  3955398.410  3955443.410  3955448.420  3957514.600  3957762.600
   960:  3957824.600  3957854.600  3959222.600  3959265.600  3959649.600
   965:  3959749.600  3959770.600  3959814.600  3959858.600  3959883.600
   970:  3959901.600  3959917.600  3959933.600  3959967.600  3959982.600
   975:  3960301.600  3960398.600  3985563.600  3995083.600  3995269.600
   980:  3995300.600  4009888.200  4187242.650  4188922.400  4188967.410
   985:  4189016.410  4189061.410  4189067.610  4189079.610  4189110.410
   990:  4189155.410  4189204.410  4189249.410  4189298.410  4189343.410
   995:  4189348.420  4193812.600  4193832.600  4194218.600  4194235.600
  1000:  4194258.600  4194277.600  4194304.600  4194312.600  4194329.600
  1005:  4194339.600  4194351.600  4194410.600  4194618.600  4194713.600
  1010:  4194746.600  4195061.600  4195832.600  4200424.600  4200670.600
  1015:  4202918.600  4209707.600  4213388.600  4327668.999
E:
     0:        5.200       16.300       28.800       43.200       59.900
     5:       80.100      105.300      139.300      191.600      330.300
F:
     0:        0.000        0.000        0.000        0.000        0.000
     5:        0.000
L:
     0:       57.000      109.000       70.000      106.000      102.000
     5:       91.000      216.000      185.000      101.000      110.000
    10:      135.000      175.000      146.000      164.000      119.000
    15:      102.000      148.000      144.000
M:
     0:        0.000        0.000        0.000        0.000        0.000
     5:        0.000
