File: C:\MED-PC IV\DATA\!2023-02-27_18h40m.Subject DF27


Start Date: 02/27/23
End Date: 02/28/23
Subject: DF27
Experiment: delayed_acquisition
Group: 1
Box: 7
Start Time: 18:40:39
End Time:  6:58:32
MSN: Delayed_Acquisition2_w_magmacro
G:       0.000
H:       0.000
I:       0.000
J:       0.000
K:       0.000
N:       0.000
O:       0.000
P:       0.000
Q:       0.000
R:       0.000
S:       0.000
T:       0.000
U:       0.000
V:       0.000
W:       0.000
X:       0.000
Y:       0.000
Z:       0.000
A:
     0:        2.000       60.000  4320000.000        1.000        0.000
     5:        1.000    96000.000        0.000       10.000        0.000
    10:        0.000        0.000        0.000        0.000        0.000
    15:        0.000        0.000        0.000        0.000        0.000
    20:        0.000        0.000        0.000        0.000        0.000
    25:        0.000        0.000        0.000        0.000        0.000
    30:        0.000        0.000        0.000        0.000        0.000
    35:        0.000        0.000        0.000        0.000        0.000
    40:        0.000        0.000        0.000        0.000        0.000
    45:        0.000        0.000        0.000        0.000        0.000
    50:        0.000        0.000        0.000        0.000        0.000
    55:        0.000        0.000        0.000        0.000        0.000
    60:        0.000        0.000        0.000        0.000        0.000
    65:        0.000        0.000        0.000        0.000        0.000
    70:        0.000        0.000        0.000        0.000        0.000
    75:        0.000        0.000        0.000        0.000        0.000
    80:        0.000        0.000        0.000        0.000        0.000
    85:        0.000        0.000        0.000        0.000        0.000
    90:        0.000        0.000        0.000        0.000        0.000
    95:        0.000        0.000        0.000        0.000        0.000
   100:        0.000
B:
     0:  4320000.000  4323834.000        1.000        9.000        0.000
     5:        0.000        0.000        9.000      497.000      646.000
    10:        0.000      398.000       10.000        8.000      120.000
    15:        0.000        9.000        0.000        0.000        0.000
    20:        0.000        0.000        0.000        0.000        0.000
    25:        0.000        0.000        0.000        0.000        0.000
    30:        1.017        0.000        0.000       90.000        0.000
    35:        0.000        0.000        0.000        0.000        0.000
    40:        0.000        0.000        0.000        0.000        0.000
    45:        0.000        0.000        0.000        0.000        0.000
    50:        0.000        0.000        0.000        0.000        0.000
    55:        0.000        0.000        0.000        0.000        0.000
    60:        0.000        0.000        0.000        0.000        0.000
    65:        0.000        0.000        0.000        0.000        0.000
    70:        0.000        0.000        0.000        0.000        0.000
    75:        0.000        0.000        0.000        0.000        0.000
    80:        0.000        0.000        0.000        0.000        0.000
    85:        0.000        0.000        0.000        0.000        0.000
    90:        0.000        0.000        0.000        0.000        0.000
    95:        0.000        0.000        0.000        0.000        0.000
   100:        0.000
C:
     0:     4308.100   100309.200   100309.200   100309.200   100309.200
     5:   100309.200   100309.200   100309.200   100309.200   100309.200
    10:   100309.200   100793.300   104914.300   107291.300   107659.300
    15:   107703.300   107893.300   108189.300   108192.300   108197.300
    20:   108512.300   108567.300   108601.300   108647.300   108673.300
    25:   108719.300   108738.300   108754.300   108810.300   108813.300
    30:   109760.300   109957.300   110614.300   110710.300   110857.300
    35:   110869.300   110881.300   111196.300   124034.300   124320.300
    40:   124348.300   124680.300   125542.300   125635.300   125821.300
    45:   139068.300   139415.300   139522.300   139664.300   139722.300
    50:   139732.300   139739.300   139753.300   140051.300   140580.300
    55:   192686.300   201281.300   207873.300   207910.300   243210.300
    60:   245013.300   245160.300   249444.300   298293.300   298441.300
    65:   303174.300   307518.300   332103.300   332395.300   338210.300
    70:   378813.300   379380.300   411549.300   464088.300   468628.300
    75:   468641.300   469489.300   469840.300   470290.300   470493.300
    80:   470525.300   478064.300   478119.300   478451.300   479688.300
    85:   479813.300   485844.300   508128.300   508509.300   508632.300
    90:   525396.300   525639.300   525684.300   555263.300   643600.300
    95:   643641.300   653832.300   653843.300   692581.300   692634.300
   100:   695443.300   695824.300   698592.300   699181.100   795182.200
   105:   795182.200   795182.200   795182.200   795182.200   795182.200
   110:   795182.200   795182.200   795182.200   795182.200   796955.300
   115:   797760.300   799239.300   799336.300   799348.300   799379.300
   120:   801593.300   801768.300   801868.300   801925.300   801957.300
   125:   807631.300   807644.300   807898.300   807937.300   807965.300
   130:   808427.300   808523.300   808587.300   809606.300   809638.300
   135:   810342.300   814275.300   814345.300   943060.300  1014310.300
   140:  1027056.300  1058748.300  1075436.300  1075485.300  1081400.300
   145:  1081844.300  1082167.300  1173190.300  1189008.300  1189140.300
   150:  1189159.300  1189171.300  1189202.300  1189867.300  1198801.300
   155:  1219310.300  1219434.300  1219832.300  1219878.300  1219894.300
   160:  1220020.300  1223127.100  1319128.200  1319128.200  1319128.200
   165:  1319128.200  1319128.200  1319128.200  1319128.200  1319128.200
   170:  1319128.200  1319128.200  1321661.300  1324167.300  1324272.300
   175:  1325645.300  1326447.300  1326579.300  1326618.300  1326753.300
   180:  1326762.300  1326881.300  1327035.300  1327101.300  1327177.300
   185:  1327232.300  1327254.300  1327321.300  1327639.300  1327687.300
   190:  1327794.300  1327801.300  1327807.300  1333666.300  1333681.300
   195:  1447630.100  1543631.200  1543631.200  1543631.200  1543631.200
   200:  1543631.200  1543631.200  1543631.200  1543631.200  1543631.200
   205:  1543631.200  1544695.300  1544725.300  1544733.300  1544738.300
   210:  1544748.300  1544795.300  1544826.300  1544835.300  1544849.300
   215:  1544863.300  1544866.300  1544884.300  1544921.300  1544937.300
   220:  1544945.300  1544959.300  1544971.300  1546078.300  1546100.300
   225:  1548088.300  1550531.300  1550548.300  1551382.300  1561623.300
   230:  1563326.100  1659327.200  1659327.200  1659327.200  1659327.200
   235:  1659327.200  1659327.200  1659327.200  1659327.200  1659327.200
   240:  1659327.200  1663845.300  1664067.300  1664273.300  1664295.300
   245:  1664593.300  1665602.300  1665909.300  1666058.300  1666303.300
   250:  1666533.300  1666537.300  1666977.300  1667475.300  1667534.300
   255:  1667726.300  1667732.300  1668093.300  1668965.300  1669296.300
   260:  1670329.300  1679887.300  1679973.300  1679990.300  1680257.300
   265:  1680488.300  1681353.300  1681499.300  1774873.300  1775044.300
   270:  1775065.300  1775079.300  1794965.300  1795070.300  1860700.300
   275:  1860804.300  1884228.300  1884241.300  1888671.300  1966066.300
   280:  1966160.300  1966173.300  1995790.300  2014307.100  2110308.200
   285:  2110308.200  2110308.200  2110308.200  2110308.200  2110308.200
   290:  2110308.200  2110308.200  2110308.200  2110308.200  2110608.300
   295:  2110621.300  2110634.300  2110640.300  2110642.300  2110679.300
   300:  2111253.300  2111323.300  2115464.300  2115478.300  2115692.300
   305:  2116069.300  2116273.300  2116324.300  2117273.300  2141885.300
   310:  2142349.300  2142827.300  2143253.300  2144138.300  2220544.300
   315:  2220660.300  2220731.300  2220849.300  2220882.300  2220916.300
   320:  2220933.300  2267911.300  2271717.300  2271726.300  2272328.300
   325:  2272360.300  2289476.300  2291997.300  2292109.300  2292148.300
   330:  2302636.300  2302665.300  2307342.300  2311637.300  2327132.300
   335:  2327380.300  2351151.300  2351292.300  2351360.300  2351394.300
   340:  2351406.300  2351465.300  2351512.300  2401071.300  2401111.300
   345:  2401550.300  2491709.300  2502434.300  2508743.100  2604744.200
   350:  2604744.200  2604744.200  2604744.200  2604744.200  2604744.200
   355:  2604744.200  2604744.200  2604744.200  2604744.200  2607060.300
   360:  2607093.300  2607149.300  2607188.300  2607225.300  2607250.300
   365:  2607259.300  2607289.300  2607296.300  2607304.300  2607660.300
   370:  2609301.300  2609437.300  2609494.300  2609520.300  2610116.300
   375:  2610295.300  2610302.300  2610595.300  2610888.300  2611225.300
   380:  2611508.300  2611569.300  2611877.300  2612313.300  2612347.300
   385:  2613238.300  2641217.300  2641474.300  2641964.300  2642330.300
   390:  2714066.300  2714118.300  2714193.300  2733283.300  2733777.300
   395:  2734045.300  2744057.300  2744111.300  2786331.300  2804465.300
   400:  2824801.300  2825149.300  2829083.100  2925084.200  2925084.200
   405:  2925084.200  2925084.200  2925084.200  2925084.200  2925084.200
   410:  2925084.200  2925084.200  2925084.200  2925446.300  2925475.300
   415:  2925499.300  2925515.300  2925521.300  2925534.300  2925544.300
   420:  2925583.300  2926627.300  2927586.300  2927951.300  2929839.300
   425:  2930176.300  2930199.300  2930687.300  2930696.300  2930713.300
   430:  2932705.300  2932722.300  2933638.300  2933894.300  2933922.300
   435:  2933926.300  2978386.300  2989244.300  2993836.300  2994521.300
   440:  2994531.300  2994815.300  2994826.300  2995341.300  2995578.300
   445:  2995588.300  2995596.300  2995714.300  3267952.300  3668700.300
   450:  3866723.300  3866772.300  3866789.300  3913708.300  3913832.300
   455:  3921559.300  3922231.300  3979137.300  3979169.300  3994741.300
   460:  3995005.300  3995839.300  3996360.300  3996467.300  4023044.100
   465:  4119045.200  4119045.200  4119045.200  4119045.200  4119045.200
   470:  4119045.200  4119045.200  4119045.200  4119045.200  4119045.200
   475:  4119943.300  4121063.300  4124807.300  4124979.300  4125228.300
   480:  4125584.300  4126064.300  4126095.300  4126147.300  4128313.300
   485:  4184676.300  4185025.300  4209145.300  4209190.300  4209447.300
   490:  4209742.300  4220347.300  4220596.300  4262806.300  4262923.300
   495:  4280009.300  4280094.300
D:
     0:        0.111     4308.200    12762.650    21374.650    21522.650
     5:    21547.650    21564.650    23897.250    34722.650    34746.650
    10:    57010.650    57927.650    61832.650    61865.650    61926.650
    15:    62418.650    62585.650    62703.650    62728.650    62734.650
    20:    63556.650    63566.650    63580.650    63828.650    63834.650
    25:    70814.650    83239.650    83328.650    83571.650    83749.650
    30:    83795.650    83834.650   100309.400   100354.410   100399.610
    35:   100403.410   100448.410   100497.410   100542.410   100591.410
    40:   100636.410   100660.610   100685.410   100730.410   100735.420
    45:   101219.600   105340.600   107717.600   108085.600   108129.600
    50:   108319.600   108615.600   108618.600   108623.600   108938.600
    55:   108993.600   109027.600   109073.600   109099.600   109145.600
    60:   109164.600   109180.600   109236.600   109239.600   110186.600
    65:   110383.600   111040.600   111136.600   111283.600   111295.600
    70:   111307.600   111622.600   124460.600   124746.600   124774.600
    75:   125106.600   125968.600   126061.600   126247.600   139494.600
    80:   139841.600   139948.600   140090.600   140148.600   140158.600
    85:   140165.600   140179.600   140477.600   141006.600   193112.600
    90:   201707.600   208299.600   208336.600   243636.600   245439.600
    95:   245586.600   249870.600   298719.600   298867.600   303600.600
   100:   307944.600   332529.600   332821.600   338636.600   379239.600
   105:   379806.600   411975.600   464514.600   469054.600   469067.600
   110:   469915.600   470266.600   470716.600   470919.600   470951.600
   115:   478490.600   478545.600   478877.600   480114.600   480239.600
   120:   486270.600   508554.600   508935.600   509058.600   525822.600
   125:   526065.600   526110.600   555689.600   644026.600   644067.600
   130:   654258.600   654269.600   693007.600   693060.600   695869.600
   135:   696250.600   699018.600   699607.200   699815.650   700121.650
   140:   700136.650   700644.650   716071.650   717477.650   778930.650
   145:   779353.650   795608.400   795653.410   795697.610   795702.410
   150:   795747.410   795796.410   795841.410   795890.410   795935.410
   155:   795984.410   796029.410   796034.420   797807.600   798612.600
   160:   800091.600   800188.600   800200.600   800231.600   802445.600
   165:   802620.600   802720.600   802777.600   802809.600   808483.600
   170:   808496.600   808750.600   808789.600   808817.600   809279.600
   175:   809375.600   809439.600   810458.600   810490.600   811194.600
   180:   815127.600   815197.600   943912.600  1015162.600  1027908.600
   185:  1059600.600  1076288.600  1076337.600  1082252.600  1082696.600
   190:  1083019.600  1174042.600  1189860.600  1189992.600  1190011.600
   195:  1190023.600  1190054.600  1190719.600  1199653.600  1220162.600
   200:  1220286.600  1220684.600  1220730.600  1220746.600  1220872.600
   205:  1223979.200  1235377.650  1241323.650  1241600.650  1241773.650
   210:  1241822.650  1241962.650  1304758.650  1304768.650  1308690.650
   215:  1309279.650  1309423.650  1319980.400  1320025.410  1320074.410
   220:  1320087.610  1320119.410  1320168.410  1320213.410  1320262.410
   225:  1320307.410  1320356.410  1320401.410  1320406.420  1322939.600
   230:  1325445.600  1325550.600  1326923.600  1327725.600  1327857.600
   235:  1327896.600  1328031.600  1328040.600  1328159.600  1328313.600
   240:  1328379.600  1328455.600  1328510.600  1328532.600  1328599.600
   245:  1328917.600  1328965.600  1329072.600  1329079.600  1329085.600
   250:  1334944.600  1334959.600  1448908.200  1449191.650  1449700.650
   255:  1518635.650  1518653.650  1526270.650  1526428.650  1526454.650
   260:  1526570.650  1526594.650  1526861.650  1526912.650  1526926.650
   265:  1544909.400  1544954.410  1545003.410  1545048.410  1545053.610
   270:  1545097.410  1545142.410  1545191.410  1545236.410  1545285.410
   275:  1545330.410  1545335.420  1546399.600  1546429.600  1546437.600
   280:  1546442.600  1546452.600  1546499.600  1546530.600  1546539.600
   285:  1546553.600  1546567.600  1546570.600  1546588.600  1546625.600
   290:  1546641.600  1546649.600  1546663.600  1546675.600  1547782.600
   295:  1547804.600  1549792.600  1552235.600  1552252.600  1553086.600
   300:  1563327.600  1565030.200  1565255.250  1565361.250  1565442.250
   305:  1565694.250  1566040.250  1566050.250  1566359.650  1585286.650
   310:  1585423.650  1616056.650  1616108.650  1661031.400  1661076.410
   315:  1661125.410  1661142.610  1661170.410  1661219.410  1661264.410
   320:  1661313.410  1661358.410  1661407.410  1661452.410  1661457.420
   325:  1665975.600  1666197.600  1666403.600  1666425.600  1666723.600
   330:  1667732.600  1668039.600  1668188.600  1668433.600  1668663.600
   335:  1668667.600  1669107.600  1669605.600  1669664.600  1669856.600
   340:  1669862.600  1670223.600  1671095.600  1671426.600  1672459.600
   345:  1682017.600  1682103.600  1682120.600  1682387.600  1682618.600
   350:  1683483.600  1683629.600  1777003.600  1777174.600  1777195.600
   355:  1777209.600  1797095.600  1797200.600  1862830.600  1862934.600
   360:  1886358.600  1886371.600  1890801.600  1968196.600  1968290.600
   365:  1968303.600  1997920.600  2016437.200  2025076.650  2025326.650
   370:  2025892.650  2026206.650  2027104.650  2027113.650  2027142.650
   375:  2027150.650  2027162.650  2027251.650  2027305.650  2028461.650
   380:  2028664.650  2028820.650  2028956.650  2028968.650  2031275.650
   385:  2036802.650  2036846.650  2042096.650  2042202.650  2042731.650
   390:  2042869.650  2112438.400  2112483.410  2112532.410  2112532.610
   395:  2112577.410  2112626.410  2112671.410  2112720.410  2112765.410
   400:  2112814.410  2112859.410  2112864.420  2113164.600  2113177.600
   405:  2113190.600  2113196.600  2113198.600  2113235.600  2113809.600
   410:  2113879.600  2118020.600  2118034.600  2118248.600  2118625.600
   415:  2118829.600  2118880.600  2119829.600  2144441.600  2144905.600
   420:  2145383.600  2145809.600  2146694.600  2223100.600  2223216.600
   425:  2223287.600  2223405.600  2223438.600  2223472.600  2223489.600
   430:  2270467.600  2274273.600  2274282.600  2274884.600  2274916.600
   435:  2292032.600  2294553.600  2294665.600  2294704.600  2305192.600
   440:  2305221.600  2309898.600  2314193.600  2329688.600  2329936.600
   445:  2353707.600  2353848.600  2353916.600  2353950.600  2353962.600
   450:  2354021.600  2354068.600  2403627.600  2403667.600  2404106.600
   455:  2494265.600  2504990.600  2511299.200  2511419.250  2511522.650
   460:  2512106.650  2550965.650  2551688.650  2551697.650  2551786.650
   465:  2592120.650  2592240.650  2601424.650  2607300.400  2607345.410
   470:  2607394.410  2607400.610  2607439.410  2607488.410  2607533.410
   475:  2607582.410  2607627.410  2607676.410  2607721.410  2607726.420
   480:  2610042.600  2610075.600  2610131.600  2610170.600  2610207.600
   485:  2610232.600  2610241.600  2610271.600  2610278.600  2610286.600
   490:  2610642.600  2612283.600  2612419.600  2612476.600  2612502.600
   495:  2613098.600  2613277.600  2613284.600  2613577.600  2613870.600
   500:  2614207.600  2614490.600  2614551.600  2614859.600  2615295.600
   505:  2615329.600  2616220.600  2644199.600  2644456.600  2644946.600
   510:  2645312.600  2717048.600  2717100.600  2717175.600  2736265.600
   515:  2736759.600  2737027.600  2747039.600  2747093.600  2789313.600
   520:  2807447.600  2827783.600  2828131.600  2832065.200  2833458.650
   525:  2833568.650  2837688.650  2838781.650  2839535.650  2839545.650
   530:  2839573.650  2840028.650  2840154.650  2840173.650  2840203.650
   535:  2840218.650  2856806.650  2856852.650  2928066.400  2928111.410
   540:  2928149.610  2928160.410  2928205.410  2928254.410  2928299.410
   545:  2928348.410  2928393.410  2928442.410  2928487.410  2928492.420
   550:  2928854.600  2928883.600  2928907.600  2928923.600  2928929.600
   555:  2928942.600  2928952.600  2928991.600  2930035.600  2930994.600
   560:  2931359.600  2933247.600  2933584.600  2933607.600  2934095.600
   565:  2934104.600  2934121.600  2936113.600  2936130.600  2937046.600
   570:  2937302.600  2937330.600  2937334.600  2981794.600  2992652.600
   575:  2997244.600  2997929.600  2997939.600  2998223.600  2998234.600
   580:  2998749.600  2998986.600  2998996.600  2999004.600  2999122.600
   585:  3271360.600  3672108.600  3870131.600  3870180.600  3870197.600
   590:  3917116.600  3917240.600  3924967.600  3925639.600  3982545.600
   595:  3982577.600  3998149.600  3998413.600  3999247.600  3999768.600
   600:  3999875.600  4026452.200  4095845.650  4096274.650  4096358.650
   605:  4096364.650  4096520.650  4096526.650  4096678.650  4096757.650
   610:  4097019.650  4122453.400  4122498.410  4122547.410  4122559.610
   615:  4122592.410  4122641.410  4122686.410  4122735.410  4122780.410
   620:  4122829.410  4122874.410  4122879.420  4123777.600  4124897.600
   625:  4128641.600  4128813.600  4129062.600  4129418.600  4129898.600
   630:  4129929.600  4129981.600  4132147.600  4188510.600  4188859.600
   635:  4212979.600  4213024.600  4213281.600  4213576.600  4224181.600
   640:  4224430.600  4266640.600  4266757.600  4283843.600  4283928.600
   645:  4323834.999
E:
     0:        5.200       16.300       28.800       43.200       59.900
     5:       80.100      105.300      139.300      191.600      330.300
F:
     0:        0.000        0.000        0.000        0.000        0.000
     5:        0.000
L:
     0:       89.000       88.000      106.000      143.000      110.000
     5:       93.000       99.000       82.000      105.000
M:
     0:        0.000        0.000        0.000        0.000        0.000
     5:        0.000
