File: C:\MED-PC IV\DATA\!2023-02-25_18h39m.Subject DF21


Start Date: 02/25/23
End Date: 02/26/23
Subject: DF21
Experiment: delayed_acquisition
Group: 1
Box: 1
Start Time: 18:39:48
End Time:  6:58:46
MSN: Delayed_Acquisition2_w_magmacro
G:       0.000
H:       0.000
I:       0.000
J:       0.000
K:       0.000
N:       0.000
O:       0.000
P:       0.000
Q:       0.000
R:       0.000
S:       0.000
T:       0.000
U:       0.000
V:       0.000
W:       0.000
X:       0.000
Y:       0.000
Z:       0.000
A:
     0:        2.000       60.000  4320000.000        1.000        0.000
     5:        1.000    96000.000        0.000       10.000        0.000
    10:        0.000        0.000        0.000        0.000        0.000
    15:        0.000        0.000        0.000        0.000        0.000
    20:        0.000        0.000        0.000        0.000        0.000
    25:        0.000        0.000        0.000        0.000        0.000
    30:        0.000        0.000        0.000        0.000        0.000
    35:        0.000        0.000        0.000        0.000        0.000
    40:        0.000        0.000        0.000        0.000        0.000
    45:        0.000        0.000        0.000        0.000        0.000
    50:        0.000        0.000        0.000        0.000        0.000
    55:        0.000        0.000        0.000        0.000        0.000
    60:        0.000        0.000        0.000        0.000        0.000
    65:        0.000        0.000        0.000        0.000        0.000
    70:        0.000        0.000        0.000        0.000        0.000
    75:        0.000        0.000        0.000        0.000        0.000
    80:        0.000        0.000        0.000        0.000        0.000
    85:        0.000        0.000        0.000        0.000        0.000
    90:        0.000        0.000        0.000        0.000        0.000
    95:        0.000        0.000        0.000        0.000        0.000
   100:        0.000
B:
     0:  4320000.000  4322982.000        1.000        7.000        0.000
     5:        0.000        0.000        7.000      369.000      456.000
    10:        0.000      292.000        7.000        4.000       67.000
    15:        0.000        7.000        0.000        0.000        0.000
    20:        0.000        0.000        0.000        0.000        0.000
    25:        0.000        0.000        0.000        0.000        0.000
    30:        1.000        0.000        0.000       70.000        0.000
    35:        0.000        0.000        0.000        0.000        0.000
    40:        0.000        0.000        0.000        0.000        0.000
    45:        0.000        0.000        0.000        0.000        0.000
    50:        0.000        0.000        0.000        0.000        0.000
    55:        0.000        0.000        0.000        0.000        0.000
    60:        0.000        0.000        0.000        0.000        0.000
    65:        0.000        0.000        0.000        0.000        0.000
    70:        0.000        0.000        0.000        0.000        0.000
    75:        0.000        0.000        0.000        0.000        0.000
    80:        0.000        0.000        0.000        0.000        0.000
    85:        0.000        0.000        0.000        0.000        0.000
    90:        0.000        0.000        0.000        0.000        0.000
    95:        0.000        0.000        0.000        0.000        0.000
   100:        0.000
C:
     0:    14028.100   110029.200   110029.200   110029.200   110029.200
     5:   110029.200   110029.200   110029.200   110029.200   110029.200
    10:   110029.200   110210.300   110213.300   110238.300   110253.300
    15:   110284.300   112236.300   112945.300   112958.300   112980.300
    20:   112993.300   113020.300   113027.300   113041.300   113721.300
    25:   113743.300   114430.300   114479.300   114513.300   114528.300
    30:   114539.300   114551.300   114592.300   115394.300   115598.300
    35:   115618.300   115644.300   132401.300   143969.300   144035.300
    40:   144464.300   144488.300   144499.300   144589.300   144731.300
    45:   144945.300   144954.300   192461.300   192467.300   205552.300
    50:   206666.300   214610.300   214655.300   214811.300   214852.300
    55:   214883.300   214920.300   214967.300   214995.300   215030.300
    60:   215099.300   215106.300   216169.300   249570.300   356137.300
    65:   359253.100   455254.200   455254.200   455254.200   455254.200
    70:   455254.200   455254.200   455254.200   455254.200   455254.200
    75:   455254.200   455994.300   456016.300   456047.300   456057.300
    80:   457379.300   457945.300   459679.300   465321.300   503591.300
    85:   506693.300   694652.300   694693.300   702780.300   745060.300
    90:   829786.300   841762.300   841866.300   842041.300   842103.300
    95:   842294.300   897349.300   913195.300   924115.300   924743.300
   100:   952175.300   953439.300   953477.300   953490.300   953538.300
   105:   954114.300   954426.300   954531.300   954698.300   999223.300
   110:  1052115.300  1094772.300  1113253.300  1132563.300  1132590.300
   115:  1189036.300  1189272.300  1189309.300  1191607.300  1314971.300
   120:  1315714.300  1316235.300  1316328.300  1316497.300  1317265.300
   125:  1341857.300  1428346.300  1428360.300  1485931.300  1500855.300
   130:  1501010.300  1501055.300  1510379.300  1531301.300  1540888.300
   135:  1560889.300  1574181.100  1670182.200  1670182.200  1670182.200
   140:  1670182.200  1670182.200  1670182.200  1670182.200  1670182.200
   145:  1670182.200  1670182.200  1670573.300  1670601.300  1670631.300
   150:  1670655.300  1670678.300  1670704.300  1670733.300  1670760.300
   155:  1670765.300  1670787.300  1670838.300  1672597.300  1673111.300
   160:  1673116.300  1675429.300  1675609.300  1675623.300  1675644.300
   165:  1675667.300  1676337.300  1676424.300  1676440.300  1678393.300
   170:  1691315.300  1702143.300  1702845.300  1713216.300  1716227.300
   175:  1734391.300  1771829.300  1771922.300  1786044.300  1825917.300
   180:  1837054.300  2006380.300  2036061.300  2036366.300  2108986.300
   185:  2119450.300  2129650.100  2225651.200  2225651.200  2225651.200
   190:  2225651.200  2225651.200  2225651.200  2225651.200  2225651.200
   195:  2225651.200  2225651.200  2228657.300  2228665.300  2228710.300
   200:  2229262.300  2229267.300  2229274.300  2229282.300  2229299.300
   205:  2231693.300  2231713.300  2232088.300  2232092.300  2233401.300
   210:  2233446.300  2235178.300  2235204.300  2235266.300  2261362.300
   215:  2282598.300  2382231.300  2427770.300  2447113.100  2543114.200
   220:  2543114.200  2543114.200  2543114.200  2543114.200  2543114.200
   225:  2543114.200  2543114.200  2543114.200  2543114.200  2545367.300
   230:  2545400.300  2545412.300  2545422.300  2545441.300  2545543.300
   235:  2545649.300  2545812.300  2546248.300  2547678.300  2547944.300
   240:  2548001.300  2548514.300  2548525.300  2549652.300  2549845.300
   245:  2551725.300  2552779.300  2569394.300  2569487.300  2569690.300
   250:  2598345.300  2598542.300  2598720.300  2598803.300  2629783.300
   255:  2629851.300  2640643.300  2640656.300  2640666.300  2640729.300
   260:  2640751.300  2640955.300  2641385.300  2641400.300  2641494.300
   265:  2641508.300  2641602.300  2641919.300  2641978.300  2645327.300
   270:  2645511.300  2645625.300  3162122.300  3180366.300  3180413.300
   275:  3196996.300  3289919.300  3318027.100  3414028.200  3414028.200
   280:  3414028.200  3414028.200  3414028.200  3414028.200  3414028.200
   285:  3414028.200  3414028.200  3414028.200  3414791.300  3414816.300
   290:  3414843.300  3414882.300  3414897.300  3414979.300  3416307.300
   295:  3417832.300  3417856.300  3417909.300  3417911.300  3417931.300
   300:  3418718.300  3418817.300  3419004.300  3419083.300  3419116.300
   305:  3419131.300  3420315.300  3420322.300  3420345.300  3422230.300
   310:  3813687.300  3820164.100  3916165.200  3916165.200  3916165.200
   315:  3916165.200  3916165.200  3916165.200  3916165.200  3916165.200
   320:  3916165.200  3916165.200  3917391.300  3917415.300  3917434.300
   325:  3917454.300  3917476.300  3917483.300  3917504.300  3917538.300
   330:  3917545.300  3917589.300  3917600.300  3917629.300  3917660.300
   335:  3917668.300  3917707.300  3917729.300  3917747.300  3917767.300
   340:  3917805.300  3917824.300  3917976.300  3918265.300  3919091.300
   345:  3919105.300  3919115.300  3919142.300  3919512.300  3919518.300
   350:  3919537.300  3919543.300  3920605.300  3920641.300  3920777.300
   355:  3920883.300  3921072.300  3923267.300  3923497.300  3923693.300
   360:  3924662.300  3924770.300  4001350.300  4023448.300  4023993.300
   365:  4025388.300  4065102.300  4065220.300  4065226.300
D:
     0:        0.111    14028.200    18407.650    28052.650    28163.650
     5:    45522.650    45899.650    45920.650    46368.650    46511.650
    10:    46723.650    47837.650    51649.250    52059.250    52683.650
    15:    52769.650    55812.650    56541.650    56667.650    57200.650
    20:    57234.650    57833.650    58010.650    58328.650    60759.650
    25:    61022.650    61188.650    61191.650    61333.650    69602.650
    30:    69919.650    83570.650    83967.650    84360.650    84387.650
    35:    84427.650   110029.400   110074.410   110113.610   110123.410
    40:   110168.410   110217.410   110262.410   110311.410   110356.410
    45:   110405.410   110450.410   110455.420   110636.600   110639.600
    50:   110664.600   110679.600   110710.600   112662.600   113371.600
    55:   113384.600   113406.600   113419.600   113446.600   113453.600
    60:   113467.600   114147.600   114169.600   114856.600   114905.600
    65:   114939.600   114954.600   114965.600   114977.600   115018.600
    70:   115820.600   116024.600   116044.600   116070.600   132827.600
    75:   144395.600   144461.600   144890.600   144914.600   144925.600
    80:   145015.600   145157.600   145371.600   145380.600   192887.600
    85:   192893.600   205978.600   207092.600   215036.600   215081.600
    90:   215237.600   215278.600   215309.600   215346.600   215393.600
    95:   215421.600   215456.600   215525.600   215532.600   216595.600
   100:   249996.600   356563.600   359679.200   359781.250   364375.650
   105:   404283.650   404690.650   405418.650   405602.650   405623.650
   110:   405632.650   405645.650   455680.400   455725.410   455742.610
   115:   455774.410   455819.410   455868.410   455913.410   455962.410
   120:   456007.410   456056.410   456101.410   456106.420   456846.600
   125:   456868.600   456899.600   456909.600   458231.600   458797.600
   130:   460531.600   466173.600   504443.600   507545.600   695504.600
   135:   695545.600   703632.600   745912.600   830638.600   842614.600
   140:   842718.600   842893.600   842955.600   843146.600   898201.600
   145:   914047.600   924967.600   925595.600   953027.600   954291.600
   150:   954329.600   954342.600   954390.600   954966.600   955278.600
   155:   955383.600   955550.600  1000075.600  1052967.600  1095624.600
   160:  1114105.600  1133415.600  1133442.600  1189888.600  1190124.600
   165:  1190161.600  1192459.600  1315823.600  1316566.600  1317087.600
   170:  1317180.600  1317349.600  1318117.600  1342709.600  1429198.600
   175:  1429212.600  1486783.600  1501707.600  1501862.600  1501907.600
   180:  1511231.600  1532153.600  1541740.600  1561741.600  1575033.200
   185:  1575348.650  1671034.400  1671079.410  1671128.410  1671164.610
   190:  1671173.410  1671222.410  1671267.410  1671316.410  1671361.410
   195:  1671410.410  1671455.410  1671460.420  1671851.600  1671879.600
   200:  1671909.600  1671933.600  1671956.600  1671982.600  1672011.600
   205:  1672038.600  1672043.600  1672065.600  1672116.600  1673875.600
   210:  1674389.600  1674394.600  1676707.600  1676887.600  1676901.600
   215:  1676922.600  1676945.600  1677615.600  1677702.600  1677718.600
   220:  1679671.600  1692593.600  1703421.600  1704123.600  1714494.600
   225:  1717505.600  1735669.600  1773107.600  1773200.600  1787322.600
   230:  1827195.600  1838332.600  2007658.600  2037339.600  2037644.600
   235:  2110264.600  2120728.600  2130928.200  2166244.650  2198991.650
   240:  2226929.400  2226974.410  2227023.410  2227024.610  2227068.410
   245:  2227117.410  2227162.410  2227211.410  2227256.410  2227305.410
   250:  2227350.410  2227355.420  2230361.600  2230369.600  2230414.600
   255:  2230966.600  2230971.600  2230978.600  2230986.600  2231003.600
   260:  2233397.600  2233417.600  2233792.600  2233796.600  2235105.600
   265:  2235150.600  2236882.600  2236908.600  2236970.600  2263066.600
   270:  2284302.600  2383935.600  2429474.600  2448817.200  2450117.650
   275:  2479499.650  2495909.650  2502268.250  2544818.400  2544863.410
   280:  2544912.410  2544957.410  2544961.610  2545006.410  2545051.410
   285:  2545100.410  2545145.410  2545194.410  2545239.410  2545244.420
   290:  2547497.600  2547530.600  2547542.600  2547552.600  2547571.600
   295:  2547673.600  2547779.600  2547942.600  2548378.600  2549808.600
   300:  2550074.600  2550131.600  2550644.600  2550655.600  2551782.600
   305:  2551975.600  2553855.600  2554909.600  2571524.600  2571617.600
   310:  2571820.600  2600475.600  2600672.600  2600850.600  2600933.600
   315:  2631913.600  2631981.600  2642773.600  2642786.600  2642796.600
   320:  2642859.600  2642881.600  2643085.600  2643515.600  2643530.600
   325:  2643624.600  2643638.600  2643732.600  2644049.600  2644108.600
   330:  2647457.600  2647641.600  2647755.600  3164252.600  3182496.600
   335:  3182543.600  3199126.600  3292049.600  3320157.200  3321255.650
   340:  3330326.650  3330485.650  3378070.650  3416158.400  3416203.410
   345:  3416239.610  3416252.410  3416297.410  3416346.410  3416391.410
   350:  3416440.410  3416485.410  3416534.410  3416579.410  3416584.420
   355:  3417347.600  3417372.600  3417399.600  3417438.600  3417453.600
   360:  3417535.600  3418863.600  3420388.600  3420412.600  3420465.600
   365:  3420467.600  3420487.600  3421274.600  3421373.600  3421560.600
   370:  3421639.600  3421672.600  3421687.600  3422871.600  3422878.600
   375:  3422901.600  3424786.600  3816243.600  3822720.200  3902008.650
   380:  3908416.650  3908837.650  3908920.650  3911240.650  3912734.650
   385:  3912774.650  3912961.650  3912971.650  3913055.650  3913114.650
   390:  3913167.650  3913585.650  3913663.650  3914019.650  3914103.650
   395:  3916185.650  3918721.400  3918766.410  3918815.410  3918833.610
   400:  3918860.410  3918909.410  3918954.410  3919003.410  3919048.410
   405:  3919097.410  3919142.410  3919147.420  3920373.600  3920397.600
   410:  3920416.600  3920436.600  3920458.600  3920465.600  3920486.600
   415:  3920520.600  3920527.600  3920571.600  3920582.600  3920611.600
   420:  3920642.600  3920650.600  3920689.600  3920711.600  3920729.600
   425:  3920749.600  3920787.600  3920806.600  3920958.600  3921247.600
   430:  3922073.600  3922087.600  3922097.600  3922124.600  3922494.600
   435:  3922500.600  3922519.600  3922525.600  3923587.600  3923623.600
   440:  3923759.600  3923865.600  3924054.600  3926249.600  3926479.600
   445:  3926675.600  3927644.600  3927752.600  4004332.600  4026430.600
   450:  4026975.600  4028370.600  4068084.600  4068202.600  4068208.600
   455:  4322982.999
E:
     0:        5.200       16.300       28.800       43.200       59.900
     5:       80.100      105.300      139.300      191.600      330.300
F:
     0:        0.000        0.000        0.000        0.000        0.000
     5:        0.000
L:
     0:       83.000       61.000      129.000       94.000      142.000
     5:       80.000      111.000
M:
     0:        0.000        0.000        0.000        0.000        0.000
     5:        0.000
