File: C:\MED-PC IV\DATA\!2023-03-03_19h13m.Subject DF22


Start Date: 03/03/23
End Date: 03/04/23
Subject: DF22
Experiment: delayed_acquisition
Group: 1
Box: 2
Start Time: 19:13:55
End Time:  7:26:06
MSN: Delayed_Acquisition2_w_magmacro
G:       0.000
H:       0.000
I:       0.000
J:       0.000
K:       0.000
N:       0.000
O:       0.000
P:       0.000
Q:       0.000
R:       0.000
S:       0.000
T:       0.000
U:       0.000
V:       0.000
W:       0.000
X:       0.000
Y:       0.000
Z:       0.000
A:
     0:        2.000       60.000  4320000.000        2.000        0.000
     5:        1.000    96000.000        0.000       10.000        0.000
    10:        0.000        0.000        0.000        0.000        0.000
    15:        0.000        0.000        0.000        0.000        0.000
    20:        0.000        0.000        0.000        0.000        0.000
    25:        0.000        0.000        0.000        0.000        0.000
    30:        0.000        0.000        0.000        0.000        0.000
    35:        0.000        0.000        0.000        0.000        0.000
    40:        0.000        0.000        0.000        0.000        0.000
    45:        0.000        0.000        0.000        0.000        0.000
    50:        0.000        0.000        0.000        0.000        0.000
    55:        0.000        0.000        0.000        0.000        0.000
    60:        0.000        0.000        0.000        0.000        0.000
    65:        0.000        0.000        0.000        0.000        0.000
    70:        0.000        0.000        0.000        0.000        0.000
    75:        0.000        0.000        0.000        0.000        0.000
    80:        0.000        0.000        0.000        0.000        0.000
    85:        0.000        0.000        0.000        0.000        0.000
    90:        0.000        0.000        0.000        0.000        0.000
    95:        0.000        0.000        0.000        0.000        0.000
   100:        0.000
B:
     0:  4320000.000  4320426.000        1.000        1.000        0.000
     5:        0.000        0.000        1.000     1604.000     1645.000
    10:        0.000     1593.000        1.000        0.000       37.000
    15:        0.000        1.000        0.000        0.000        0.000
    20:        0.000        0.000        0.000        0.000        0.000
    25:        0.000        0.000        0.000        0.000        0.000
    30:        0.920        0.000        0.000       10.000        0.000
    35:        0.000        0.000        0.000        0.000        0.000
    40:        0.000        0.000        0.000        0.000        0.000
    45:        0.000        0.000        0.000        0.000        0.000
    50:        0.000        0.000        0.000        0.000        0.000
    55:        0.000        0.000        0.000        0.000        0.000
    60:        0.000        0.000        0.000        0.000        0.000
    65:        0.000        0.000        0.000        0.000        0.000
    70:        0.000        0.000        0.000        0.000        0.000
    75:        0.000        0.000        0.000        0.000        0.000
    80:        0.000        0.000        0.000        0.000        0.000
    85:        0.000        0.000        0.000        0.000        0.000
    90:        0.000        0.000        0.000        0.000        0.000
    95:        0.000        0.000        0.000        0.000        0.000
   100:        0.000
C:
     0:      113.300      226.300      325.300     2291.300     3492.300
     5:     3542.300     5208.300     5388.300     5482.300     5550.300
    10:     5567.300     5608.300     6433.300     6467.300     6646.300
    15:     7063.300     7069.300     7124.300     7134.300     9146.300
    20:    13732.300    14522.300    14546.300    14947.300    15527.300
    25:    18747.300    19699.300    20510.300    23039.300    23514.300
    30:    24180.300    24617.300    25901.300    25930.300    38732.300
    35:    39798.300    40650.300    41749.300    42170.300    42509.300
    40:    43244.300    43447.300    44397.300    48776.300    50090.300
    45:    50741.300    52138.300    52145.300    53875.300    54014.300
    50:    54479.300    54576.300    54697.300    56812.300    60413.300
    55:    62093.300    62245.300    62264.300    63059.300    65081.300
    60:    65136.300    65209.300    65370.300    70423.300    72654.300
    65:    73791.300    73810.300    74209.300    79815.300    81082.300
    70:    81544.300    81833.300    86275.300    88349.300    88438.300
    75:    89974.300    90669.300    93751.300    94547.300    95297.300
    80:    96307.300    96513.300    97629.300    97786.300   101339.300
    85:   102711.300   103744.300   103792.300   104724.300   104835.300
    90:   112444.300   114309.300   118101.300   118934.300   120784.300
    95:   121497.300   122051.300   122105.300   122124.300   122263.300
   100:   122274.300   122280.300   122282.300   122291.300   122298.300
   105:   122326.300   122407.300   122848.300   123345.300   123503.300
   110:   123539.300   132789.300   135765.300   136032.300   136591.300
   115:   136828.300   137590.300   138197.300   138237.300   138450.300
   120:   138828.300   139273.300   139369.300   140244.300   140305.300
   125:   141858.300   147370.300   148246.300   148536.300   149236.300
   130:   154844.300   155750.300   155812.300   155869.300   157422.300
   135:   157707.300   157741.300   164213.300   176528.300   178007.300
   140:   181611.300   183561.300   184381.300   184420.300   185624.300
   145:   185724.300   186095.300   186467.300   186511.300   186729.300
   150:   186999.300   187108.300   188129.300   210351.300   211467.300
   155:   214654.300   215849.300   216001.300   216873.300   216965.300
   160:   217279.300   236299.300   236974.300   237902.300   238561.300
   165:   239103.300   240239.300   240884.300   241533.300   241566.300
   170:   242744.300   243080.300   243942.300   245730.300   247382.300
   175:   247486.300   247530.300   249609.300   250994.300   252958.300
   180:   253018.300   254741.300   256435.300   258096.300   258475.300
   185:   258550.300   260344.300   261170.300   261470.300   264226.300
   190:   266826.300   284878.300   284898.300   286061.300   286971.300
   195:   287806.300   298305.300   298348.300   298355.300   300189.300
   200:   300873.300   301617.300   305887.300   306622.300   306971.300
   205:   307181.300   307308.300   314570.300   321973.300   322772.300
   210:   322806.300   325280.300   325984.300   326137.300   338264.300
   215:   338348.300   338362.300   345576.300   346052.300   348068.300
   220:   349667.300   350497.300   351048.300   351141.300   352721.300
   225:   355775.300   359965.300   361855.300   363107.300   365052.300
   230:   365065.300   374276.300   375181.300   375460.300   375633.300
   235:   375998.300   377307.300   378366.300   380244.300   380474.300
   240:   380536.300   380841.300   381941.300   383018.300   383075.300
   245:   383253.300   384609.300   386034.300   386665.300   387734.300
   250:   387787.300   387821.300   388045.300   389689.300   390871.300
   255:   391031.300   391671.300   392788.300   395112.300   398471.300
   260:   401912.300   405130.300   406322.300   406856.300   407536.300
   265:   407611.300   407665.300   408262.300   434956.300   435645.300
   270:   435744.300   443059.300   444138.300   445078.300   445904.300
   275:   454572.300   456570.300   458062.300   459844.300   460127.300
   280:   460197.300   460238.300   463159.300   463182.300   463194.300
   285:   463420.300   463435.300   463565.300   463571.300   478859.300
   290:   479072.300   484751.300   484792.300   487507.300   487631.300
   295:   487715.300   494188.300   494204.300   497541.300   497590.300
   300:   498316.300   498947.300   499253.300   499276.300   499295.300
   305:   499307.300   499328.300   499350.300   499390.300   499410.300
   310:   499432.300   499464.300   499493.300   499513.300   499543.300
   315:   499555.300   499575.300   499590.300   499609.300   499737.300
   320:   499780.300   499792.300   499794.300   499812.300   499848.300
   325:   500457.300   500744.300   501317.300   501450.300   502109.300
   330:   502348.300   502441.300   507072.300   507820.300   507843.300
   335:   507883.300   507931.300   507997.300   508039.300   508080.300
   340:   508097.300   508105.300   508135.300   508331.300   508369.300
   345:   508556.300   508762.300   508795.300   508846.300   508856.300
   350:   509038.300   509102.300   509465.300   510000.300   510181.300
   355:   510236.300   510275.300   510306.300   510348.300   510390.300
   360:   510410.300   510441.300   510518.300   510593.300   510635.300
   365:   510848.300   510941.300   511642.300   511697.300   511740.300
   370:   512467.300   512506.300   513133.300   513200.300   513446.300
   375:   513495.300   539153.300   539871.300   540720.300   541323.300
   380:   541757.300   541942.300   541994.300   542167.300   542333.300
   385:   542791.300   546458.300   565634.300   566003.300   566725.300
   390:   567055.300   567739.300   567903.300   568665.300   569700.300
   395:   570858.300   570890.300   571700.300   573599.300   574490.300
   400:   575053.300   575429.300   575465.300   575915.300   575960.300
   405:   576538.300   576580.300   578359.300   580051.300   580808.300
   410:   581688.300   583681.300   583725.300   583772.300   595460.300
   415:   596161.300   596731.300   597567.300   598384.300   602101.300
   420:   608878.300   610490.300   610913.300   611189.300   612606.300
   425:   613386.300   613565.300   613655.300   630547.300   631056.300
   430:   632267.300   633125.300   633962.300   633991.300   634102.300
   435:   634878.300   634922.300   635862.300   635864.300   635915.300
   440:   635928.300   636817.300   645220.300   645253.300   647081.300
   445:   648161.300   648976.300   649169.300   661571.300   662329.300
   450:   665901.300   674686.300   675408.300   681447.300   682008.300
   455:   682777.300   682971.300   683732.300   684327.300   684856.300
   460:   684975.300   685594.300   710711.300   711995.300   712155.300
   465:   712208.300   713178.300   713377.300   713386.300   713398.300
   470:   713419.300   713450.300   713469.300   713537.300   714557.300
   475:   715274.300   715795.300   717490.300   717567.300   718898.300
   480:   720199.300   720368.300   720497.300   721547.300   721718.300
   485:   722043.300   722082.300   724028.300   726922.300   727941.300
   490:   729196.300   731890.300   732216.300   735833.300   793428.300
   495:   794739.300   795680.300   796626.300   797496.300   797523.300
   500:   799093.300   800886.300   800944.300   808356.300   809699.300
   505:   809767.300   809807.300   809911.300   810977.300   811056.300
   510:   812017.300   812157.300   812585.300   812657.300   813570.300
   515:   814277.300   814327.300   814366.300   814525.300   815378.300
   520:   815384.300   815396.300   815641.300   815955.300   816076.300
   525:   816111.300   816118.300   816121.300   816910.300   817089.300
   530:   817171.300   817848.300   818740.300   820909.300   822730.300
   535:   822804.300   822939.300   823683.300   823791.300   825984.300
   540:   827222.300   827267.300   828320.300   830774.300   832805.300
   545:   833734.300   833977.300   834052.300   834493.300   834582.300
   550:   835368.300   835513.300   836555.300   838813.300   838871.300
   555:   840187.300   840803.300   841207.300   841344.300   842184.300
   560:   842361.300   843801.300   844758.300   845090.300   846121.300
   565:   846254.300   846918.300   846977.300   847762.300   848311.300
   570:   849134.300   850362.300   852117.300   852142.300   852199.300
   575:   854174.300   854852.300   854860.300   854868.300   855105.300
   580:   855117.300   855211.300   855222.300   855243.300   855505.300
   585:   855578.300   855805.300   855954.300   856510.300   856582.300
   590:   857622.300   858826.300   858853.300   859474.300   859546.300
   595:   859564.300   862902.300   863958.300   864445.300   864547.300
   600:   866117.300   866174.300   866210.300   869785.300   870377.300
   605:   871145.300   871603.300   871635.300   871828.300   872755.300
   610:   872904.300   873298.300   873471.300   873523.300   873600.300
   615:   878964.300   912004.300   912825.300   912989.300   913379.300
   620:   913537.300   913546.300   913710.300   915305.300   915910.300
   625:   915991.300   916812.300   916883.300   920375.300   921847.300
   630:   921865.300   921906.300   922013.300   922270.300   935743.300
   635:   936015.300   936162.300   942859.300   943278.300   943346.300
   640:   946130.300   950700.300   950732.300   952027.300   952091.300
   645:   952411.300   952961.300   953068.300   953116.300   953832.300
   650:   953881.300   956693.300   957605.300   957664.300   959490.300
   655:   960328.300   960382.300   960428.300   960465.300   960477.300
   660:   960485.300   960494.300   960503.300   960974.300   961495.300
   665:   961997.300   962707.300   973001.300   979176.300   979846.300
   670:  1015510.300  1015836.300  1015955.300  1017475.300  1019126.300
   675:  1023499.300  1027292.300  1027464.300  1033339.300  1034105.300
   680:  1039809.300  1045710.300  1046314.300  1046352.300  1046360.300
   685:  1046385.300  1046403.300  1046497.300  1046510.300  1046576.300
   690:  1046916.300  1047185.300  1047199.300  1047222.300  1047374.300
   695:  1047424.300  1047437.300  1047467.300  1047880.300  1047923.300
   700:  1048530.300  1048776.300  1049004.300  1103824.300  1104285.300
   705:  1104675.300  1104836.300  1105035.300  1105416.300  1105454.300
   710:  1108952.300  1110463.300  1116849.300  1116932.300  1117969.300
   715:  1118733.300  1119843.300  1123040.300  1123355.300  1123410.300
   720:  1124518.300  1125599.300  1131978.300  1132540.300  1132837.300
   725:  1133264.300  1134309.300  1134410.300  1135238.300  1143206.300
   730:  1144375.300  1145006.300  1145037.300  1145542.300  1146034.300
   735:  1146581.300  1146997.300  1147653.300  1148949.300  1150009.300
   740:  1150112.300  1150143.300  1150472.300  1151100.300  1178292.300
   745:  1178829.300  1180085.300  1180856.300  1185195.300  1186435.300
   750:  1187157.300  1187221.300  1194568.300  1195614.300  1196359.300
   755:  1196365.300  1196470.300  1196575.300  1197615.300  1220336.300
   760:  1220389.300  1220641.300  1224434.300  1224493.300  1224608.300
   765:  1226784.300  1227836.300  1228402.300  1228453.300  1228668.300
   770:  1229105.300  1229366.300  1257628.300  1259679.300  1261170.300
   775:  1261223.300  1262023.300  1262836.300  1263590.300  1264157.300
   780:  1264226.300  1265410.300  1265461.300  1265503.300  1265607.300
   785:  1265642.300  1265646.300  1265766.300  1265876.300  1265957.300
   790:  1269614.300  1270334.300  1270980.300  1272957.300  1272997.300
   795:  1274061.300  1280542.300  1284440.300  1285095.300  1285973.300
   800:  1297646.300  1298436.300  1299261.300  1300732.300  1301524.300
   805:  1301696.300  1301861.300  1302537.300  1302806.300  1303046.300
   810:  1303111.300  1305308.300  1306266.300  1308609.300  1309931.300
   815:  1309964.300  1310136.300  1310320.300  1310850.300  1310899.300
   820:  1311081.300  1334945.300  1335582.300  1336963.300  1337030.300
   825:  1337971.300  1338060.300  1339222.300  1339318.300  1339394.300
   830:  1341271.300  1342452.300  1343431.300  1344953.300  1346902.300
   835:  1384925.300  1406387.300  1407000.300  1407489.300  1410885.300
   840:  1626253.300  1637415.300  1637797.300  1638019.300  1638083.300
   845:  1641070.300  1641648.300  1642034.300  1642253.300  1642830.300
   850:  1643766.300  1644672.300  1645558.300  1650743.300  1650803.300
   855:  1651222.300  1653111.300  1654032.300  1657193.300  1657845.300
   860:  1662017.300  1662924.300  1664403.300  1665159.300  1665538.300
   865:  1665618.300  1669658.300  1670481.300  1671674.300  1673078.300
   870:  1673115.300  1673177.300  1673677.300  1674344.300  1674812.300
   875:  1675355.300  1682703.300  1682797.300  1683150.300  1684596.300
   880:  1686073.300  1690340.300  1691569.300  1691753.300  1691794.300
   885:  1691827.300  1691846.300  1691862.300  1691922.300  1691976.300
   890:  1691987.300  1692124.300  1692172.300  1692238.300  1692916.300
   895:  1693149.300  1693541.300  1694715.300  1694918.300  1695018.300
   900:  1695051.300  1695699.300  1695753.300  1695843.300  1695853.300
   905:  1695866.300  1695881.300  1695900.300  1695912.300  1695982.300
   910:  1696010.300  1696022.300  1696035.300  1697019.300  1698045.300
   915:  1699945.300  1702731.300  1702764.300  1710674.300  1710819.300
   920:  1710882.300  1710897.300  1711082.300  1711308.300  1712463.300
   925:  1713365.300  1713508.300  1713802.300  1713868.300  1714656.300
   930:  1715670.300  1717276.300  1719806.300  1720547.300  1721209.300
   935:  1722470.300  1728857.300  1729197.300  1730817.300  1748041.300
   940:  1748903.300  1749392.300  1749402.300  1749643.300  1749721.300
   945:  1751950.300  1754129.300  1754365.300  1754382.300  1754941.300
   950:  1754954.300  1754961.300  1756169.300  1759510.300  1761595.300
   955:  1771433.300  1772611.300  1773112.300  1774590.300  1775061.300
   960:  1776614.300  1776733.300  1777035.300  1777150.300  1777271.300
   965:  1777355.300  1777412.300  1779716.300  1789397.300  1789460.300
   970:  1789560.300  1789985.300  1790725.300  1791621.300  1817434.300
   975:  1818571.300  1825392.300  1829896.300  1833187.300  1834296.300
   980:  1834402.300  1834834.300  1835498.300  1836714.300  1837248.300
   985:  1837285.300  1837405.300  1840099.300  1841156.300  1841205.300
   990:  1841577.300  1841755.300  1841768.300  1842680.300  1845034.300
   995:  1845062.300  1845100.300  1845545.300  1846017.300  1846048.300
  1000:  1846931.300  1853621.300  1854836.300  1856675.300  1859754.300
  1005:  1859825.300  1859883.300  1861696.300  1861792.300  1866603.300
  1010:  1867428.300  1867502.300  1874444.300  1877339.300  1884779.300
  1015:  1895906.300  1898258.300  1899388.300  1899572.300  1899654.300
  1020:  1900070.300  1907857.300  1919060.300  1920350.300  1920883.300
  1025:  1921593.300  1921946.300  1925519.300  1926993.300  1927946.300
  1030:  1927957.300  1976888.300  1976935.300  1977510.300  1978286.300
  1035:  1979401.300  1981474.300  1983596.300  1984494.300  1984541.300
  1040:  1984793.300  1989172.300  1989985.300  1990374.300  1991980.300
  1045:  1993019.300  1994149.300  1994780.300  2000995.300  2004039.300
  1050:  2004515.300  2004551.300  2004564.300  2004635.300  2004691.300
  1055:  2004740.300  2005794.300  2006290.300  2007039.300  2007066.300
  1060:  2013590.300  2037612.300  2039907.300  2039922.300  2039975.300
  1065:  2040936.300  2041118.300  2041845.300  2061276.300  2067981.300
  1070:  2068598.300  2073325.300  2074116.300  2074121.300  2080371.300
  1075:  2085753.300  2088625.300  2088891.300  2089326.300  2096089.300
  1080:  2096094.300  2099897.300  2102551.300  2103397.300  2103585.300
  1085:  2103938.300  2104440.300  2104518.300  2104529.300  2104577.300
  1090:  2104707.300  2105062.300  2105712.300  2105716.300  2105777.300
  1095:  2105857.300  2105906.300  2105912.300  2106659.300  2107266.300
  1100:  2108184.300  2108210.300  2109294.300  2114904.300  2115055.300
  1105:  2115076.300  2117319.300  2117704.300  2120001.300  2125090.300
  1110:  2126076.300  2134501.300  2136341.300  2137379.300  2137430.300
  1115:  2138091.300  2138842.300  2143839.300  2145890.300  2147907.300
  1120:  2150495.300  2151465.300  2152732.300  2153124.300  2153153.300
  1125:  2153239.300  2153540.300  2154792.300  2156668.300  2156804.300
  1130:  2157490.300  2165209.300  2165371.300  2165597.300  2166311.300
  1135:  2169972.300  2174796.300  2175875.300  2176520.300  2176638.300
  1140:  2176994.300  2177073.300  2219358.300  2219880.300  2220387.300
  1145:  2220416.300  2220461.300  2220979.300  2221865.300  2226262.300
  1150:  2226825.300  2227437.300  2227602.300  2227655.300  2233042.300
  1155:  2233985.300  2239614.300  2239656.300  2247436.300  2249513.300
  1160:  2250029.300  2250090.300  2250296.300  2252971.300  2254163.300
  1165:  2261586.300  2261845.300  2262166.300  2262350.300  2262611.300
  1170:  2262615.300  2264537.300  2265477.300  2266358.300  2267019.300
  1175:  2267195.300  2267319.300  2267776.300  2270953.300  2271782.300
  1180:  2271974.300  2272022.300  2274048.300  2274198.300  2274578.300
  1185:  2278143.300  2278217.300  2278275.300  2278529.300  2279263.300
  1190:  2279332.300  2280312.300  2284494.100  2380495.200  2380495.200
  1195:  2380495.200  2380495.200  2380495.200  2380495.200  2380495.200
  1200:  2380495.200  2380495.200  2380495.200  2380497.300  2386409.300
  1205:  2386568.300  2387179.300  2395960.300  2411456.300  2412194.300
  1210:  2418224.300  2419399.300  2419860.300  2422190.300  2423108.300
  1215:  2449358.300  2449410.300  2450271.300  2451059.300  2451554.300
  1220:  2451605.300  2451946.300  2452709.300  2452756.300  2452996.300
  1225:  2453091.300  2453610.300  2453835.300  2453985.300  2454422.300
  1230:  2456241.300  2457439.300  2457887.300  2459125.300  2818423.300
  1235:  2818752.300  2819341.300  2823731.300  2836824.300  2837328.300
  1240:  2845483.300  2846208.300  2847098.300  3206664.300  3207621.300
  1245:  3208115.300  3208252.300  3208325.300  3210644.300  3211347.300
  1250:  3212541.300  3212637.300  3212642.300  3212652.300  3212710.300
  1255:  3213384.300  3214037.300  3218184.300  3218881.300  3225081.300
  1260:  3228384.300  3230386.300  3230997.300  3231010.300  3231023.300
  1265:  3232269.300  3233848.300  3234567.300  3235451.300  3239191.300
  1270:  3239739.300  3239837.300  3239998.300  3240301.300  3240320.300
  1275:  3240720.300  3240743.300  3240952.300  3242086.300  3242845.300
  1280:  3242864.300  3253701.300  3253727.300  3253762.300  3263923.300
  1285:  3265336.300  3266904.300  3267180.300  3271768.300  3271814.300
  1290:  3277022.300  3277074.300  3280861.300  3281403.300  3310373.300
  1295:  3310411.300  3310416.300  3311321.300  3312862.300  3323408.300
  1300:  3323641.300  3324109.300  3324176.300  3324262.300  3328920.300
  1305:  3330544.300  3372988.300  3373252.300  3375132.300  3377055.300
  1310:  3410597.300  3414171.300  3416288.300  3565749.300  3566933.300
  1315:  3566975.300  3567036.300  3572904.300  3573569.300  3573741.300
  1320:  3574296.300  3575033.300  3577444.300  3583481.300  3583559.300
  1325:  3584779.300  3584895.300  3585449.300  3585566.300  3586340.300
  1330:  3586728.300  3586881.300  3587433.300  3588018.300  3588479.300
  1335:  3589212.300  3590661.300  3591629.300  3591793.300  3607631.300
  1340:  3608433.300  3609666.300  3609908.300  3609992.300  3610047.300
  1345:  3610174.300  3612019.300  3612080.300  3612673.300  3613338.300
  1350:  3613481.300  3614518.300  3614633.300  3617717.300  3618353.300
  1355:  3619072.300  3619666.300  3640111.300  3640142.300  3641356.300
  1360:  3642327.300  3652392.300  3653116.300  3661530.300  3662472.300
  1365:  3668560.300  3668907.300  3674167.300  3675120.300  3675340.300
  1370:  3676735.300  3676867.300  3676953.300  3682433.300  3683831.300
  1375:  3689550.300  3690275.300  3690855.300  3690963.300  3691250.300
  1380:  3691262.300  3691269.300  3694611.300  3700672.300  3701731.300
  1385:  3701899.300  3701973.300  3702032.300  3710283.300  3710368.300
  1390:  3732135.300  3732865.300  3732929.300  3733892.300  3757109.300
  1395:  3757931.300  3757988.300  3758009.300  3758537.300  3758939.300
  1400:  3758956.300  3766165.300  3768669.300  3769746.300  3769894.300
  1405:  3769907.300  3769927.300  3771271.300  3771320.300  3771830.300
  1410:  3805904.300  3806785.300  3822272.300  3831461.300  3831524.300
  1415:  3831625.300  3832590.300  3833325.300  3846410.300  3847026.300
  1420:  3847277.300  3848316.300  3853142.300  3853439.300  3853475.300
  1425:  3853493.300  3853889.300  3854289.300  3854337.300  3854340.300
  1430:  3864105.300  3864653.300  3869929.300  3882547.300  3882956.300
  1435:  3886479.300  3887777.300  3888287.300  3888310.300  3892832.300
  1440:  3896622.300  3896748.300  3912725.300  3915295.300  3919212.300
  1445:  3920340.300  3920552.300  3920568.300  3934288.300  3934933.300
  1450:  3935096.300  3935165.300  3937208.300  3938302.300  3940311.300
  1455:  3941855.300  3942334.300  3943035.300  3943129.300  3948688.300
  1460:  3948734.300  3948772.300  3949588.300  3955152.300  3955962.300
  1465:  3962758.300  3970440.300  3970501.300  3970544.300  3971240.300
  1470:  3974522.300  3979420.300  3983957.300  3984018.300  3984126.300
  1475:  4000174.300  4005621.300  4006694.300  4006729.300  4006734.300
  1480:  4010205.300  4011319.300  4030882.300  4038893.300  4044662.300
  1485:  4045103.300  4045246.300  4045390.300  4045772.300  4046016.300
  1490:  4051796.300  4052360.300  4054906.300  4055151.300  4060801.300
  1495:  4061193.300  4061233.300  4061301.300  4061801.300  4062607.300
  1500:  4062673.300  4062707.300  4062887.300  4062951.300  4063250.300
  1505:  4063318.300  4063541.300  4066896.300  4072285.300  4074201.300
  1510:  4074729.300  4078239.300  4082434.300  4086560.300  4091348.300
  1515:  4098405.300  4115532.300  4116316.300  4116723.300  4116816.300
  1520:  4116905.300  4117054.300  4118605.300  4131239.300  4132239.300
  1525:  4135668.300  4135794.300  4135905.300  4136337.300  4136688.300
  1530:  4136819.300  4142474.300  4142653.300  4142916.300  4142976.300
  1535:  4143058.300  4161947.300  4162495.300  4163114.300  4166221.300
  1540:  4166281.300  4172481.300  4172504.300  4173132.300  4173261.300
  1545:  4178076.300  4178659.300  4179061.300  4179568.300  4183639.300
  1550:  4184043.300  4197912.300  4198194.300  4198616.300  4204884.300
  1555:  4205066.300  4205284.300  4206214.300  4212711.300  4224543.300
  1560:  4225236.300  4228522.300  4228549.300  4229401.300  4232567.300
  1565:  4232716.300  4237936.300  4238646.300  4238849.300  4239913.300
  1570:  4240097.300  4240255.300  4240617.300  4240625.300  4247866.300
  1575:  4248644.300  4251859.300  4255304.300  4256136.300  4256207.300
  1580:  4261030.300  4261121.300  4261162.300  4261557.300  4261836.300
  1585:  4261929.300  4262074.300  4262417.300  4283644.300  4284435.300
  1590:  4287301.300  4288339.300  4288441.300  4289400.300  4289533.300
  1595:  4292843.300  4312789.300  4315069.300  4315759.300  4316952.300
  1600:  4317837.300  4317852.300  4318447.300  4318646.300
D:
     0:        0.111      113.600      226.600      325.600     2291.600
     5:     3492.600     3542.600     5208.600     5388.600     5482.600
    10:     5550.600     5567.600     5608.600     6433.600     6467.600
    15:     6646.600     7063.600     7069.600     7124.600     7134.600
    20:     9146.600    13732.600    14522.600    14546.600    14947.600
    25:    15527.600    18747.600    19699.600    20510.600    23039.600
    30:    23514.600    24180.600    24617.600    25901.600    25930.600
    35:    38732.600    39798.600    40650.600    41749.600    42170.600
    40:    42509.600    43244.600    43447.600    44397.600    48776.600
    45:    50090.600    50741.600    52138.600    52145.600    53875.600
    50:    54014.600    54479.600    54576.600    54697.600    56812.600
    55:    60413.600    62093.600    62245.600    62264.600    63059.600
    60:    65081.600    65136.600    65209.600    65370.600    70423.600
    65:    72654.600    73791.600    73810.600    74209.600    79815.600
    70:    81082.600    81544.600    81833.600    86275.600    88349.600
    75:    88438.600    89974.600    90669.600    93751.600    94547.600
    80:    95297.600    96307.600    96513.600    97629.600    97786.600
    85:   101339.600   102711.600   103744.600   103792.600   104724.600
    90:   104835.600   112444.600   114309.600   118101.600   118934.600
    95:   120784.600   121497.600   122051.600   122105.600   122124.600
   100:   122263.600   122274.600   122280.600   122282.600   122291.600
   105:   122298.600   122326.600   122407.600   122848.600   123345.600
   110:   123503.600   123539.600   132789.600   135765.600   136032.600
   115:   136591.600   136828.600   137590.600   138197.600   138237.600
   120:   138450.600   138828.600   139273.600   139369.600   140244.600
   125:   140305.600   141858.600   147370.600   148246.600   148536.600
   130:   149236.600   154844.600   155750.600   155812.600   155869.600
   135:   157422.600   157707.600   157741.600   164213.600   176528.600
   140:   178007.600   181611.600   183561.600   184381.600   184420.600
   145:   185624.600   185724.600   186095.600   186467.600   186511.600
   150:   186729.600   186999.600   187108.600   188129.600   210351.600
   155:   211467.600   214654.600   215849.600   216001.600   216873.600
   160:   216965.600   217279.600   236299.600   236974.600   237902.600
   165:   238561.600   239103.600   240239.600   240884.600   241533.600
   170:   241566.600   242744.600   243080.600   243942.600   245730.600
   175:   247382.600   247486.600   247530.600   249609.600   250994.600
   180:   252958.600   253018.600   254741.600   256435.600   258096.600
   185:   258475.600   258550.600   260344.600   261170.600   261470.600
   190:   264226.600   266826.600   284878.600   284898.600   286061.600
   195:   286971.600   287806.600   298305.600   298348.600   298355.600
   200:   300189.600   300873.600   301617.600   305887.600   306622.600
   205:   306971.600   307181.600   307308.600   314570.600   321973.600
   210:   322772.600   322806.600   325280.600   325984.600   326137.600
   215:   338264.600   338348.600   338362.600   345576.600   346052.600
   220:   348068.600   349667.600   350497.600   351048.600   351141.600
   225:   352721.600   355775.600   359965.600   361855.600   363107.600
   230:   365052.600   365065.600   374276.600   375181.600   375460.600
   235:   375633.600   375998.600   377307.600   378366.600   380244.600
   240:   380474.600   380536.600   380841.600   381941.600   383018.600
   245:   383075.600   383253.600   384609.600   386034.600   386665.600
   250:   387734.600   387787.600   387821.600   388045.600   389689.600
   255:   390871.600   391031.600   391671.600   392788.600   395112.600
   260:   398471.600   401912.600   405130.600   406322.600   406856.600
   265:   407536.600   407611.600   407665.600   408262.600   434956.600
   270:   435645.600   435744.600   443059.600   444138.600   445078.600
   275:   445904.600   454572.600   456570.600   458062.600   459844.600
   280:   460127.600   460197.600   460238.600   463159.600   463182.600
   285:   463194.600   463420.600   463435.600   463565.600   463571.600
   290:   478859.600   479072.600   484751.600   484792.600   487507.600
   295:   487631.600   487715.600   494188.600   494204.600   497541.600
   300:   497590.600   498316.600   498947.600   499253.600   499276.600
   305:   499295.600   499307.600   499328.600   499350.600   499390.600
   310:   499410.600   499432.600   499464.600   499493.600   499513.600
   315:   499543.600   499555.600   499575.600   499590.600   499609.600
   320:   499737.600   499780.600   499792.600   499794.600   499812.600
   325:   499848.600   500457.600   500744.600   501317.600   501450.600
   330:   502109.600   502348.600   502441.600   507072.600   507820.600
   335:   507843.600   507883.600   507931.600   507997.600   508039.600
   340:   508080.600   508097.600   508105.600   508135.600   508331.600
   345:   508369.600   508556.600   508762.600   508795.600   508846.600
   350:   508856.600   509038.600   509102.600   509465.600   510000.600
   355:   510181.600   510236.600   510275.600   510306.600   510348.600
   360:   510390.600   510410.600   510441.600   510518.600   510593.600
   365:   510635.600   510848.600   510941.600   511642.600   511697.600
   370:   511740.600   512467.600   512506.600   513133.600   513200.600
   375:   513446.600   513495.600   539153.600   539871.600   540720.600
   380:   541323.600   541757.600   541942.600   541994.600   542167.600
   385:   542333.600   542791.600   546458.600   565634.600   566003.600
   390:   566725.600   567055.600   567739.600   567903.600   568665.600
   395:   569700.600   570858.600   570890.600   571700.600   573599.600
   400:   574490.600   575053.600   575429.600   575465.600   575915.600
   405:   575960.600   576538.600   576580.600   578359.600   580051.600
   410:   580808.600   581688.600   583681.600   583725.600   583772.600
   415:   595460.600   596161.600   596731.600   597567.600   598384.600
   420:   602101.600   608878.600   610490.600   610913.600   611189.600
   425:   612606.600   613386.600   613565.600   613655.600   630547.600
   430:   631056.600   632267.600   633125.600   633962.600   633991.600
   435:   634102.600   634878.600   634922.600   635862.600   635864.600
   440:   635915.600   635928.600   636817.600   645220.600   645253.600
   445:   647081.600   648161.600   648976.600   649169.600   661571.600
   450:   662329.600   665901.600   674686.600   675408.600   681447.600
   455:   682008.600   682777.600   682971.600   683732.600   684327.600
   460:   684856.600   684975.600   685594.600   710711.600   711995.600
   465:   712155.600   712208.600   713178.600   713377.600   713386.600
   470:   713398.600   713419.600   713450.600   713469.600   713537.600
   475:   714557.600   715274.600   715795.600   717490.600   717567.600
   480:   718898.600   720199.600   720368.600   720497.600   721547.600
   485:   721718.600   722043.600   722082.600   724028.600   726922.600
   490:   727941.600   729196.600   731890.600   732216.600   735833.600
   495:   793428.600   794739.600   795680.600   796626.600   797496.600
   500:   797523.600   799093.600   800886.600   800944.600   808356.600
   505:   809699.600   809767.600   809807.600   809911.600   810977.600
   510:   811056.600   812017.600   812157.600   812585.600   812657.600
   515:   813570.600   814277.600   814327.600   814366.600   814525.600
   520:   815378.600   815384.600   815396.600   815641.600   815955.600
   525:   816076.600   816111.600   816118.600   816121.600   816910.600
   530:   817089.600   817171.600   817848.600   818740.600   820909.600
   535:   822730.600   822804.600   822939.600   823683.600   823791.600
   540:   825984.600   827222.600   827267.600   828320.600   830774.600
   545:   832805.600   833734.600   833977.600   834052.600   834493.600
   550:   834582.600   835368.600   835513.600   836555.600   838813.600
   555:   838871.600   840187.600   840803.600   841207.600   841344.600
   560:   842184.600   842361.600   843801.600   844758.600   845090.600
   565:   846121.600   846254.600   846918.600   846977.600   847762.600
   570:   848311.600   849134.600   850362.600   852117.600   852142.600
   575:   852199.600   854174.600   854852.600   854860.600   854868.600
   580:   855105.600   855117.600   855211.600   855222.600   855243.600
   585:   855505.600   855578.600   855805.600   855954.600   856510.600
   590:   856582.600   857622.600   858826.600   858853.600   859474.600
   595:   859546.600   859564.600   862902.600   863958.600   864445.600
   600:   864547.600   866117.600   866174.600   866210.600   869785.600
   605:   870377.600   871145.600   871603.600   871635.600   871828.600
   610:   872755.600   872904.600   873298.600   873471.600   873523.600
   615:   873600.600   878964.600   912004.600   912825.600   912989.600
   620:   913379.600   913537.600   913546.600   913710.600   915305.600
   625:   915910.600   915991.600   916812.600   916883.600   920375.600
   630:   921847.600   921865.600   921906.600   922013.600   922270.600
   635:   935743.600   936015.600   936162.600   942859.600   943278.600
   640:   943346.600   946130.600   950700.600   950732.600   952027.600
   645:   952091.600   952411.600   952961.600   953068.600   953116.600
   650:   953832.600   953881.600   956693.600   957605.600   957664.600
   655:   959490.600   960328.600   960382.600   960428.600   960465.600
   660:   960477.600   960485.600   960494.600   960503.600   960974.600
   665:   961495.600   961997.600   962707.600   973001.600   979176.600
   670:   979846.600  1015510.600  1015836.600  1015955.600  1017475.600
   675:  1019126.600  1023499.600  1027292.600  1027464.600  1033339.600
   680:  1034105.600  1039809.600  1045710.600  1046314.600  1046352.600
   685:  1046360.600  1046385.600  1046403.600  1046497.600  1046510.600
   690:  1046576.600  1046916.600  1047185.600  1047199.600  1047222.600
   695:  1047374.600  1047424.600  1047437.600  1047467.600  1047880.600
   700:  1047923.600  1048530.600  1048776.600  1049004.600  1103824.600
   705:  1104285.600  1104675.600  1104836.600  1105035.600  1105416.600
   710:  1105454.600  1108952.600  1110463.600  1116849.600  1116932.600
   715:  1117969.600  1118733.600  1119843.600  1123040.600  1123355.600
   720:  1123410.600  1124518.600  1125599.600  1131978.600  1132540.600
   725:  1132837.600  1133264.600  1134309.600  1134410.600  1135238.600
   730:  1143206.600  1144375.600  1145006.600  1145037.600  1145542.600
   735:  1146034.600  1146581.600  1146997.600  1147653.600  1148949.600
   740:  1150009.600  1150112.600  1150143.600  1150472.600  1151100.600
   745:  1178292.600  1178829.600  1180085.600  1180856.600  1185195.600
   750:  1186435.600  1187157.600  1187221.600  1194568.600  1195614.600
   755:  1196359.600  1196365.600  1196470.600  1196575.600  1197615.600
   760:  1220336.600  1220389.600  1220641.600  1224434.600  1224493.600
   765:  1224608.600  1226784.600  1227836.600  1228402.600  1228453.600
   770:  1228668.600  1229105.600  1229366.600  1257628.600  1259679.600
   775:  1261170.600  1261223.600  1262023.600  1262836.600  1263590.600
   780:  1264157.600  1264226.600  1265410.600  1265461.600  1265503.600
   785:  1265607.600  1265642.600  1265646.600  1265766.600  1265876.600
   790:  1265957.600  1269614.600  1270334.600  1270980.600  1272957.600
   795:  1272997.600  1274061.600  1280542.600  1284440.600  1285095.600
   800:  1285973.600  1297646.600  1298436.600  1299261.600  1300732.600
   805:  1301524.600  1301696.600  1301861.600  1302537.600  1302806.600
   810:  1303046.600  1303111.600  1305308.600  1306266.600  1308609.600
   815:  1309931.600  1309964.600  1310136.600  1310320.600  1310850.600
   820:  1310899.600  1311081.600  1334945.600  1335582.600  1336963.600
   825:  1337030.600  1337971.600  1338060.600  1339222.600  1339318.600
   830:  1339394.600  1341271.600  1342452.600  1343431.600  1344953.600
   835:  1346902.600  1384925.600  1406387.600  1407000.600  1407489.600
   840:  1410885.600  1626253.600  1637415.600  1637797.600  1638019.600
   845:  1638083.600  1641070.600  1641648.600  1642034.600  1642253.600
   850:  1642830.600  1643766.600  1644672.600  1645558.600  1650743.600
   855:  1650803.600  1651222.600  1653111.600  1654032.600  1657193.600
   860:  1657845.600  1662017.600  1662924.600  1664403.600  1665159.600
   865:  1665538.600  1665618.600  1669658.600  1670481.600  1671674.600
   870:  1673078.600  1673115.600  1673177.600  1673677.600  1674344.600
   875:  1674812.600  1675355.600  1682703.600  1682797.600  1683150.600
   880:  1684596.600  1686073.600  1690340.600  1691569.600  1691753.600
   885:  1691794.600  1691827.600  1691846.600  1691862.600  1691922.600
   890:  1691976.600  1691987.600  1692124.600  1692172.600  1692238.600
   895:  1692916.600  1693149.600  1693541.600  1694715.600  1694918.600
   900:  1695018.600  1695051.600  1695699.600  1695753.600  1695843.600
   905:  1695853.600  1695866.600  1695881.600  1695900.600  1695912.600
   910:  1695982.600  1696010.600  1696022.600  1696035.600  1697019.600
   915:  1698045.600  1699945.600  1702731.600  1702764.600  1710674.600
   920:  1710819.600  1710882.600  1710897.600  1711082.600  1711308.600
   925:  1712463.600  1713365.600  1713508.600  1713802.600  1713868.600
   930:  1714656.600  1715670.600  1717276.600  1719806.600  1720547.600
   935:  1721209.600  1722470.600  1728857.600  1729197.600  1730817.600
   940:  1748041.600  1748903.600  1749392.600  1749402.600  1749643.600
   945:  1749721.600  1751950.600  1754129.600  1754365.600  1754382.600
   950:  1754941.600  1754954.600  1754961.600  1756169.600  1759510.600
   955:  1761595.600  1771433.600  1772611.600  1773112.600  1774590.600
   960:  1775061.600  1776614.600  1776733.600  1777035.600  1777150.600
   965:  1777271.600  1777355.600  1777412.600  1779716.600  1789397.600
   970:  1789460.600  1789560.600  1789985.600  1790725.600  1791621.600
   975:  1817434.600  1818571.600  1825392.600  1829896.600  1833187.600
   980:  1834296.600  1834402.600  1834834.600  1835498.600  1836714.600
   985:  1837248.600  1837285.600  1837405.600  1840099.600  1841156.600
   990:  1841205.600  1841577.600  1841755.600  1841768.600  1842680.600
   995:  1845034.600  1845062.600  1845100.600  1845545.600  1846017.600
  1000:  1846048.600  1846931.600  1853621.600  1854836.600  1856675.600
  1005:  1859754.600  1859825.600  1859883.600  1861696.600  1861792.600
  1010:  1866603.600  1867428.600  1867502.600  1874444.600  1877339.600
  1015:  1884779.600  1895906.600  1898258.600  1899388.600  1899572.600
  1020:  1899654.600  1900070.600  1907857.600  1919060.600  1920350.600
  1025:  1920883.600  1921593.600  1921946.600  1925519.600  1926993.600
  1030:  1927946.600  1927957.600  1976888.600  1976935.600  1977510.600
  1035:  1978286.600  1979401.600  1981474.600  1983596.600  1984494.600
  1040:  1984541.600  1984793.600  1989172.600  1989985.600  1990374.600
  1045:  1991980.600  1993019.600  1994149.600  1994780.600  2000995.600
  1050:  2004039.600  2004515.600  2004551.600  2004564.600  2004635.600
  1055:  2004691.600  2004740.600  2005794.600  2006290.600  2007039.600
  1060:  2007066.600  2013590.600  2037612.600  2039907.600  2039922.600
  1065:  2039975.600  2040936.600  2041118.600  2041845.600  2061276.600
  1070:  2067981.600  2068598.600  2073325.600  2074116.600  2074121.600
  1075:  2080371.600  2085753.600  2088625.600  2088891.600  2089326.600
  1080:  2096089.600  2096094.600  2099897.600  2102551.600  2103397.600
  1085:  2103585.600  2103938.600  2104440.600  2104518.600  2104529.600
  1090:  2104577.600  2104707.600  2105062.600  2105712.600  2105716.600
  1095:  2105777.600  2105857.600  2105906.600  2105912.600  2106659.600
  1100:  2107266.600  2108184.600  2108210.600  2109294.600  2114904.600
  1105:  2115055.600  2115076.600  2117319.600  2117704.600  2120001.600
  1110:  2125090.600  2126076.600  2134501.600  2136341.600  2137379.600
  1115:  2137430.600  2138091.600  2138842.600  2143839.600  2145890.600
  1120:  2147907.600  2150495.600  2151465.600  2152732.600  2153124.600
  1125:  2153153.600  2153239.600  2153540.600  2154792.600  2156668.600
  1130:  2156804.600  2157490.600  2165209.600  2165371.600  2165597.600
  1135:  2166311.600  2169972.600  2174796.600  2175875.600  2176520.600
  1140:  2176638.600  2176994.600  2177073.600  2219358.600  2219880.600
  1145:  2220387.600  2220416.600  2220461.600  2220979.600  2221865.600
  1150:  2226262.600  2226825.600  2227437.600  2227602.600  2227655.600
  1155:  2233042.600  2233985.600  2239614.600  2239656.600  2247436.600
  1160:  2249513.600  2250029.600  2250090.600  2250296.600  2252971.600
  1165:  2254163.600  2261586.600  2261845.600  2262166.600  2262350.600
  1170:  2262611.600  2262615.600  2264537.600  2265477.600  2266358.600
  1175:  2267019.600  2267195.600  2267319.600  2267776.600  2270953.600
  1180:  2271782.600  2271974.600  2272022.600  2274048.600  2274198.600
  1185:  2274578.600  2278143.600  2278217.600  2278275.600  2278529.600
  1190:  2279263.600  2279332.600  2280312.600  2284494.200  2289027.650
  1195:  2299459.650  2300129.650  2300188.650  2300552.650  2300566.650
  1200:  2300626.650  2300838.650  2300864.650  2300870.650  2300962.650
  1205:  2301066.650  2301908.650  2302000.650  2302326.650  2302332.650
  1210:  2302335.650  2302340.650  2302480.650  2302513.650  2302542.650
  1215:  2302566.650  2302613.650  2303166.650  2304126.650  2304982.650
  1220:  2326284.650  2326878.650  2332647.650  2332666.650  2333596.650
  1225:  2334474.650  2335138.650  2335929.650  2341404.650  2342710.650
  1230:  2342956.650  2380495.400  2380540.410  2380588.610  2380589.410
  1235:  2380634.410  2380683.410  2380728.410  2380777.410  2380822.410
  1240:  2380871.410  2380916.410  2380921.420  2380923.600  2386835.600
  1245:  2386994.600  2387605.600  2396386.600  2411882.600  2412620.600
  1250:  2418650.600  2419825.600  2420286.600  2422616.600  2423534.600
  1255:  2449784.600  2449836.600  2450697.600  2451485.600  2451980.600
  1260:  2452031.600  2452372.600  2453135.600  2453182.600  2453422.600
  1265:  2453517.600  2454036.600  2454261.600  2454411.600  2454848.600
  1270:  2456667.600  2457865.600  2458313.600  2459551.600  2818849.600
  1275:  2819178.600  2819767.600  2824157.600  2837250.600  2837754.600
  1280:  2845909.600  2846634.600  2847524.600  3207090.600  3208047.600
  1285:  3208541.600  3208678.600  3208751.600  3211070.600  3211773.600
  1290:  3212967.600  3213063.600  3213068.600  3213078.600  3213136.600
  1295:  3213810.600  3214463.600  3218610.600  3219307.600  3225507.600
  1300:  3228810.600  3230812.600  3231423.600  3231436.600  3231449.600
  1305:  3232695.600  3234274.600  3234993.600  3235877.600  3239617.600
  1310:  3240165.600  3240263.600  3240424.600  3240727.600  3240746.600
  1315:  3241146.600  3241169.600  3241378.600  3242512.600  3243271.600
  1320:  3243290.600  3254127.600  3254153.600  3254188.600  3264349.600
  1325:  3265762.600  3267330.600  3267606.600  3272194.600  3272240.600
  1330:  3277448.600  3277500.600  3281287.600  3281829.600  3310799.600
  1335:  3310837.600  3310842.600  3311747.600  3313288.600  3323834.600
  1340:  3324067.600  3324535.600  3324602.600  3324688.600  3329346.600
  1345:  3330970.600  3373414.600  3373678.600  3375558.600  3377481.600
  1350:  3411023.600  3414597.600  3416714.600  3566175.600  3567359.600
  1355:  3567401.600  3567462.600  3573330.600  3573995.600  3574167.600
  1360:  3574722.600  3575459.600  3577870.600  3583907.600  3583985.600
  1365:  3585205.600  3585321.600  3585875.600  3585992.600  3586766.600
  1370:  3587154.600  3587307.600  3587859.600  3588444.600  3588905.600
  1375:  3589638.600  3591087.600  3592055.600  3592219.600  3608057.600
  1380:  3608859.600  3610092.600  3610334.600  3610418.600  3610473.600
  1385:  3610600.600  3612445.600  3612506.600  3613099.600  3613764.600
  1390:  3613907.600  3614944.600  3615059.600  3618143.600  3618779.600
  1395:  3619498.600  3620092.600  3640537.600  3640568.600  3641782.600
  1400:  3642753.600  3652818.600  3653542.600  3661956.600  3662898.600
  1405:  3668986.600  3669333.600  3674593.600  3675546.600  3675766.600
  1410:  3677161.600  3677293.600  3677379.600  3682859.600  3684257.600
  1415:  3689976.600  3690701.600  3691281.600  3691389.600  3691676.600
  1420:  3691688.600  3691695.600  3695037.600  3701098.600  3702157.600
  1425:  3702325.600  3702399.600  3702458.600  3710709.600  3710794.600
  1430:  3732561.600  3733291.600  3733355.600  3734318.600  3757535.600
  1435:  3758357.600  3758414.600  3758435.600  3758963.600  3759365.600
  1440:  3759382.600  3766591.600  3769095.600  3770172.600  3770320.600
  1445:  3770333.600  3770353.600  3771697.600  3771746.600  3772256.600
  1450:  3806330.600  3807211.600  3822698.600  3831887.600  3831950.600
  1455:  3832051.600  3833016.600  3833751.600  3846836.600  3847452.600
  1460:  3847703.600  3848742.600  3853568.600  3853865.600  3853901.600
  1465:  3853919.600  3854315.600  3854715.600  3854763.600  3854766.600
  1470:  3864531.600  3865079.600  3870355.600  3882973.600  3883382.600
  1475:  3886905.600  3888203.600  3888713.600  3888736.600  3893258.600
  1480:  3897048.600  3897174.600  3913151.600  3915721.600  3919638.600
  1485:  3920766.600  3920978.600  3920994.600  3934714.600  3935359.600
  1490:  3935522.600  3935591.600  3937634.600  3938728.600  3940737.600
  1495:  3942281.600  3942760.600  3943461.600  3943555.600  3949114.600
  1500:  3949160.600  3949198.600  3950014.600  3955578.600  3956388.600
  1505:  3963184.600  3970866.600  3970927.600  3970970.600  3971666.600
  1510:  3974948.600  3979846.600  3984383.600  3984444.600  3984552.600
  1515:  4000600.600  4006047.600  4007120.600  4007155.600  4007160.600
  1520:  4010631.600  4011745.600  4031308.600  4039319.600  4045088.600
  1525:  4045529.600  4045672.600  4045816.600  4046198.600  4046442.600
  1530:  4052222.600  4052786.600  4055332.600  4055577.600  4061227.600
  1535:  4061619.600  4061659.600  4061727.600  4062227.600  4063033.600
  1540:  4063099.600  4063133.600  4063313.600  4063377.600  4063676.600
  1545:  4063744.600  4063967.600  4067322.600  4072711.600  4074627.600
  1550:  4075155.600  4078665.600  4082860.600  4086986.600  4091774.600
  1555:  4098831.600  4115958.600  4116742.600  4117149.600  4117242.600
  1560:  4117331.600  4117480.600  4119031.600  4131665.600  4132665.600
  1565:  4136094.600  4136220.600  4136331.600  4136763.600  4137114.600
  1570:  4137245.600  4142900.600  4143079.600  4143342.600  4143402.600
  1575:  4143484.600  4162373.600  4162921.600  4163540.600  4166647.600
  1580:  4166707.600  4172907.600  4172930.600  4173558.600  4173687.600
  1585:  4178502.600  4179085.600  4179487.600  4179994.600  4184065.600
  1590:  4184469.600  4198338.600  4198620.600  4199042.600  4205310.600
  1595:  4205492.600  4205710.600  4206640.600  4213137.600  4224969.600
  1600:  4225662.600  4228948.600  4228975.600  4229827.600  4232993.600
  1605:  4233142.600  4238362.600  4239072.600  4239275.600  4240339.600
  1610:  4240523.600  4240681.600  4241043.600  4241051.600  4248292.600
  1615:  4249070.600  4252285.600  4255730.600  4256562.600  4256633.600
  1620:  4261456.600  4261547.600  4261588.600  4261983.600  4262262.600
  1625:  4262355.600  4262500.600  4262843.600  4284070.600  4284861.600
  1630:  4287727.600  4288765.600  4288867.600  4289826.600  4289959.600
  1635:  4293269.600  4313215.600  4315495.600  4316185.600  4317378.600
  1640:  4318263.600  4318278.600  4318873.600  4319072.600  4320426.999
E:
     0:        5.200       16.300       28.800       43.200       59.900
     5:       80.100      105.300      139.300      191.600      330.300
F:
     0:        0.000        0.000        0.000        0.000        0.000
     5:        0.000
L:
     0:       92.000
M:
     0:        0.000        0.000        0.000        0.000        0.000
     5:        0.000
