File: C:\MED-PC IV\DATA\!2023-02-25_18h39m.Subject DF27


Start Date: 02/25/23
End Date: 02/26/23
Subject: DF27
Experiment: delayed_acquisition
Group: 1
Box: 7
Start Time: 18:39:50
End Time:  6:59:33
MSN: Delayed_Acquisition2_w_magmacro
G:       0.000
H:       0.000
I:       0.000
J:       0.000
K:       0.000
N:       0.000
O:       0.000
P:       0.000
Q:       0.000
R:       0.000
S:       0.000
T:       0.000
U:       0.000
V:       0.000
W:       0.000
X:       0.000
Y:       0.000
Z:       0.000
A:
     0:        2.000       60.000  4320000.000        1.000        0.000
     5:        1.000    96000.000        0.000       10.000        0.000
    10:        0.000        0.000        0.000        0.000        0.000
    15:        0.000        0.000        0.000        0.000        0.000
    20:        0.000        0.000        0.000        0.000        0.000
    25:        0.000        0.000        0.000        0.000        0.000
    30:        0.000        0.000        0.000        0.000        0.000
    35:        0.000        0.000        0.000        0.000        0.000
    40:        0.000        0.000        0.000        0.000        0.000
    45:        0.000        0.000        0.000        0.000        0.000
    50:        0.000        0.000        0.000        0.000        0.000
    55:        0.000        0.000        0.000        0.000        0.000
    60:        0.000        0.000        0.000        0.000        0.000
    65:        0.000        0.000        0.000        0.000        0.000
    70:        0.000        0.000        0.000        0.000        0.000
    75:        0.000        0.000        0.000        0.000        0.000
    80:        0.000        0.000        0.000        0.000        0.000
    85:        0.000        0.000        0.000        0.000        0.000
    90:        0.000        0.000        0.000        0.000        0.000
    95:        0.000        0.000        0.000        0.000        0.000
   100:        0.000
B:
     0:  4320000.000  4327668.000        1.000       18.000        0.000
     5:        0.000        0.000       18.000      780.000      991.000
    10:        0.000      582.000       21.000       35.000      135.000
    15:        0.000       18.000        0.000        0.000        0.000
    20:        0.000        0.000        0.000        0.000        0.000
    25:        0.000        0.000        0.000        0.000        0.000
    30:        3.244        0.000        0.000      180.000        0.000
    35:        0.000        0.000        0.000        0.000        0.000
    40:        0.000        0.000        0.000        0.000        0.000
    45:        0.000        0.000        0.000        0.000        0.000
    50:        0.000        0.000        0.000        0.000        0.000
    55:        0.000        0.000        0.000        0.000        0.000
    60:        0.000        0.000        0.000        0.000        0.000
    65:        0.000        0.000        0.000        0.000        0.000
    70:        0.000        0.000        0.000        0.000        0.000
    75:        0.000        0.000        0.000        0.000        0.000
    80:        0.000        0.000        0.000        0.000        0.000
    85:        0.000        0.000        0.000        0.000        0.000
    90:        0.000        0.000        0.000        0.000        0.000
    95:        0.000        0.000        0.000        0.000        0.000
   100:        0.000
C:
     0:     2414.100    98415.200    98415.200    98415.200    98415.200
     5:    98415.200    98415.200    98415.200    98415.200    98415.200
    10:    98415.200    98714.300    98750.300    98777.300    98826.300
    15:    99517.300   102931.300   114765.300   115083.300   115120.300
    20:   115134.300   115257.300   115260.300   115627.300   151082.300
    25:   157584.300   157778.300   157995.300   158226.300   167800.300
    30:   188867.300   228612.300   228823.300   228974.300   237865.100
    35:   333866.200   333866.200   333866.200   333866.200   333866.200
    40:   333866.200   333866.200   333866.200   333866.200   333866.200
    45:   334168.300   334218.300   334238.300   334265.300   334286.300
    50:   334306.300   334327.300   334347.300   334367.300   334390.300
    55:   334430.300   334448.300   334473.300   334490.300   334510.300
    60:   334532.300   334553.300   334580.300   334601.300   334620.300
    65:   334640.300   334659.300   334684.300   334946.300   335014.300
    70:   335093.300   335111.300   335116.300   335156.300   335177.300
    75:   335224.300   335229.300   335232.300   335252.300   335262.300
    80:   335269.300   335312.300   335318.300   335323.300   335329.300
    85:   335349.300   335368.300   335390.300   335411.300   335490.300
    90:   335501.300   335719.300   336572.300   336951.300   336964.300
    95:   336982.300   337016.300   337213.300   337224.300   338006.300
   100:   338125.300   339060.300   339399.300   341562.300   341703.300
   105:   341899.300   342017.300   342029.300   342059.300   342083.300
   110:   342260.300   342280.300   342740.300   342835.300   342889.300
   115:   343076.300   351304.300   351548.300   351969.100   447970.200
   120:   447970.200   447970.200   447970.200   447970.200   447970.200
   125:   447970.200   447970.200   447970.200   447970.200   448237.300
   130:   448325.300   448331.300   448345.300   448388.300   448582.300
   135:   448670.300   448988.300   449151.300   451111.300   451478.300
   140:   451508.300   451603.300   451626.300   451632.300   451709.300
   145:   451743.300   451752.300   453036.300   453071.300   453075.300
   150:   453144.300   454114.300   458560.300   515063.300   515675.300
   155:   516574.100   612575.200   612575.200   612575.200   612575.200
   160:   612575.200   612575.200   612575.200   612575.200   612575.200
   165:   612575.200   615882.300   615912.300   615934.300   615951.300
   170:   617140.300   617456.300   617666.300   617794.300   617800.300
   175:   626982.300   626998.300   627230.300   632942.100   728943.200
   180:   728943.200   728943.200   728943.200   728943.200   728943.200
   185:   728943.200   728943.200   728943.200   728943.200   732471.300
   190:   732483.300   733401.300   741474.300   745704.100   841705.200
   195:   841705.200   841705.200   841705.200   841705.200   841705.200
   200:   841705.200   841705.200   841705.200   841705.200   844637.300
   205:   844920.300   845200.300   846262.300   846582.300   847126.300
   210:   861431.300   923606.300   924411.300   978840.100  1074841.200
   215:  1074841.200  1074841.200  1074841.200  1074841.200  1074841.200
   220:  1074841.200  1074841.200  1074841.200  1074841.200  1075611.300
   225:  1075632.300  1075637.300  1075648.300  1075695.300  1075703.300
   230:  1076746.300  1078598.300  1079974.300  1080275.300  1080332.300
   235:  1080689.300  1080805.300  1130200.300  1137562.300  1138467.300
   240:  1138533.300  1139144.300  1204539.300  1204603.300  1204703.300
   245:  1204734.300  1213200.300  1213271.300  1213746.300  1214436.300
   250:  1214483.300  1214625.300  1221151.100  1317152.200  1317152.200
   255:  1317152.200  1317152.200  1317152.200  1317152.200  1317152.200
   260:  1317152.200  1317152.200  1317152.200  1317956.300  1317969.300
   265:  1317993.300  1318010.300  1318021.300  1318028.300  1318036.300
   270:  1318086.300  1318133.300  1318153.300  1318164.300  1318256.300
   275:  1320366.300  1320377.300  1322067.300  1322086.300  1322095.300
   280:  1322946.300  1325870.300  1326141.300  1330564.300  1342040.300
   285:  1342422.300  1342763.300  1342981.300  1343046.300  1343070.300
   290:  1343095.300  1343108.300  1343166.300  1424419.300  1424465.300
   295:  1425919.300  1426247.300  1477693.300  1477888.300  1514568.300
   300:  1514587.300  1523603.300  1530108.300  1533893.300  1534740.300
   305:  1553309.300  1575326.300  1576262.300  1576332.300  1576361.300
   310:  1576376.300  1583913.300  1602347.300  1605225.300  1609096.300
   315:  1621539.300  1621661.300  1621707.300  1621858.300  1623431.100
   320:  1719432.200  1719432.200  1719432.200  1719432.200  1719432.200
   325:  1719432.200  1719432.200  1719432.200  1719432.200  1719432.200
   330:  1719529.300  1719598.300  1719622.300  1719778.300  1719870.300
   335:  1721474.300  1723215.300  1724184.300  1732419.300  1733032.300
   340:  1733062.300  1733573.100  1829574.200  1829574.200  1829574.200
   345:  1829574.200  1829574.200  1829574.200  1829574.200  1829574.200
   350:  1829574.200  1829574.200  1829988.300  1830012.300  1830398.300
   355:  1834134.300  1834147.300  1835045.300  1837885.100  1933886.200
   360:  1933886.200  1933886.200  1933886.200  1933886.200  1933886.200
   365:  1933886.200  1933886.200  1933886.200  1933886.200  1936570.300
   370:  1938798.300  1938869.300  1939028.300  1939040.300  1939075.300
   375:  1939081.300  1939135.300  1939178.300  1939731.300  1939793.300
   380:  1940446.300  1940470.300  1940477.300  1940865.300  1940927.300
   385:  1944368.300  1944905.300  1945161.300  1949428.300  1950085.300
   390:  1950769.300  1951019.300  1961579.300  1962109.300  1983832.300
   395:  1990190.100  2086191.200  2086191.200  2086191.200  2086191.200
   400:  2086191.200  2086191.200  2086191.200  2086191.200  2086191.200
   405:  2086191.200  2086511.300  2086686.300  2086712.300  2086738.300
   410:  2086762.300  2086779.300  2086819.300  2087004.300  2087016.300
   415:  2087141.300  2087169.300  2087190.300  2087415.300  2087431.300
   420:  2087451.300  2087464.300  2090436.300  2090661.300  2090841.300
   425:  2090880.300  2093924.300  2094422.300  2094694.300  2120520.300
   430:  2136771.300  2145280.300  2222411.300  2231167.300  2235555.300
   435:  2244434.100  2340435.200  2340435.200  2340435.200  2340435.200
   440:  2340435.200  2340435.200  2340435.200  2340435.200  2340435.200
   445:  2340435.200  2341158.300  2341175.300  2341178.300  2341194.300
   450:  2341204.300  2341226.300  2341243.300  2341264.300  2341285.300
   455:  2341305.300  2341321.300  2341344.300  2341356.300  2341401.300
   460:  2341439.300  2341463.300  2341496.300  2341510.300  2341957.300
   465:  2341968.300  2341971.300  2342114.300  2342145.300  2342154.300
   470:  2342157.300  2342160.300  2342178.300  2342214.300  2343974.300
   475:  2343980.300  2344018.300  2344056.300  2344065.300  2344080.300
   480:  2344144.300  2346102.300  2346119.300  2346158.300  2346251.300
   485:  2346776.300  2410831.300  2527905.300  2528578.300  2528605.300
   490:  2528953.300  2539175.300  2539191.300  2579035.300  2606843.100
   495:  2702844.200  2702844.200  2702844.200  2702844.200  2702844.200
   500:  2702844.200  2702844.200  2702844.200  2702844.200  2702844.200
   505:  2705798.300  2708094.300  2708110.300  2708217.300  2710129.300
   510:  2710393.300  2710538.300  2738946.300  2739197.300  2829388.300
   515:  2829397.300  2842958.300  2849723.100  2945724.200  2945724.200
   520:  2945724.200  2945724.200  2945724.200  2945724.200  2945724.200
   525:  2945724.200  2945724.200  2945724.200  2945881.300  2945900.300
   530:  2945922.300  2945946.300  2945965.300  2945993.300  2946042.300
   535:  2947209.300  2947592.300  2947596.300  2947642.300  2947653.300
   540:  2947666.300  2947689.300  2947710.300  2947732.300  2947754.300
   545:  2947775.300  2947793.300  2947807.300  2947814.300  2947832.300
   550:  2947847.300  2947852.300  2947872.300  2947892.300  2947911.300
   555:  2947959.300  2947974.300  2947995.300  2948035.300  2948057.300
   560:  2948463.300  2948644.300  2948678.300  2948702.300  2948724.300
   565:  2949533.300  2950372.300  2950440.300  2950442.300  2950473.300
   570:  2950478.300  2951506.300  2951515.300  2951539.300  2951600.300
   575:  2952538.300  2952696.300  2953126.300  2953486.300  2954205.300
   580:  2962888.300  2962929.300  2963082.300  2963126.300  2995410.300
   585:  2995479.300  3019741.300  3019831.300  3080497.300  3086683.300
   590:  3086691.300  3090091.300  3133894.300  3168999.300  3169747.100
   595:  3265748.200  3265748.200  3265748.200  3265748.200  3265748.200
   600:  3265748.200  3265748.200  3265748.200  3265748.200  3265748.200
   605:  3269270.300  3270050.300  3270081.300  3270120.300  3270142.300
   610:  3270147.300  3270162.300  3270168.300  3270228.300  3270245.300
   615:  3270842.300  3273317.300  3274893.300  3274918.300  3275243.300
   620:  3286981.300  3790147.300  3817614.300  3817846.300  3817852.300
   625:  3817931.300  3817954.300  3818118.300  3840377.300  3852203.100
   630:  3948204.200  3948204.200  3948204.200  3948204.200  3948204.200
   635:  3948204.200  3948204.200  3948204.200  3948204.200  3948204.200
   640:  3948244.300  3948262.300  3949667.300  3950618.300  3953536.300
   645:  3953866.300  3953889.300  3954932.300  4004298.300  4004501.300
   650:  4004540.300  4047066.300  4057544.300  4057807.300  4058084.300
   655:  4058400.300  4058430.300  4073283.300  4073663.300  4084644.300
   660:  4084748.300  4085159.300  4085330.300  4085677.100  4181678.200
   665:  4181678.200  4181678.200  4181678.200  4181678.200  4181678.200
   670:  4181678.200  4181678.200  4181678.200  4181678.200  4181782.300
   675:  4182118.300  4182234.300  4182257.300  4182270.300  4182293.300
   680:  4182339.300  4182352.300  4182363.300  4182596.300  4182609.300
   685:  4183511.300  4185529.300  4186965.300  4187641.300  4187822.300
   690:  4187864.300  4187888.300  4187908.300  4187990.300  4188160.300
   695:  4188190.300  4188433.300  4188598.300  4188691.300  4188699.300
   700:  4188716.300  4188813.300  4189145.300  4189177.300  4189363.300
   705:  4189430.300  4189450.300  4189583.300  4189670.300  4189773.300
   710:  4189791.300  4190425.300  4190548.300  4190959.300  4191055.300
   715:  4191064.300  4191100.300  4191125.300  4191151.300  4191227.300
   720:  4191239.300  4191310.300  4191502.300  4191559.300  4191562.300
   725:  4192116.300  4192260.300  4192263.300  4192268.300  4192438.300
   730:  4192668.300  4192730.300  4192980.300  4193180.300  4193454.300
   735:  4193515.300  4193606.300  4193622.300  4193630.300  4194035.300
   740:  4194054.300  4194211.300  4194296.300  4194416.300  4194501.300
   745:  4194587.300  4194811.300  4195226.300  4195342.300  4195886.300
   750:  4196378.300  4196408.300  4196497.300  4196647.300  4196649.300
   755:  4196673.300  4196740.300  4196953.300  4196974.300  4196993.300
   760:  4197162.300  4197196.300  4197242.300  4197254.300  4197277.300
   765:  4197293.300  4197525.300  4197978.300  4200002.300  4200023.300
   770:  4200696.300  4201381.300  4202175.300  4202457.300  4202793.300
   775:  4203007.300  4203649.300  4212633.300  4218484.300  4225278.300
D:
     0:        0.111     2414.200     2600.250     3681.250     3731.250
     5:    14725.650    15124.650    15920.650    15992.650    19551.250
    10:    20091.650    20127.650    25649.650    34354.650    34392.650
    15:    34408.650    43953.650    44107.650    44248.650    48778.650
    20:    49278.250    56742.650    57021.650    69946.650    90351.250
    25:    90450.250    90492.250    94903.650    95780.650    98415.400
    30:    98460.410    98509.410    98517.610    98554.410    98603.410
    35:    98648.410    98697.410    98742.410    98791.410    98836.410
    40:    98841.420    99140.600    99176.600    99203.600    99252.600
    45:    99943.600   103357.600   115191.600   115509.600   115546.600
    50:   115560.600   115683.600   115686.600   116053.600   151508.600
    55:   158010.600   158204.600   158421.600   158652.600   168226.600
    60:   189293.600   229038.600   229249.600   229400.600   238291.200
    65:   241327.650   241545.650   268537.650   268739.650   268748.650
    70:   268799.650   277649.650   277746.650   323486.650   324023.650
    75:   324150.650   331772.650   331843.650   331877.650   332036.650
    80:   332064.650   332132.650   332143.650   332177.650   332189.650
    85:   334292.400   334337.410   334386.410   334416.610   334431.410
    90:   334480.410   334525.410   334574.410   334619.410   334668.410
    95:   334713.410   334718.420   335020.600   335070.600   335090.600
   100:   335117.600   335138.600   335158.600   335179.600   335199.600
   105:   335219.600   335242.600   335282.600   335300.600   335325.600
   110:   335342.600   335362.600   335384.600   335405.600   335432.600
   115:   335453.600   335472.600   335492.600   335511.600   335536.600
   120:   335798.600   335866.600   335945.600   335963.600   335968.600
   125:   336008.600   336029.600   336076.600   336081.600   336084.600
   130:   336104.600   336114.600   336121.600   336164.600   336170.600
   135:   336175.600   336181.600   336201.600   336220.600   336242.600
   140:   336263.600   336342.600   336353.600   336571.600   337424.600
   145:   337803.600   337816.600   337834.600   337868.600   338065.600
   150:   338076.600   338858.600   338977.600   339912.600   340251.600
   155:   342414.600   342555.600   342751.600   342869.600   342881.600
   160:   342911.600   342935.600   343112.600   343132.600   343592.600
   165:   343687.600   343741.600   343928.600   352156.600   352400.600
   170:   352821.200   362534.650   362971.650   363354.650   363833.650
   175:   364405.650   381755.650   381903.650   381938.650   382210.650
   180:   382288.650   397879.650   398045.650   402508.650   448822.400
   185:   448867.410   448916.410   448927.610   448961.410   449010.410
   190:   449055.410   449104.410   449149.410   449198.410   449243.410
   195:   449248.420   449515.600   449603.600   449609.600   449623.600
   200:   449666.600   449860.600   449948.600   450266.600   450429.600
   205:   452389.600   452756.600   452786.600   452881.600   452904.600
   210:   452910.600   452987.600   453021.600   453030.600   454314.600
   215:   454349.600   454353.600   454422.600   455392.600   459838.600
   220:   516341.600   516953.600   517852.200   517916.250   564078.650
   225:   564111.650   564183.650   573981.650   574158.250   613853.400
   230:   613898.410   613947.410   613963.610   613973.610   613992.410
   235:   614041.410   614086.410   614135.410   614180.410   614229.410
   240:   614274.410   614279.420   617586.600   617616.600   617638.600
   245:   617655.600   618844.600   619160.600   619370.600   619498.600
   250:   619504.600   628686.600   628702.600   628934.600   634646.200
   255:   634949.250   635489.650   635520.650   636772.250   637088.650
   260:   637199.650   637674.650   637890.650   659597.250   729920.650
   265:   730647.400   730692.410   730741.410   730777.610   730786.410
   270:   730835.410   730880.410   730929.410   730974.410   731023.410
   275:   731068.410   731073.420   734601.600   734613.600   735531.600
   280:   743604.600   747834.200   748058.250   749622.650   764370.650
   285:   827814.650   835222.650   835431.650   835607.650   835696.650
   290:   835822.650   843835.400   843880.410   843926.610   843929.410
   295:   843974.410   844023.410   844068.410   844117.410   844162.410
   300:   844211.410   844256.410   844261.420   847193.600   847476.600
   305:   847756.600   848818.600   849138.600   849682.600   863987.600
   310:   926162.600   926967.600   981396.200   982334.650   999546.650
   315:  1005418.650  1005437.650  1005448.650  1005995.650  1006017.650
   320:  1006122.650  1006128.650  1006375.650  1019449.650  1027810.650
   325:  1027816.650  1027831.650  1077397.400  1077442.410  1077446.610
   330:  1077491.410  1077536.410  1077585.410  1077630.410  1077679.410
   335:  1077724.410  1077773.410  1077818.410  1077823.420  1078593.600
   340:  1078614.600  1078619.600  1078630.600  1078677.600  1078685.600
   345:  1079728.600  1081580.600  1082956.600  1083257.600  1083314.600
   350:  1083671.600  1083787.600  1133182.600  1140544.600  1141449.600
   355:  1141515.600  1142126.600  1207521.600  1207585.600  1207685.600
   360:  1207716.600  1216182.600  1216253.600  1216728.600  1217418.600
   365:  1217465.600  1217607.600  1224133.200  1224202.250  1225022.650
   370:  1307147.250  1307287.650  1312655.650  1320134.400  1320179.410
   375:  1320228.410  1320230.610  1320247.610  1320273.410  1320322.410
   380:  1320367.410  1320416.410  1320461.410  1320510.410  1320555.410
   385:  1320560.420  1321364.600  1321377.600  1321401.600  1321418.600
   390:  1321429.600  1321436.600  1321444.600  1321494.600  1321541.600
   395:  1321561.600  1321572.600  1321664.600  1323774.600  1323785.600
   400:  1325475.600  1325494.600  1325503.600  1326354.600  1329278.600
   405:  1329549.600  1333972.600  1345448.600  1345830.600  1346171.600
   410:  1346389.600  1346454.600  1346478.600  1346503.600  1346516.600
   415:  1346574.600  1427827.600  1427873.600  1429327.600  1429655.600
   420:  1481101.600  1481296.600  1517976.600  1517995.600  1527011.600
   425:  1533516.600  1537301.600  1538148.600  1556717.600  1578734.600
   430:  1579670.600  1579740.600  1579769.600  1579784.600  1587321.600
   435:  1605755.600  1608633.600  1612504.600  1624947.600  1625069.600
   440:  1625115.600  1625266.600  1626839.200  1666653.650  1701957.650
   445:  1722840.400  1722885.410  1722934.410  1722952.610  1722979.410
   450:  1722979.610  1723028.410  1723073.410  1723122.410  1723167.410
   455:  1723216.410  1723261.410  1723266.420  1723363.600  1723432.600
   460:  1723456.600  1723612.600  1723704.600  1725308.600  1727049.600
   465:  1728018.600  1736253.600  1736866.600  1736896.600  1737407.200
   470:  1744619.650  1750651.650  1750688.650  1827125.650  1833408.400
   475:  1833453.410  1833502.410  1833522.610  1833547.410  1833566.610
   480:  1833596.410  1833641.410  1833690.410  1833735.410  1833784.410
   485:  1833829.410  1833834.420  1834248.600  1834272.600  1834658.600
   490:  1838394.600  1838407.600  1839305.600  1842145.200  1842223.250
   495:  1842602.650  1842870.650  1848116.650  1931891.650  1931930.650
   500:  1932023.650  1938146.400  1938191.410  1938240.410  1938285.410
   505:  1938334.410  1938379.410  1938396.610  1938428.410  1938473.410
   510:  1938522.410  1938567.410  1938572.420  1941256.600  1943484.600
   515:  1943555.600  1943714.600  1943726.600  1943761.600  1943767.600
   520:  1943821.600  1943864.600  1944417.600  1944479.600  1945132.600
   525:  1945156.600  1945163.600  1945551.600  1945613.600  1949054.600
   530:  1949591.600  1949847.600  1954114.600  1954771.600  1955455.600
   535:  1955705.600  1966265.600  1966795.600  1988518.600  1994876.200
   540:  2066202.650  2066300.650  2066379.650  2090877.400  2090922.410
   545:  2090949.610  2090971.410  2091016.410  2091065.410  2091110.410
   550:  2091159.410  2091204.410  2091253.410  2091298.410  2091303.420
   555:  2091623.600  2091798.600  2091824.600  2091850.600  2091874.600
   560:  2091891.600  2091931.600  2092116.600  2092128.600  2092253.600
   565:  2092281.600  2092302.600  2092527.600  2092543.600  2092563.600
   570:  2092576.600  2095548.600  2095773.600  2095953.600  2095992.600
   575:  2099036.600  2099534.600  2099806.600  2125632.600  2141883.600
   580:  2150392.600  2227523.600  2236279.600  2240667.600  2249546.200
   585:  2250051.250  2250203.250  2250230.250  2250567.650  2250764.650
   590:  2250851.650  2273114.650  2299655.650  2299678.650  2300476.650
   595:  2300901.650  2345547.400  2345592.410  2345641.410  2345645.610
   600:  2345686.410  2345735.410  2345780.410  2345829.410  2345874.410
   605:  2345923.410  2345968.410  2345973.420  2346696.600  2346713.600
   610:  2346716.600  2346732.600  2346742.600  2346764.600  2346781.600
   615:  2346802.600  2346823.600  2346843.600  2346859.600  2346882.600
   620:  2346894.600  2346939.600  2346977.600  2347001.600  2347034.600
   625:  2347048.600  2347495.600  2347506.600  2347509.600  2347652.600
   630:  2347683.600  2347692.600  2347695.600  2347698.600  2347716.600
   635:  2347752.600  2349512.600  2349518.600  2349556.600  2349594.600
   640:  2349603.600  2349618.600  2349682.600  2351640.600  2351657.600
   645:  2351696.600  2351789.600  2352314.600  2416369.600  2533443.600
   650:  2534116.600  2534143.600  2534491.600  2544713.600  2544729.600
   655:  2584573.600  2612381.200  2649440.650  2649470.650  2660821.650
   660:  2660929.650  2665285.650  2708382.400  2708427.410  2708470.610
   665:  2708476.410  2708521.410  2708570.410  2708615.410  2708664.410
   670:  2708709.410  2708758.410  2708803.410  2708808.420  2711762.600
   675:  2714058.600  2714074.600  2714181.600  2716093.600  2716357.600
   680:  2716502.600  2744910.600  2745161.600  2835352.600  2835361.600
   685:  2848922.600  2855687.200  2857084.650  2941278.650  2941293.650
   690:  2946654.650  2946830.650  2946868.650  2951688.400  2951733.410
   695:  2951753.610  2951782.410  2951827.410  2951876.410  2951921.410
   700:  2951970.410  2952015.410  2952064.410  2952109.410  2952114.420
   705:  2952271.600  2952290.600  2952312.600  2952336.600  2952355.600
   710:  2952383.600  2952432.600  2953599.600  2953982.600  2953986.600
   715:  2954032.600  2954043.600  2954056.600  2954079.600  2954100.600
   720:  2954122.600  2954144.600  2954165.600  2954183.600  2954197.600
   725:  2954204.600  2954222.600  2954237.600  2954242.600  2954262.600
   730:  2954282.600  2954301.600  2954349.600  2954364.600  2954385.600
   735:  2954425.600  2954447.600  2954853.600  2955034.600  2955068.600
   740:  2955092.600  2955114.600  2955923.600  2956762.600  2956830.600
   745:  2956832.600  2956863.600  2956868.600  2957896.600  2957905.600
   750:  2957929.600  2957990.600  2958928.600  2959086.600  2959516.600
   755:  2959876.600  2960595.600  2969278.600  2969319.600  2969472.600
   760:  2969516.600  3001800.600  3001869.600  3026131.600  3026221.600
   765:  3086887.600  3093073.600  3093081.600  3096481.600  3140284.600
   770:  3175389.600  3176137.200  3180955.650  3181314.650  3181350.650
   775:  3189154.650  3191865.650  3193764.650  3208615.650  3272138.400
   780:  3272183.410  3272232.410  3272277.410  3272326.410  3272371.410
   785:  3272420.410  3272465.410  3272514.410  3272559.410  3272564.420
   790:  3276086.600  3276866.600  3276897.600  3276936.600  3276958.600
   795:  3276963.600  3276978.600  3276984.600  3277044.600  3277061.600
   800:  3277658.600  3280133.600  3281709.600  3281734.600  3282059.600
   805:  3293797.600  3796963.600  3824430.600  3824662.600  3824668.600
   810:  3824747.600  3824770.600  3824934.600  3847193.600  3859019.200
   815:  3885235.650  3885371.650  3886256.250  3886707.250  3887189.250
   820:  3887783.250  3888517.250  3899595.250  3901016.650  3901144.650
   825:  3901276.650  3902602.250  3955020.400  3955065.410  3955114.410
   830:  3955126.610  3955159.410  3955208.410  3955253.410  3955302.410
   835:  3955347.410  3955396.410  3955441.410  3955446.420  3955486.600
   840:  3955504.600  3956909.600  3957860.600  3960778.600  3961108.600
   845:  3961131.600  3962174.600  4011540.600  4011743.600  4011782.600
   850:  4054308.600  4064786.600  4065049.600  4065326.600  4065642.600
   855:  4065672.600  4080525.600  4080905.600  4091886.600  4091990.600
   860:  4092401.600  4092572.600  4092919.200  4093220.250  4093249.250
   865:  4093321.250  4093594.250  4093657.250  4093753.250  4093902.250
   870:  4094468.250  4095305.650  4188920.400  4188965.410  4189014.410
   875:  4189059.410  4189108.410  4189117.610  4189153.410  4189202.410
   880:  4189247.410  4189296.410  4189341.410  4189346.420  4189450.600
   885:  4189786.600  4189902.600  4189925.600  4189938.600  4189961.600
   890:  4190007.600  4190020.600  4190031.600  4190264.600  4190277.600
   895:  4191179.600  4193197.600  4194633.600  4195309.600  4195490.600
   900:  4195532.600  4195556.600  4195576.600  4195658.600  4195828.600
   905:  4195858.600  4196101.600  4196266.600  4196359.600  4196367.600
   910:  4196384.600  4196481.600  4196813.600  4196845.600  4197031.600
   915:  4197098.600  4197118.600  4197251.600  4197338.600  4197441.600
   920:  4197459.600  4198093.600  4198216.600  4198627.600  4198723.600
   925:  4198732.600  4198768.600  4198793.600  4198819.600  4198895.600
   930:  4198907.600  4198978.600  4199170.600  4199227.600  4199230.600
   935:  4199784.600  4199928.600  4199931.600  4199936.600  4200106.600
   940:  4200336.600  4200398.600  4200648.600  4200848.600  4201122.600
   945:  4201183.600  4201274.600  4201290.600  4201298.600  4201703.600
   950:  4201722.600  4201879.600  4201964.600  4202084.600  4202169.600
   955:  4202255.600  4202479.600  4202894.600  4203010.600  4203554.600
   960:  4204046.600  4204076.600  4204165.600  4204315.600  4204317.600
   965:  4204341.600  4204408.600  4204621.600  4204642.600  4204661.600
   970:  4204830.600  4204864.600  4204910.600  4204922.600  4204945.600
   975:  4204961.600  4205193.600  4205646.600  4207670.600  4207691.600
   980:  4208364.600  4209049.600  4209843.600  4210125.600  4210461.600
   985:  4210675.600  4211317.600  4220301.600  4226152.600  4232946.600
   990:  4327668.999
E:
     0:        5.200       16.300       28.800       43.200       59.900
     5:       80.100      105.300      139.300      191.600      330.300
F:
     0:        0.000        0.000        0.000        0.000        0.000
     5:        0.000
L:
     0:      101.000      123.000      104.000      109.000      129.000
     5:       90.000       48.000       95.000      111.000      113.000
    10:      249.000       71.000       97.000       87.000       64.000
    15:     3947.000      105.000      196.000
M:
     0:        0.000        0.000        0.000        0.000        0.000
     5:        0.000
