File: C:\MED-PC IV\DATA\!2023-03-07_18h55m.Subject DF29


Start Date: 03/07/23
End Date: 03/08/23
Subject: DF29
Experiment: delayed_acquisition
Group: 1
Box: 9
Start Time: 18:55:49
End Time:  7:16:38
MSN: Delayed_AcquisitionYoked2_w_magmacro
G:       0.000
H:       0.000
I:       0.000
J:       0.000
K:       0.000
N:       0.000
O:       0.000
P:       0.000
Q:       0.000
R:       0.000
S:       0.000
T:       0.000
U:       0.000
V:       0.000
W:       0.000
X:       7.000
Y:       0.000
Z:       0.000
A:
     0:        2.000       60.000  4320000.000        2.000        0.000
     5:        1.000    96000.000        1.000       10.000        0.000
    10:        0.000        0.000        0.000        0.000        0.000
    15:        0.000        0.000        0.000        0.000        0.000
    20:        0.000        0.000        0.000        0.000        0.000
    25:        0.000        0.000        0.000        0.000        0.000
    30:        0.000        0.000        0.000        0.000        0.000
    35:        0.000        0.000        0.000        0.000        0.000
    40:        0.000        0.000        0.000        0.000        0.000
    45:        0.000        0.000        0.000        0.000        0.000
    50:        0.000        0.000        0.000        0.000        0.000
    55:        0.000        0.000        0.000        0.000        0.000
    60:        0.000        0.000        0.000        0.000        0.000
    65:        0.000        0.000        0.000        0.000        0.000
    70:        0.000        0.000        0.000        0.000        0.000
    75:        0.000        0.000        0.000        0.000        0.000
    80:        0.000        0.000        0.000        0.000        0.000
    85:        0.000        0.000        0.000        0.000        0.000
    90:        0.000        0.000        0.000        0.000        0.000
    95:        0.000        0.000        0.000        0.000        0.000
   100:        0.000
B:
     0:  4320000.000  4321278.000        1.000       65.000        0.000
     5:        0.000        0.000        4.000     1449.000     2057.000
    10:        0.000     1353.000        3.000        2.000      598.000
    15:        0.000        3.000        0.000        0.000        0.000
    20:        0.000        0.000        0.000        0.000        0.000
    25:        0.000        0.000        0.000        0.000        0.000
    30:        0.893        1.000        0.000       31.000        0.000
    35:        0.000        0.000        0.000        0.000        0.000
    40:        0.000        0.000        0.000        0.000        0.000
    45:        0.000        0.000        0.000        0.000        0.000
    50:        0.000        0.000        0.000        0.000        0.000
    55:        0.000        0.000        0.000        0.000        0.000
    60:        0.000        0.000        0.000        0.000        0.000
    65:        0.000        0.000        0.000        0.000        0.000
    70:        0.000        0.000        0.000        0.000        0.000
    75:        0.000        0.000        0.000        0.000        0.000
    80:        0.000        0.000        0.000        0.000        0.000
    85:        0.000        0.000        0.000        0.000        0.000
    90:        0.000        0.000        0.000        0.000        0.000
    95:        0.000        0.000        0.000        0.000        0.000
   100:        0.000
C:
     0:      141.300      285.300     3043.300     3805.100     5080.300
     5:     5204.300     8667.300     9041.300     9064.300    12734.300
    10:    16923.100    17276.300    25662.300    25742.300    28745.100
    15:    28979.100    29091.300    29155.300    29202.300    29516.300
    20:    29580.300    30349.300    30486.300    32890.100    34829.300
    25:    35050.300    35283.300    35314.300    38110.300    38169.300
    30:    38198.300    38262.300    42096.300    42260.300    44646.300
    35:    44737.300   146383.200   146383.200   146383.200   146383.200
    40:   146383.200   146383.200   146383.200   146383.200   146383.200
    45:   146383.200   149356.300   149559.300   150095.300   150216.300
    50:   150407.300   150419.300   150444.300   150453.300   150528.300
    55:   150607.300   150733.300   150853.300   150860.300   151109.300
    60:   151186.300   151239.300   151397.300   151852.300   154352.300
    65:   155054.300   155329.300   155506.300   155541.300   155627.300
    70:   155640.300   156321.300   156430.300   156517.300   156806.300
    75:   157320.300   157669.300   157684.300   157696.300   157712.300
    80:   157738.300   157759.300   158094.300   158196.300   158314.300
    85:   158333.300   158362.300   158485.300   158488.300   158725.300
    90:   158866.300   158896.300   160585.300   161016.300   161021.300
    95:   161504.300   161575.300   161578.300   161674.300   161699.300
   100:   161716.300   161745.300   161775.300   161796.300   161882.300
   105:   161895.300   161963.300   161974.300   162001.300   162017.300
   110:   163015.300   163784.100   164169.300   165036.300   165096.300
   115:   165344.300   166014.300   167605.300   167610.300   167913.300
   120:   168319.300   168658.300   169207.300   172009.300   172143.300
   125:   172666.300   172732.300   172760.300   172985.300   173449.300
   130:   174157.300   174299.300   174306.300   176285.300   176599.300
   135:   177008.300   178596.300   178715.300   178826.300   180859.300
   140:   181234.300   181388.300   181537.300   183533.300   183585.300
   145:   183592.300   183652.300   183680.300   184193.300   184276.300
   150:   184307.300   184317.300   184370.300   184380.300   184410.300
   155:   184550.300   184559.300   184702.300   184709.300   185338.300
   160:   190490.300   192034.300   192090.300   192195.300   192646.300
   165:   193057.300   193106.300   193175.300   193265.300   196318.300
   170:   196444.300   196481.300   196497.300   196516.300   197171.300
   175:   197187.300   197225.300   197289.300   197677.300   197682.300
   180:   197711.300   197738.300   198207.300   199733.300   200006.300
   185:   201037.300   202387.300   202612.300   203559.300   203581.300
   190:   203615.300   203792.300   203818.300   203895.300   204942.300
   195:   205000.300   205087.300   205372.300   209015.300   209033.300
   200:   210146.300   210279.300   210401.300   210654.300   211491.300
   205:   211517.300   211772.300   212977.300   213034.300   213072.300
   210:   213180.300   213459.300   213879.300   213983.300   213998.300
   215:   214626.300   214640.300   219607.300   219683.300   221743.300
   220:   221916.300   226105.300   226156.300   227310.300   227316.300
   225:   227431.300   227444.300   227516.300   227817.300   228023.300
   230:   228289.300   228343.300   228361.300   228387.300   228560.300
   235:   228572.300   228588.300   228603.300   228645.300   228655.300
   240:   228729.300   228751.300   228759.300   228957.300   229127.300
   245:   229797.300   230031.300   230797.300   230901.300   233948.300
   250:   233987.300   234002.300   236642.300   237304.300   237350.300
   255:   241138.300   241276.300   241323.300   241407.300   241450.300
   260:   241473.300   245341.300   246581.300   252388.300   252475.300
   265:   254475.300   256900.300   256935.300   257024.300   258555.300
   270:   258701.300   258739.300   265501.300   266495.300   270249.300
   275:   270542.300   270580.300   270649.300   271644.300   271786.300
   280:   271794.300   274629.300   274640.300   274662.300   275664.300
   285:   278658.300   279258.300   279441.300   279706.300   280719.300
   290:   285198.100   285529.100   287965.300   290829.300   294143.300
   295:   294249.300   294577.300   294776.300   294955.300   295614.300
   300:   296357.300   296388.300   296435.300   296484.300   296593.300
   305:   297229.300   297712.300   298315.300   300506.300   300585.300
   310:   301328.300   301368.300   301416.300   301432.300   302189.300
   315:   302449.300   303000.300   304390.300   304738.300   304827.300
   320:   304880.300   304914.300   304953.300   305091.300   305145.300
   325:   305330.300   305341.300   308291.300   308648.300   323474.300
   330:   325370.300   325404.300   332183.100   337114.300   337589.300
   335:   337704.300   338874.300   342371.300   342855.300   342929.300
   340:   342939.300   343237.300   343248.300   343613.300   343722.300
   345:   345741.300   345768.300   345797.300   345850.300   345875.300
   350:   346233.300   346300.300   346332.300   346385.300   346592.300
   355:   348800.300   348852.300   349255.300   349844.300   352399.300
   360:   352411.300   354261.300   354317.300   371088.300   371149.300
   365:   371697.300   373855.300   380254.300   380897.300   380949.300
   370:   381099.300   381670.300   381687.300   381776.300   382337.300
   375:   382581.300   382686.300   382750.300   384970.300   385185.300
   380:   385216.300   385516.300   387109.300   387304.300   388025.300
   385:   389061.300   389142.300   389337.300   389556.300   391895.300
   390:   391964.300   392075.300   392126.300   392194.300   392903.300
   395:   392943.300   394613.300   394683.300   394747.300   395206.300
   400:   397388.300   426971.300   427225.300   428137.300   428179.300
   405:   429142.300   429778.300   431656.300   440861.300   441141.300
   410:   442459.300   442509.300   489710.300   490262.300   492234.300
   415:   492249.300   492591.300   492629.300   493561.300   493570.300
   420:   494486.300   494784.300   494995.300   496925.300   497105.300
   425:   498712.300   498871.300   498919.300   498934.300   501858.300
   430:   501958.300   501990.300   502154.300   502201.300   504440.300
   435:   508500.300   509755.300   509893.300   558299.300   558789.300
   440:   558916.300   559017.300   559158.300   560086.300   563814.300
   445:   564335.300   564352.300   564555.300   564626.300   564852.300
   450:   564933.300   566272.300   566677.300   566868.300   566891.300
   455:   566924.300   566961.300   566970.300   566989.300   567010.300
   460:   567061.300   572135.100   572456.300   572807.300   572851.300
   465:   575658.300   575752.300   588636.300   590199.300   590279.300
   470:   622927.300   648705.100   649028.100   649080.100   652568.100
   475:   652644.100   652846.100   657880.100   658411.100   690514.300
   480:   690610.300   690865.300   691467.300   691557.300   691631.300
   485:   691820.300   692164.300   692180.300   692190.300   692872.300
   490:   693175.300   693346.300   693608.300   693793.300   693801.300
   495:   693818.300   693862.300   693891.300   693899.300   693914.300
   500:   693934.300   693981.300   693999.300   694154.300   694236.300
   505:   694491.300   694510.300   694973.300   695023.300   695084.300
   510:   695144.300   695625.300   695672.300   696630.300   697543.300
   515:   697629.300   697635.300   698287.300   698530.300   698540.300
   520:   698722.300   698759.300   698782.300   699025.300   699258.300
   525:   700254.300   700270.300   701620.300   701662.300   701696.300
   530:   701712.300   701726.300   701785.300   701804.300   702314.300
   535:   702407.300   702428.300   702563.300   707217.300   707230.300
   540:   707242.300   708291.300   708339.300   708362.300   708455.300
   545:   708575.300   708579.300   708622.300   708675.300   708679.300
   550:   708720.300   708897.300   708935.300   708976.300   709108.300
   555:   709394.300   710103.300   716037.300   716374.300   723889.300
   560:   724146.300   724270.300   724344.300   738901.300   770437.300
   565:   771783.300   773292.300   773343.300   805998.300   812654.300
   570:   812772.300   812809.300   812884.300   813339.300   813898.300
   575:   814439.300   816142.100   816529.100   824800.100   827491.100
   580:   827761.100   828973.300   829432.300   830039.300   831011.300
   585:   831597.300   832793.300   832814.300   834283.300   834980.300
   590:   835023.300   835037.300   835927.300   836072.300   884289.300
   595:   885947.300   886166.300   886391.300   914802.100   915075.100
   600:   915552.100   928082.300   928334.300   937675.300   938145.300
   605:   939969.300   964651.300   965886.300   966072.300   967434.300
   610:   968116.300   970048.300   979980.300   986183.300   989621.300
   615:  1019024.300  1024778.300  1024931.300  1025380.300  1025493.300
   620:  1026980.300  1085977.300  1087434.300  1087927.300  1088626.300
   625:  1088654.300  1088671.300  1089808.300  1127324.300  1127378.300
   630:  1127777.300  1127834.300  1127864.300  1127869.300  1127922.300
   635:  1154204.100  1341582.300  1341903.300  1342264.300  1342313.300
   640:  1342329.300  1342345.300  1342362.300  1342386.300  1342395.300
   645:  1342431.300  1342452.300  1345688.300  1345737.300  1345943.300
   650:  1346026.300  1346437.300  1346454.300  1346587.300  1358298.300
   655:  1361236.300  1447302.100  1459695.300  1529884.300  1554129.300
   660:  1554628.300  1554640.300  1555949.300  1557374.300  1557498.300
   665:  1561355.100  1566903.100  1567752.300  1567979.300  1572405.100
   670:  1572492.100  1578938.300  1579049.300  1579105.300  1579988.300
   675:  1580126.300  1595165.300  1600778.300  1600790.300  1600884.300
   680:  1601274.300  1602474.300  1602505.300  1603139.300  1603343.300
   685:  1603354.300  1603374.300  1603385.300  1603434.300  1603899.300
   690:  1604009.300  1604123.300  1604174.300  1604193.300  1604411.300
   695:  1604417.300  1604423.300  1604504.300  1604516.300  1604521.300
   700:  1604635.300  1605029.300  1605041.300  1605073.300  1605426.300
   705:  1609762.300  1610102.300  1610713.300  1610988.300  1611097.300
   710:  1611284.300  1611521.300  1611608.300  1611623.300  1611653.300
   715:  1611682.300  1611777.300  1611833.300  1611910.300  1612072.300
   720:  1612185.300  1612194.300  1612227.300  1612455.300  1612697.300
   725:  1613528.300  1613571.300  1614037.300  1614146.300  1614200.300
   730:  1614211.300  1616192.300  1616486.300  1617238.300  1618306.300
   735:  1618339.300  1623307.300  1624238.300  1631939.300  1631961.300
   740:  1658235.300  1658249.300  1682647.300  1682678.300  1689765.300
   745:  1689843.300  1689895.300  1697237.300  1697283.300  1698224.300
   750:  1700359.300  1709287.300  1709433.300  1709917.300  1710874.300
   755:  1711249.300  1711290.300  1711601.300  1711605.300  1711633.300
   760:  1711651.300  1711670.300  1711704.300  1712208.300  1712274.300
   765:  1712398.300  1714664.300  1846131.100  1882627.300  1882690.300
   770:  1882814.300  1884249.300  1884398.300  1897726.300  1908223.300
   775:  1908283.300  1908294.300  1908330.300  1908356.300  1908372.300
   780:  1908453.300  1908467.300  1908489.300  1908510.300  1908521.300
   785:  1908579.300  1908597.300  1908614.300  1908632.300  1908734.300
   790:  1945265.300  1945278.300  1945308.300  1946124.300  1946272.300
   795:  1946351.300  1946430.300  1946546.300  1946609.300  1948200.300
   800:  1948435.300  1948889.300  1949301.300  1949880.300  1950011.300
   805:  1950053.300  1950074.300  1950088.300  1950148.300  1950220.300
   810:  1950271.300  1951423.300  1951538.300  1952232.300  1952840.300
   815:  1952907.300  1952925.300  1952944.300  1952962.300  1952967.300
   820:  1952978.300  1952992.300  1953646.300  1953744.300  1953885.300
   825:  1954207.300  1954215.300  1954240.300  1954355.300  1954465.300
   830:  1954477.300  1954522.300  1954787.300  1954982.300  1955068.300
   835:  1955128.300  1956309.300  1957448.300  1959187.300  1959278.300
   840:  1959501.300  1959578.300  1959662.300  1973885.300  1973921.300
   845:  1973928.300  1974126.300  1974461.300  2035454.300  2037363.300
   850:  2048923.100  2049568.100  2049744.100  2049805.100  2049923.100
   855:  2049973.100  2060172.300  2061054.300  2076964.300  2077699.300
   860:  2078904.300  2078956.300  2078997.300  2079047.300  2079164.300
   865:  2079251.300  2137181.300  2137186.300  2141265.300  2141586.300
   870:  2141602.300  2141634.300  2871301.300  2873040.300  2873049.300
   875:  2878996.300  2879097.300  2879182.300  2879204.300  2883280.300
   880:  2894082.300  2895451.100  2904377.300  2904645.300  2904688.300
   885:  2904704.300  2904731.300  2904745.300  2904760.300  2904777.300
   890:  2904791.300  2904808.300  2904816.300  2905300.300  2906189.300
   895:  2906258.300  2906275.300  2906317.300  2906360.300  3133118.200
   900:  3133118.200  3133118.200  3133118.200  3133118.200  3133118.200
   905:  3133118.200  3133118.200  3133118.200  3133118.200  3133346.300
   910:  3135403.300  3138402.300  3138413.300  3138598.300  3138731.300
   915:  3138805.300  3139087.300  3139279.300  3139374.300  3139455.300
   920:  3139574.300  3139860.300  3139966.300  3139968.300  3139994.300
   925:  3140063.300  3140080.300  3140099.300  3140104.300  3140122.300
   930:  3140363.300  3140386.300  3140653.300  3140919.300  3140966.300
   935:  3141016.300  3141200.300  3141376.300  3141486.300  3141594.300
   940:  3142290.300  3142312.300  3142364.300  3142398.300  3142408.300
   945:  3142422.300  3142444.300  3142878.300  3143016.300  3143276.300
   950:  3143536.300  3144264.300  3144281.300  3144487.300  3145132.300
   955:  3145465.300  3146553.300  3146593.300  3146710.300  3146768.300
   960:  3146998.300  3147072.300  3147090.300  3147509.300  3147533.300
   965:  3147821.300  3147867.300  3148147.300  3148265.300  3148268.300
   970:  3148272.300  3148335.300  3148431.300  3148487.300  3148494.300
   975:  3148603.300  3148671.300  3148773.300  3148828.300  3148907.300
   980:  3149181.300  3149210.300  3149231.300  3149390.300  3149740.300
   985:  3149754.300  3149771.300  3149848.300  3149900.300  3149909.300
   990:  3150040.300  3150447.300  3150587.300  3150631.300  3150785.300
   995:  3151693.300  3151867.300  3151895.300  3151938.300  3151950.300
  1000:  3151989.300  3152109.300  3152200.300  3152272.300  3152374.300
  1005:  3152423.300  3152444.300  3152755.300  3152790.300  3152795.300
  1010:  3152833.300  3152876.300  3152883.300  3152918.300  3153726.300
  1015:  3154064.300  3154128.300  3154213.300  3154439.300  3154539.300
  1020:  3154989.300  3155040.300  3155061.300  3155098.300  3155115.300
  1025:  3155153.300  3155169.300  3155211.300  3155214.300  3155220.300
  1030:  3155515.300  3155572.300  3155653.300  3155699.300  3155790.300
  1035:  3156050.300  3156215.300  3156316.300  3156323.300  3156359.300
  1040:  3157579.300  3157850.300  3157887.300  3157956.300  3158021.300
  1045:  3158138.300  3158162.300  3158246.300  3158761.300  3158773.300
  1050:  3158788.300  3158921.300  3159033.300  3159066.300  3159143.300
  1055:  3159165.300  3159348.300  3159401.300  3159407.300  3159415.300
  1060:  3159421.300  3160010.300  3160030.300  3160038.300  3160043.300
  1065:  3160141.300  3160258.300  3160422.300  3160432.300  3160480.300
  1070:  3160490.300  3160541.300  3160720.300  3160879.300  3160902.300
  1075:  3160939.300  3160969.300  3161050.300  3161409.300  3161455.300
  1080:  3161633.300  3161657.300  3161863.300  3161937.300  3162146.300
  1085:  3162240.300  3162361.300  3162381.300  3162430.300  3166789.300
  1090:  3166812.300  3167250.300  3167267.300  3168089.300  3169198.300
  1095:  3169211.300  3170095.300  3170129.300  3170141.300  3170287.300
  1100:  3173130.300  3178479.300  3180108.300  3182951.300  3183517.300
  1105:  3183558.300  3274696.300  3275690.300  3275984.300  3276008.300
  1110:  3276280.300  3276741.300  3277434.300  3277441.300  3277499.300
  1115:  3277567.300  3277671.300  3277692.300  3277699.300  3277737.300
  1120:  3277870.300  3277884.300  3277905.300  3277921.300  3277926.300
  1125:  3277938.300  3277969.300  3277973.300  3277982.300  3277992.300
  1130:  3278124.300  3278166.300  3278226.300  3278296.300  3278349.300
  1135:  3278448.300  3278678.300  3278700.300  3278734.300  3278938.300
  1140:  3279037.300  3279094.300  3279647.300  3280141.300  3280495.300
  1145:  3280592.300  3280608.300  3280633.300  3280689.300  3280710.300
  1150:  3280855.300  3281216.300  3281395.300  3281410.300  3281435.300
  1155:  3281611.300  3281620.300  3282069.300  3282265.300  3282360.300
  1160:  3282385.300  3282515.300  3282627.300  3282639.300  3283030.300
  1165:  3283161.300  3283217.300  3290547.300  3290609.300  3290639.300
  1170:  3290941.300  3290950.300  3291789.300  3291879.300  3291947.300
  1175:  3291980.300  3294966.300  3297162.300  3297174.300  3299214.300
  1180:  3299279.300  3299360.300  3299487.300  3299551.300  3299564.300
  1185:  3299786.300  3299802.300  3299858.300  3299888.300  3300118.300
  1190:  3300161.300  3300220.300  3300586.300  3302493.300  3302528.300
  1195:  3303004.300  3303310.300  3304052.300  3304137.300  3304233.300
  1200:  3304296.300  3304321.300  3304522.300  3304623.300  3304655.300
  1205:  3304769.300  3305395.300  3305880.300  3305962.300  3306924.300
  1210:  3307184.300  3313890.300  3314976.300  3317774.300  3317864.300
  1215:  3319221.300  3319283.300  3319362.300  3320127.300  3320600.300
  1220:  3320664.300  3322601.300  3322642.300  3322685.300  3322811.300
  1225:  3322939.300  3323025.300  3323098.300  3324388.300  3324671.300
  1230:  3324743.300  3326465.300  3327061.300  3327118.300  3327166.300
  1235:  3336562.300  3336572.300  3337836.300  3349216.300  3351155.100
  1240:  3351596.100  3351956.100  3353331.100  3353437.100  3353829.100
  1245:  3355667.300  3356521.300  3360189.300  3360340.300  3386152.300
  1250:  3386683.300  3386807.300  3388091.300  3394243.300  3394258.300
  1255:  3400501.300  3413273.300  3414477.300  3415189.300  3415205.300
  1260:  3415225.300  3415248.300  3415266.300  3415284.300  3415318.300
  1265:  3415335.300  3415515.300  3417296.300  3420808.100  3424879.100
  1270:  3428924.300  3429516.300  3429605.300  3465411.300  3467627.300
  1275:  3467683.300  3469437.300  3474178.300  3490562.300  3490626.300
  1280:  3490656.300  3490664.300  3490973.300  3491035.300  3491579.300
  1285:  3491790.300  3510088.300  3530095.300  3530218.300  3530475.300
  1290:  3602607.300  3614150.300  3614153.300  3689781.300  3689836.300
  1295:  3689940.300  3690056.300  3690575.300  3690653.300  3691283.300
  1300:  3703248.300  3703295.300  3703355.300  3709085.300  3709111.300
  1305:  3731136.300  3732840.300  3732880.300  3733638.300  3752697.300
  1310:  3752854.300  3758908.100  3759321.100  3769051.300  3769113.300
  1315:  3770309.300  3846613.300  3846820.300  3955158.200  3955158.200
  1320:  3955158.200  3955158.200  3955158.200  3955158.200  3955158.200
  1325:  3955158.200  3955158.200  3955158.200  3955470.300  3955511.300
  1330:  3959637.300  3960039.300  3960053.300  3960089.300  3960103.300
  1335:  3960110.300  3960126.300  3960155.300  3960159.300  3960257.300
  1340:  3960304.300  3960342.300  3960378.300  3960396.300  3960410.300
  1345:  3960437.300  3960440.300  3960460.300  3960482.300  3960503.300
  1350:  3960524.300  3960556.300  3960560.300  3960569.300  3960577.300
  1355:  3960592.300  3960723.300  3960897.300  3961634.300  3961735.300
  1360:  3963630.300  3964052.300  3964158.300  3965066.300  3965407.300
  1365:  3965452.300  3967069.300  3967300.300  3967312.300  3967329.300
  1370:  3967344.300  3967437.300  3967614.300  3967677.300  3967792.300
  1375:  3967850.300  3967897.300  3968826.300  3968888.300  3969684.300
  1380:  3970065.300  3970072.300  3970217.300  3974120.300  3974147.300
  1385:  3974195.300  3975154.300  3987456.100  3988571.100  3996852.300
  1390:  4010350.300  4010447.300  4010772.300  4010779.300  4010888.300
  1395:  4011930.300  4012095.300  4012151.300  4026502.300  4026771.300
  1400:  4037947.300  4038778.300  4038905.300  4038919.300  4038933.300
  1405:  4038959.300  4039022.300  4045360.300  4045399.300  4045923.300
  1410:  4048033.300  4048072.300  4048132.300  4048228.300  4048260.300
  1415:  4055283.300  4056447.300  4067333.100  4069462.100  4091457.300
  1420:  4092113.300  4093516.300  4109146.300  4144775.100  4144873.100
  1425:  4145034.100  4145131.100  4146172.100  4146211.100  4146389.100
  1430:  4146520.100  4146556.100  4146739.100  4146788.100  4150976.300
  1435:  4166064.300  4166166.300  4175626.300  4175679.300  4203842.300
  1440:  4237277.300  4237361.300  4237462.300  4237544.300  4237579.300
  1445:  4237798.300  4239711.300  4240444.300  4320000.200
D:
     0:        0.111      141.600      285.600     3043.600     3805.200
     5:     5080.600     5204.600     8667.600     9041.600     9064.600
    10:    12734.600    16923.200    17276.600    25662.600    25742.600
    15:    28745.200    28979.200    29091.600    29155.600    29202.600
    20:    29516.600    29580.600    30349.600    30486.600    32890.200
    25:    34829.600    35050.600    35283.600    35314.600    38110.600
    30:    38169.600    38198.600    38262.600    42096.600    42260.600
    35:    44646.600    44737.600    54738.650    54791.650    54852.650
    40:    55036.650    55069.650    55168.650    56726.650    59088.650
    45:    59224.650    59377.650    59586.650    59897.650    59952.650
    50:    60011.650    63239.250    63537.650    64395.650    64476.650
    55:    64636.650    66415.650    66511.650    66695.650    66738.650
    60:    68146.650    68178.650    68205.650    68238.650    68447.650
    65:    68601.650    68665.650    68750.650    68779.650    68785.650
    70:    68812.650    69050.650    69065.650    69081.650    69104.650
    75:    69134.650    69137.650    69164.650    69278.650    69307.650
    80:    69365.650    69436.650    69447.650    69578.650    69665.650
    85:    69706.650    69792.650    69917.650    69958.650    70083.650
    90:    70165.650    70170.650    70699.650    70712.650    71097.650
    95:    71113.650    71528.650    71534.650    71549.650    71837.650
   100:    71842.650    71987.650    71996.650    72045.650    72238.650
   105:    72270.650    72576.650    72633.650    72651.650    72987.650
   110:    73135.650    73154.650    73189.650    73250.650    73281.650
   115:    73549.650    73570.650    73581.650    73968.650    73974.650
   120:    74017.650    74132.650    74207.650    74305.650    74319.650
   125:    74378.650    74461.650    74470.650    74679.650    74806.650
   130:    74834.650    74885.650    74920.650    74936.650    74987.650
   135:    75172.650    75244.650    75257.650    75271.650    75321.650
   140:    75371.650    75641.650    75686.650    75696.650    75823.650
   145:    75827.650    75837.650    75858.650    75997.650    76004.650
   150:    76250.650    76261.650    76304.650    76311.650    77062.650
   155:    77506.650    77635.650    77655.650    77668.650    77690.650
   160:    77703.650    77720.650    77746.650    77775.650    77778.650
   165:    77966.650    78534.650    78545.650    78602.650    79039.650
   170:    79535.650    79582.650    79654.650    79670.650    79680.650
   175:    80514.650    80761.650    81216.650    81336.650    81526.650
   180:    81733.650    81976.650    81992.650    82023.650    82117.650
   185:    82240.650    82249.650    82254.650    82495.650    82567.650
   190:    82931.650    83060.650    83102.650    83132.650    83166.650
   195:    83632.650    83665.650    83704.650    83860.650    83935.650
   200:    84049.650    84149.650    85440.650    85882.650    85883.650
   205:    85978.650    85993.650    86007.650    86011.650    86040.650
   210:    86055.650    86129.650    86803.650    87231.650    87589.650
   215:    87791.650    87885.650    87893.650    87983.650    88022.650
   220:    88040.650    88067.650    88176.650    88195.650    88524.650
   225:    88551.650    88553.650    88566.650    88584.650    88591.650
   230:    88604.650    88641.650    88825.650    88942.650    88967.650
   235:    88991.650    88993.650    89054.650    89307.650    89368.650
   240:    89441.650    89993.650    90007.650    90290.650    90300.650
   245:    90336.650    90351.650    90372.650    90431.650    90706.650
   250:    90740.650    90766.650    91861.650    92552.650    93136.650
   255:    93143.650    93151.650    93154.650    93433.650    93559.650
   260:    93803.650    94425.650    94438.650    94450.650    94537.650
   265:    94569.650    94610.650    94643.650    94661.650    94833.650
   270:    95051.650    95100.650    95206.650    95323.650    95326.650
   275:    95460.650    95501.650    95652.650    95932.650    96315.650
   280:    96445.650    96459.650    97074.650    97906.650    98158.650
   285:    98169.650    98234.650    98295.650    98450.650    98471.650
   290:    98848.650    98926.650    99396.650    99458.650    99477.650
   295:    99494.650    99786.650   100022.650   100130.650   100165.650
   300:   100190.650   100240.650   100243.650   101242.650   101263.650
   305:   101276.650   101358.650   101456.650   101468.650   101480.650
   310:   101498.650   101727.650   101730.650   101821.650   102293.650
   315:   102995.650   103384.650   103547.650   103766.650   103817.650
   320:   103840.650   103950.650   103966.650   103973.650   104051.650
   325:   104078.650   104090.650   104096.650   104165.650   104222.650
   330:   104589.650   104612.650   104637.650   104670.650   104680.650
   335:   104697.650   104749.650   104784.650   104891.650   104895.650
   340:   104908.650   104924.650   104950.650   104964.650   105100.650
   345:   105114.650   105154.650   105190.650   105202.650   105211.650
   350:   105241.650   105390.650   105397.650   105506.650   105531.650
   355:   105564.650   105619.650   106873.650   106895.650   106911.650
   360:   106964.650   107382.650   107418.650   107517.650   107528.650
   365:   107531.650   107684.650   107700.650   107722.650   107772.650
   370:   107829.650   107850.650   107854.650   107869.650   107893.650
   375:   108091.650   108102.650   108153.650   108257.650   108386.650
   380:   108415.650   108452.650   108493.650   108520.650   108544.650
   385:   108574.650   108639.650   108683.650   108711.650   108738.650
   390:   108798.650   108980.650   109003.650   109093.650   109122.650
   395:   109186.650   109209.650   109268.650   109303.650   109316.650
   400:   109353.650   109390.650   109424.650   109453.650   109528.650
   405:   109582.650   109613.650   109630.650   109641.650   109661.650
   410:   109663.650   109670.650   109709.650   109844.650   109910.650
   415:   110934.650   111158.650   111764.650   111888.650   112238.650
   420:   112279.650   112325.650   112350.650   112359.650   112369.650
   425:   112408.650   112412.650   112434.650   112523.650   112608.650
   430:   112627.650   112779.650   112829.650   112954.650   112997.650
   435:   113001.650   113077.650   113143.650   113195.650   113227.650
   440:   113251.650   113287.650   113352.650   113398.650   113423.650
   445:   113427.650   113435.650   113597.650   113804.650   113895.650
   450:   113945.650   113969.650   114004.650   114026.650   114056.650
   455:   114064.650   114089.650   114246.650   114629.650   114848.650
   460:   114856.650   114888.650   114928.650   114937.650   114951.650
   465:   114981.650   115050.650   115065.650   115436.650   115449.650
   470:   115519.650   115541.650   115570.650   115612.650   115619.650
   475:   115632.650   116191.650   116488.650   116523.650   116535.650
   480:   116741.650   116802.650   116823.650   116845.650   116912.650
   485:   117441.650   117443.650   117459.650   117853.650   118290.650
   490:   118819.650   119174.650   119297.650   120890.650   121091.650
   495:   121143.650   121183.650   121510.650   121755.650   121874.650
   500:   122064.650   122130.650   122228.650   122957.650   123089.650
   505:   123181.650   123213.650   123234.650   123338.650   123410.650
   510:   123426.650   123659.650   123767.650   123845.650   124150.650
   515:   124222.650   124252.650   124283.650   124750.650   125255.650
   520:   125391.650   125404.650   125411.650   125414.650   125445.650
   525:   126265.650   127459.650   127956.650   127962.650   127968.650
   530:   127988.650   127993.650   128015.650   128155.650   128186.650
   535:   128212.650   128245.650   128277.650   128286.650   128316.650
   540:   128367.650   128386.650   128527.650   128636.650   128935.650
   545:   129434.650   129487.650   129620.650   129815.650   129964.650
   550:   130198.650   130559.650   131024.650   131299.650   131310.650
   555:   131619.650   132055.650   132084.650   132329.650   132364.650
   560:   133385.650   133390.650   133787.650   133862.650   134555.650
   565:   134823.650   135129.650   135178.650   135206.650   135221.650
   570:   135274.650   135317.650   135580.650   135641.650   135659.650
   575:   135664.650   135680.650   135854.650   135949.650   136117.650
   580:   136126.650   136157.650   136168.650   136183.650   136227.650
   585:   136235.650   136318.650   136761.650   136786.650   136793.650
   590:   136818.650   137365.650   137969.650   137989.650   138140.650
   595:   138296.650   138628.650   138854.650   138892.650   139107.650
   600:   139127.650   139389.650   139403.650   139963.650   139975.650
   605:   140764.650   141514.650   142582.650   142938.650   143063.650
   610:   143067.650   143188.650   143253.650   143373.650   143411.650
   615:   143455.650   143531.650   143576.650   143613.650   143713.650
   620:   143775.650   144782.650   145016.650   145544.650   146383.400
   625:   146428.410   146448.610   146477.410   146522.410   146571.410
   630:   146616.410   146665.410   146710.410   146759.410   146804.410
   635:   146809.420   149782.600   149985.600   150521.600   150642.600
   640:   150833.600   150845.600   150870.600   150879.600   150954.600
   645:   151033.600   151159.600   151279.600   151286.600   151535.600
   650:   151612.600   151665.600   151823.600   152278.600   154778.600
   655:   155480.600   155755.600   155932.600   155967.600   156053.600
   660:   156066.600   156747.600   156856.600   156943.600   157232.600
   665:   157746.600   158095.600   158110.600   158122.600   158138.600
   670:   158164.600   158185.600   158520.600   158622.600   158740.600
   675:   158759.600   158788.600   158911.600   158914.600   159151.600
   680:   159292.600   159322.600   161011.600   161442.600   161447.600
   685:   161930.600   162001.600   162004.600   162100.600   162125.600
   690:   162142.600   162171.600   162201.600   162222.600   162308.600
   695:   162321.600   162389.600   162400.600   162427.600   162443.600
   700:   163441.600   164210.200   164595.600   165462.600   165522.600
   705:   165770.600   166440.600   168031.600   168036.600   168339.600
   710:   168745.600   169084.600   169633.600   172435.600   172569.600
   715:   173092.600   173158.600   173186.600   173411.600   173875.600
   720:   174583.600   174725.600   174732.600   176711.600   177025.600
   725:   177434.600   179022.600   179141.600   179252.600   181285.600
   730:   181660.600   181814.600   181963.600   183959.600   184011.600
   735:   184018.600   184078.600   184106.600   184619.600   184702.600
   740:   184733.600   184743.600   184796.600   184806.600   184836.600
   745:   184976.600   184985.600   185128.600   185135.600   185764.600
   750:   190916.600   192460.600   192516.600   192621.600   193072.600
   755:   193483.600   193532.600   193601.600   193691.600   196744.600
   760:   196870.600   196907.600   196923.600   196942.600   197597.600
   765:   197613.600   197651.600   197715.600   198103.600   198108.600
   770:   198137.600   198164.600   198633.600   200159.600   200432.600
   775:   201463.600   202813.600   203038.600   203985.600   204007.600
   780:   204041.600   204218.600   204244.600   204321.600   205368.600
   785:   205426.600   205513.600   205798.600   209441.600   209459.600
   790:   210572.600   210705.600   210827.600   211080.600   211917.600
   795:   211943.600   212198.600   213403.600   213460.600   213498.600
   800:   213606.600   213885.600   214305.600   214409.600   214424.600
   805:   215052.600   215066.600   220033.600   220109.600   222169.600
   810:   222342.600   226531.600   226582.600   227736.600   227742.600
   815:   227857.600   227870.600   227942.600   228243.600   228449.600
   820:   228715.600   228769.600   228787.600   228813.600   228986.600
   825:   228998.600   229014.600   229029.600   229071.600   229081.600
   830:   229155.600   229177.600   229185.600   229383.600   229553.600
   835:   230223.600   230457.600   231223.600   231327.600   234374.600
   840:   234413.600   234428.600   237068.600   237730.600   237776.600
   845:   241564.600   241702.600   241749.600   241833.600   241876.600
   850:   241899.600   245767.600   247007.600   252814.600   252901.600
   855:   254901.600   257326.600   257361.600   257450.600   258981.600
   860:   259127.600   259165.600   265927.600   266921.600   270675.600
   865:   270968.600   271006.600   271075.600   272070.600   272212.600
   870:   272220.600   275055.600   275066.600   275088.600   276090.600
   875:   279084.600   279684.600   279867.600   280132.600   281145.600
   880:   285624.200   285955.200   288391.600   291255.600   294569.600
   885:   294675.600   295003.600   295202.600   295381.600   296040.600
   890:   296783.600   296814.600   296861.600   296910.600   297019.600
   895:   297655.600   298138.600   298741.600   300932.600   301011.600
   900:   301754.600   301794.600   301842.600   301858.600   302615.600
   905:   302875.600   303426.600   304816.600   305164.600   305253.600
   910:   305306.600   305340.600   305379.600   305517.600   305571.600
   915:   305756.600   305767.600   308717.600   309074.600   323900.600
   920:   325796.600   325830.600   332609.200   337540.600   338015.600
   925:   338130.600   339300.600   342797.600   343281.600   343355.600
   930:   343365.600   343663.600   343674.600   344039.600   344148.600
   935:   346167.600   346194.600   346223.600   346276.600   346301.600
   940:   346659.600   346726.600   346758.600   346811.600   347018.600
   945:   349226.600   349278.600   349681.600   350270.600   352825.600
   950:   352837.600   354687.600   354743.600   371514.600   371575.600
   955:   372123.600   374281.600   380680.600   381323.600   381375.600
   960:   381525.600   382096.600   382113.600   382202.600   382763.600
   965:   383007.600   383112.600   383176.600   385396.600   385611.600
   970:   385642.600   385942.600   387535.600   387730.600   388451.600
   975:   389487.600   389568.600   389763.600   389982.600   392321.600
   980:   392390.600   392501.600   392552.600   392620.600   393329.600
   985:   393369.600   395039.600   395109.600   395173.600   395632.600
   990:   397814.600   427397.600   427651.600   428563.600   428605.600
   995:   429568.600   430204.600   432082.600   441287.600   441567.600
  1000:   442885.600   442935.600   490136.600   490688.600   492660.600
  1005:   492675.600   493017.600   493055.600   493987.600   493996.600
  1010:   494912.600   495210.600   495421.600   497351.600   497531.600
  1015:   499138.600   499297.600   499345.600   499360.600   502284.600
  1020:   502384.600   502416.600   502580.600   502627.600   504866.600
  1025:   508926.600   510181.600   510319.600   558725.600   559215.600
  1030:   559342.600   559443.600   559584.600   560512.600   564240.600
  1035:   564761.600   564778.600   564981.600   565052.600   565278.600
  1040:   565359.600   566698.600   567103.600   567294.600   567317.600
  1045:   567350.600   567387.600   567396.600   567415.600   567436.600
  1050:   567487.600   572561.200   572882.600   573233.600   573277.600
  1055:   576084.600   576178.600   589062.600   590625.600   590705.600
  1060:   623353.600   649131.200   649454.200   649506.200   652994.200
  1065:   653070.200   653272.200   658306.200   658837.200   690940.600
  1070:   691036.600   691291.600   691893.600   691983.600   692057.600
  1075:   692246.600   692590.600   692606.600   692616.600   693298.600
  1080:   693601.600   693772.600   694034.600   694219.600   694227.600
  1085:   694244.600   694288.600   694317.600   694325.600   694340.600
  1090:   694360.600   694407.600   694425.600   694580.600   694662.600
  1095:   694917.600   694936.600   695399.600   695449.600   695510.600
  1100:   695570.600   696051.600   696098.600   697056.600   697969.600
  1105:   698055.600   698061.600   698713.600   698956.600   698966.600
  1110:   699148.600   699185.600   699208.600   699451.600   699684.600
  1115:   700680.600   700696.600   702046.600   702088.600   702122.600
  1120:   702138.600   702152.600   702211.600   702230.600   702740.600
  1125:   702833.600   702854.600   702989.600   707643.600   707656.600
  1130:   707668.600   708717.600   708765.600   708788.600   708881.600
  1135:   709001.600   709005.600   709048.600   709101.600   709105.600
  1140:   709146.600   709323.600   709361.600   709402.600   709534.600
  1145:   709820.600   710529.600   716463.600   716800.600   724315.600
  1150:   724572.600   724696.600   724770.600   739327.600   770863.600
  1155:   772209.600   773718.600   773769.600   806424.600   813080.600
  1160:   813198.600   813235.600   813310.600   813765.600   814324.600
  1165:   814865.600   816568.200   816955.200   825226.200   827917.200
  1170:   828187.200   829399.600   829858.600   830465.600   831437.600
  1175:   832023.600   833219.600   833240.600   834709.600   835406.600
  1180:   835449.600   835463.600   836353.600   836498.600   884715.600
  1185:   886373.600   886592.600   886817.600   915228.200   915501.200
  1190:   915978.200   928508.600   928760.600   938101.600   938571.600
  1195:   940395.600   965077.600   966312.600   966498.600   967860.600
  1200:   968542.600   970474.600   980406.600   986609.600   990047.600
  1205:  1019450.600  1025204.600  1025357.600  1025806.600  1025919.600
  1210:  1027406.600  1086403.600  1087860.600  1088353.600  1089052.600
  1215:  1089080.600  1089097.600  1090234.600  1127750.600  1127804.600
  1220:  1128203.600  1128260.600  1128290.600  1128295.600  1128348.600
  1225:  1154630.200  1342008.600  1342329.600  1342690.600  1342739.600
  1230:  1342755.600  1342771.600  1342788.600  1342812.600  1342821.600
  1235:  1342857.600  1342878.600  1346114.600  1346163.600  1346369.600
  1240:  1346452.600  1346863.600  1346880.600  1347013.600  1358724.600
  1245:  1361662.600  1447728.200  1460121.600  1530310.600  1554555.600
  1250:  1555054.600  1555066.600  1556375.600  1557800.600  1557924.600
  1255:  1561781.200  1567329.200  1568178.600  1568405.600  1572831.200
  1260:  1572918.200  1579364.600  1579475.600  1579531.600  1580414.600
  1265:  1580552.600  1595591.600  1601204.600  1601216.600  1601310.600
  1270:  1601700.600  1602900.600  1602931.600  1603565.600  1603769.600
  1275:  1603780.600  1603800.600  1603811.600  1603860.600  1604325.600
  1280:  1604435.600  1604549.600  1604600.600  1604619.600  1604837.600
  1285:  1604843.600  1604849.600  1604930.600  1604942.600  1604947.600
  1290:  1605061.600  1605455.600  1605467.600  1605499.600  1605852.600
  1295:  1610188.600  1610528.600  1611139.600  1611414.600  1611523.600
  1300:  1611710.600  1611947.600  1612034.600  1612049.600  1612079.600
  1305:  1612108.600  1612203.600  1612259.600  1612336.600  1612498.600
  1310:  1612611.600  1612620.600  1612653.600  1612881.600  1613123.600
  1315:  1613954.600  1613997.600  1614463.600  1614572.600  1614626.600
  1320:  1614637.600  1616618.600  1616912.600  1617664.600  1618732.600
  1325:  1618765.600  1623733.600  1624664.600  1632365.600  1632387.600
  1330:  1658661.600  1658675.600  1683073.600  1683104.600  1690191.600
  1335:  1690269.600  1690321.600  1697663.600  1697709.600  1698650.600
  1340:  1700785.600  1709713.600  1709859.600  1710343.600  1711300.600
  1345:  1711675.600  1711716.600  1712027.600  1712031.600  1712059.600
  1350:  1712077.600  1712096.600  1712130.600  1712634.600  1712700.600
  1355:  1712824.600  1715090.600  1846557.200  1883053.600  1883116.600
  1360:  1883240.600  1884675.600  1884824.600  1898152.600  1908649.600
  1365:  1908709.600  1908720.600  1908756.600  1908782.600  1908798.600
  1370:  1908879.600  1908893.600  1908915.600  1908936.600  1908947.600
  1375:  1909005.600  1909023.600  1909040.600  1909058.600  1909160.600
  1380:  1945691.600  1945704.600  1945734.600  1946550.600  1946698.600
  1385:  1946777.600  1946856.600  1946972.600  1947035.600  1948626.600
  1390:  1948861.600  1949315.600  1949727.600  1950306.600  1950437.600
  1395:  1950479.600  1950500.600  1950514.600  1950574.600  1950646.600
  1400:  1950697.600  1951849.600  1951964.600  1952658.600  1953266.600
  1405:  1953333.600  1953351.600  1953370.600  1953388.600  1953393.600
  1410:  1953404.600  1953418.600  1954072.600  1954170.600  1954311.600
  1415:  1954633.600  1954641.600  1954666.600  1954781.600  1954891.600
  1420:  1954903.600  1954948.600  1955213.600  1955408.600  1955494.600
  1425:  1955554.600  1956735.600  1957874.600  1959613.600  1959704.600
  1430:  1959927.600  1960004.600  1960088.600  1974311.600  1974347.600
  1435:  1974354.600  1974552.600  1974887.600  2035880.600  2037789.600
  1440:  2049349.200  2049994.200  2050170.200  2050231.200  2050349.200
  1445:  2050399.200  2060598.600  2061480.600  2077390.600  2078125.600
  1450:  2079330.600  2079382.600  2079423.600  2079473.600  2079590.600
  1455:  2079677.600  2137607.600  2137612.600  2141691.600  2142012.600
  1460:  2142028.600  2142060.600  2871727.600  2873466.600  2873475.600
  1465:  2879422.600  2879523.600  2879608.600  2879630.600  2883706.600
  1470:  2894508.600  2895877.200  2904803.600  2905071.600  2905114.600
  1475:  2905130.600  2905157.600  2905171.600  2905186.600  2905203.600
  1480:  2905217.600  2905234.600  2905242.600  2905726.600  2906615.600
  1485:  2906684.600  2906701.600  2906743.600  2906786.600  3133544.400
  1490:  3133589.410  3133638.410  3133672.610  3133683.410  3133732.410
  1495:  3133777.410  3133826.410  3133871.410  3133920.410  3133965.410
  1500:  3133970.420  3134198.600  3136255.600  3139254.600  3139265.600
  1505:  3139450.600  3139583.600  3139657.600  3139939.600  3140131.600
  1510:  3140226.600  3140307.600  3140426.600  3140712.600  3140818.600
  1515:  3140820.600  3140846.600  3140915.600  3140932.600  3140951.600
  1520:  3140956.600  3140974.600  3141215.600  3141238.600  3141505.600
  1525:  3141771.600  3141818.600  3141868.600  3142052.600  3142228.600
  1530:  3142338.600  3142446.600  3143142.600  3143164.600  3143216.600
  1535:  3143250.600  3143260.600  3143274.600  3143296.600  3143730.600
  1540:  3143868.600  3144128.600  3144388.600  3145116.600  3145133.600
  1545:  3145339.600  3145984.600  3146317.600  3147405.600  3147445.600
  1550:  3147562.600  3147620.600  3147850.600  3147924.600  3147942.600
  1555:  3148361.600  3148385.600  3148673.600  3148719.600  3148999.600
  1560:  3149117.600  3149120.600  3149124.600  3149187.600  3149283.600
  1565:  3149339.600  3149346.600  3149455.600  3149523.600  3149625.600
  1570:  3149680.600  3149759.600  3150033.600  3150062.600  3150083.600
  1575:  3150242.600  3150592.600  3150606.600  3150623.600  3150700.600
  1580:  3150752.600  3150761.600  3150892.600  3151299.600  3151439.600
  1585:  3151483.600  3151637.600  3152545.600  3152719.600  3152747.600
  1590:  3152790.600  3152802.600  3152841.600  3152961.600  3153052.600
  1595:  3153124.600  3153226.600  3153275.600  3153296.600  3153607.600
  1600:  3153642.600  3153647.600  3153685.600  3153728.600  3153735.600
  1605:  3153770.600  3154578.600  3154916.600  3154980.600  3155065.600
  1610:  3155291.600  3155391.600  3155841.600  3155892.600  3155913.600
  1615:  3155950.600  3155967.600  3156005.600  3156021.600  3156063.600
  1620:  3156066.600  3156072.600  3156367.600  3156424.600  3156505.600
  1625:  3156551.600  3156642.600  3156902.600  3157067.600  3157168.600
  1630:  3157175.600  3157211.600  3158431.600  3158702.600  3158739.600
  1635:  3158808.600  3158873.600  3158990.600  3159014.600  3159098.600
  1640:  3159613.600  3159625.600  3159640.600  3159773.600  3159885.600
  1645:  3159918.600  3159995.600  3160017.600  3160200.600  3160253.600
  1650:  3160259.600  3160267.600  3160273.600  3160862.600  3160882.600
  1655:  3160890.600  3160895.600  3160993.600  3161110.600  3161274.600
  1660:  3161284.600  3161332.600  3161342.600  3161393.600  3161572.600
  1665:  3161731.600  3161754.600  3161791.600  3161821.600  3161902.600
  1670:  3162261.600  3162307.600  3162485.600  3162509.600  3162715.600
  1675:  3162789.600  3162998.600  3163092.600  3163213.600  3163233.600
  1680:  3163282.600  3167641.600  3167664.600  3168102.600  3168119.600
  1685:  3168941.600  3170050.600  3170063.600  3170947.600  3170981.600
  1690:  3170993.600  3171139.600  3173982.600  3179331.600  3180960.600
  1695:  3183803.600  3184369.600  3184410.600  3275548.600  3276542.600
  1700:  3276836.600  3276860.600  3277132.600  3277593.600  3278286.600
  1705:  3278293.600  3278351.600  3278419.600  3278523.600  3278544.600
  1710:  3278551.600  3278589.600  3278722.600  3278736.600  3278757.600
  1715:  3278773.600  3278778.600  3278790.600  3278821.600  3278825.600
  1720:  3278834.600  3278844.600  3278976.600  3279018.600  3279078.600
  1725:  3279148.600  3279201.600  3279300.600  3279530.600  3279552.600
  1730:  3279586.600  3279790.600  3279889.600  3279946.600  3280499.600
  1735:  3280993.600  3281347.600  3281444.600  3281460.600  3281485.600
  1740:  3281541.600  3281562.600  3281707.600  3282068.600  3282247.600
  1745:  3282262.600  3282287.600  3282463.600  3282472.600  3282921.600
  1750:  3283117.600  3283212.600  3283237.600  3283367.600  3283479.600
  1755:  3283491.600  3283882.600  3284013.600  3284069.600  3291399.600
  1760:  3291461.600  3291491.600  3291793.600  3291802.600  3292641.600
  1765:  3292731.600  3292799.600  3292832.600  3295818.600  3298014.600
  1770:  3298026.600  3300066.600  3300131.600  3300212.600  3300339.600
  1775:  3300403.600  3300416.600  3300638.600  3300654.600  3300710.600
  1780:  3300740.600  3300970.600  3301013.600  3301072.600  3301438.600
  1785:  3303345.600  3303380.600  3303856.600  3304162.600  3304904.600
  1790:  3304989.600  3305085.600  3305148.600  3305173.600  3305374.600
  1795:  3305475.600  3305507.600  3305621.600  3306247.600  3306732.600
  1800:  3306814.600  3307776.600  3308036.600  3314742.600  3315828.600
  1805:  3318626.600  3318716.600  3320073.600  3320135.600  3320214.600
  1810:  3320979.600  3321452.600  3321516.600  3323453.600  3323494.600
  1815:  3323537.600  3323663.600  3323791.600  3323877.600  3323950.600
  1820:  3325240.600  3325523.600  3325595.600  3327317.600  3327913.600
  1825:  3327970.600  3328018.600  3337414.600  3337424.600  3338688.600
  1830:  3350068.600  3352007.200  3352448.200  3352808.200  3354183.200
  1835:  3354289.200  3354681.200  3356519.600  3357373.600  3361041.600
  1840:  3361192.600  3387004.600  3387535.600  3387659.600  3388943.600
  1845:  3395095.600  3395110.600  3401353.600  3414125.600  3415329.600
  1850:  3416041.600  3416057.600  3416077.600  3416100.600  3416118.600
  1855:  3416136.600  3416170.600  3416187.600  3416367.600  3418148.600
  1860:  3421660.200  3425731.200  3429776.600  3430368.600  3430457.600
  1865:  3466263.600  3468479.600  3468535.600  3470289.600  3475030.600
  1870:  3491414.600  3491478.600  3491508.600  3491516.600  3491825.600
  1875:  3491887.600  3492431.600  3492642.600  3510940.600  3530947.600
  1880:  3531070.600  3531327.600  3603459.600  3615002.600  3615005.600
  1885:  3690633.600  3690688.600  3690792.600  3690908.600  3691427.600
  1890:  3691505.600  3692135.600  3704100.600  3704147.600  3704207.600
  1895:  3709937.600  3709963.600  3731988.600  3733692.600  3733732.600
  1900:  3734490.600  3753549.600  3753706.600  3759760.200  3760173.200
  1905:  3769903.600  3769965.600  3771161.600  3847465.600  3847672.600
  1910:  3860193.650  3860504.650  3863066.250  3925790.650  3925935.650
  1915:  3956010.400  3956055.410  3956088.610  3956104.410  3956149.410
  1920:  3956198.410  3956243.410  3956292.410  3956337.410  3956386.410
  1925:  3956431.410  3956436.420  3956748.600  3956789.600  3960915.600
  1930:  3961317.600  3961331.600  3961367.600  3961381.600  3961388.600
  1935:  3961404.600  3961433.600  3961437.600  3961535.600  3961582.600
  1940:  3961620.600  3961656.600  3961674.600  3961688.600  3961715.600
  1945:  3961718.600  3961738.600  3961760.600  3961781.600  3961802.600
  1950:  3961834.600  3961838.600  3961847.600  3961855.600  3961870.600
  1955:  3962001.600  3962175.600  3962912.600  3963013.600  3964908.600
  1960:  3965330.600  3965436.600  3966344.600  3966685.600  3966730.600
  1965:  3968347.600  3968578.600  3968590.600  3968607.600  3968622.600
  1970:  3968715.600  3968892.600  3968955.600  3969070.600  3969128.600
  1975:  3969175.600  3970104.600  3970166.600  3970962.600  3971343.600
  1980:  3971350.600  3971495.600  3975398.600  3975425.600  3975473.600
  1985:  3976432.600  3988734.200  3989849.200  3998130.600  4011628.600
  1990:  4011725.600  4012050.600  4012057.600  4012166.600  4013208.600
  1995:  4013373.600  4013429.600  4027780.600  4028049.600  4039225.600
  2000:  4040056.600  4040183.600  4040197.600  4040211.600  4040237.600
  2005:  4040300.600  4046638.600  4046677.600  4047201.600  4049311.600
  2010:  4049350.600  4049410.600  4049506.600  4049538.600  4056561.600
  2015:  4057725.600  4068611.200  4070740.200  4092735.600  4093391.600
  2020:  4094794.600  4110424.600  4146053.200  4146151.200  4146312.200
  2025:  4146409.200  4147450.200  4147489.200  4147667.200  4147798.200
  2030:  4147834.200  4148017.200  4148066.200  4152254.600  4167342.600
  2035:  4167444.600  4176904.600  4176957.600  4205120.600  4238555.600
  2040:  4238639.600  4238740.600  4238822.600  4238857.600  4239076.600
  2045:  4240989.600  4241722.600  4263009.650  4263151.650  4263475.650
  2050:  4263519.650  4263533.650  4263565.650  4263580.650  4263607.650
  2055:  4321278.400  4321278.999
E:
     0:        5.200       16.300       28.800       43.200       59.900
     5:       80.100      105.300      139.300      191.600      330.300
F:
     0:        1.000        0.000        1.000        0.000        0.000
     5:        0.000
L:
     0:       64.000      127.000       77.000
M:
     0:        0.000        0.000        0.000        0.000        0.000
     5:        0.000
