File: C:\MED-PC IV\DATA\!2023-02-25_18h39m.Subject DF22


Start Date: 02/25/23
End Date: 02/26/23
Subject: DF22
Experiment: delayed_acquisition
Group: 1
Box: 2
Start Time: 18:39:48
End Time:  6:58:29
MSN: Delayed_Acquisition2_w_magmacro
G:       0.000
H:       0.000
I:       0.000
J:       0.000
K:       0.000
N:       0.000
O:       0.000
P:       0.000
Q:       0.000
R:       0.000
S:       0.000
T:       0.000
U:       0.000
V:       0.000
W:       0.000
X:       0.000
Y:       0.000
Z:       0.000
A:
     0:        2.000       60.000  4320000.000        2.000        0.000
     5:        1.000    96000.000        0.000       10.000        0.000
    10:        0.000        0.000        0.000        0.000        0.000
    15:        0.000        0.000        0.000        0.000        0.000
    20:        0.000        0.000        0.000        0.000        0.000
    25:        0.000        0.000        0.000        0.000        0.000
    30:        0.000        0.000        0.000        0.000        0.000
    35:        0.000        0.000        0.000        0.000        0.000
    40:        0.000        0.000        0.000        0.000        0.000
    45:        0.000        0.000        0.000        0.000        0.000
    50:        0.000        0.000        0.000        0.000        0.000
    55:        0.000        0.000        0.000        0.000        0.000
    60:        0.000        0.000        0.000        0.000        0.000
    65:        0.000        0.000        0.000        0.000        0.000
    70:        0.000        0.000        0.000        0.000        0.000
    75:        0.000        0.000        0.000        0.000        0.000
    80:        0.000        0.000        0.000        0.000        0.000
    85:        0.000        0.000        0.000        0.000        0.000
    90:        0.000        0.000        0.000        0.000        0.000
    95:        0.000        0.000        0.000        0.000        0.000
   100:        0.000
B:
     0:  4320000.000  4321278.000        1.000        3.000        0.000
     5:        0.000        0.000        3.000     1696.000     1782.000
    10:        0.000     1663.000        3.000        1.000       77.000
    15:        0.000        3.000        0.000        0.000        0.000
    20:        0.000        0.000        0.000        0.000        0.000
    25:        0.000        0.000        0.000        0.000        0.000
    30:        2.080        0.000        0.000       30.000        0.000
    35:        0.000        0.000        0.000        0.000        0.000
    40:        0.000        0.000        0.000        0.000        0.000
    45:        0.000        0.000        0.000        0.000        0.000
    50:        0.000        0.000        0.000        0.000        0.000
    55:        0.000        0.000        0.000        0.000        0.000
    60:        0.000        0.000        0.000        0.000        0.000
    65:        0.000        0.000        0.000        0.000        0.000
    70:        0.000        0.000        0.000        0.000        0.000
    75:        0.000        0.000        0.000        0.000        0.000
    80:        0.000        0.000        0.000        0.000        0.000
    85:        0.000        0.000        0.000        0.000        0.000
    90:        0.000        0.000        0.000        0.000        0.000
    95:        0.000        0.000        0.000        0.000        0.000
   100:        0.000
C:
     0:     7816.300    11090.300    13401.300    22077.300    23141.100
     5:   119142.200   119142.200   119142.200   119142.200   119142.200
    10:   119142.200   119142.200   119142.200   119142.200   119142.200
    15:   121805.300   122259.300   122365.300   122382.300   122412.300
    20:   122671.300   122787.300   123118.300   123507.300   124379.300
    25:   124490.300   125387.300   125422.300   126194.300   126358.300
    30:   126369.300   127050.300   127088.300   127126.300   127175.300
    35:   128464.300   130875.300   130925.300   131951.300   132073.300
    40:   140748.300   141623.300   143990.300   144068.300   144813.300
    45:   145363.300   150383.300   156393.300   161506.300   162838.300
    50:   178310.300   178567.300   181776.300   191046.300   192283.300
    55:   193653.300   194353.300   195831.300   202769.300   202885.300
    60:   203352.300   203393.300   203799.300   203859.300   203910.300
    65:   203964.300   204008.300   204232.300   204570.300   204756.300
    70:   204884.300   205103.300   205423.300   206415.300   206461.300
    75:   206482.300   206635.300   206651.300   218533.300   218696.300
    80:   218738.300   218759.300   218792.300   218821.300   218866.300
    85:   218899.300   219187.300   219235.300   232172.300   234143.300
    90:   235530.300   236301.300   238215.300   239579.300   239836.300
    95:   239880.300   239922.300   241361.300   242930.300   244139.300
   100:   247728.300   249228.300   250417.300   251489.300   251524.300
   105:   251535.300   251545.300   252804.300   257721.300   259745.300
   110:   260410.300   261787.300   262013.300   262409.300   265018.300
   115:   265034.300   265850.300   265974.300   271221.300   271402.300
   120:   271449.300   271485.300   271496.300   271535.300   271579.300
   125:   271683.300   272064.300   272094.300   272220.300   272299.300
   130:   272346.300   272411.300   272479.300   272528.300   272894.300
   135:   273135.300   273261.300   273266.300   273280.300   273310.300
   140:   278501.300   282039.300   282102.300   282193.300   282256.300
   145:   288122.300   290483.300   292904.300   292976.300   293014.300
   150:   294056.300   294757.300   294804.300   294936.300   295690.300
   155:   295778.300   295821.300   295894.300   295910.300   295985.300
   160:   296010.300   297768.300   300262.300   301969.300   301987.300
   165:   302049.300   303106.300   308044.300   308072.300   308137.300
   170:   308231.300   311914.300   311939.300   313119.300   313482.300
   175:   313724.300   314776.300   314897.300   315265.300   315281.300
   180:   316211.300   317680.300   318116.300   319445.300   322462.300
   185:   324570.300   326174.300   328877.300   328915.300   332762.300
   190:   332802.300   336377.300   336410.300   338280.300   344152.300
   195:   367800.300   367849.300   369762.300   369791.300   369947.300
   200:   370086.300   370218.300   370259.300   370349.300   370360.300
   205:   370403.300   370489.300   371407.300   371704.300   371804.300
   210:   372390.300   372397.300   372414.300   374137.300   374168.300
   215:   375158.300   375175.300   382214.300   382247.300   390379.300
   220:   392706.300   393230.300   393306.300   393355.300   397587.300
   225:   398934.300   399900.300   399953.300   405951.300   406173.300
   230:   406228.300   406272.300   406281.300   406346.300   406438.300
   235:   406500.300   407552.300   407667.300   408025.300   408330.300
   240:   408408.300   409201.300   411632.300   413573.300   414338.300
   245:   414400.300   423098.300   423860.300   425625.300   429051.300
   250:   429075.300   430090.300   434070.300   434158.300   434168.300
   255:   434236.300   434502.300   445482.300   446614.300   451354.300
   260:   452972.300   455298.300   455475.300   459430.300   460362.300
   265:   460407.300   462297.300   462807.300   462863.300   462951.300
   270:   462996.300   463091.300   464619.300   464633.300   470166.300
   275:   470275.300   470292.300   470298.300   475344.300   475750.300
   280:   477361.300   477386.300   479379.300   479407.300   479464.300
   285:   485269.300   485838.300   488939.300   489080.300   489230.300
   290:   489293.300   489368.300   489436.300   489482.300   493554.300
   295:   493607.300   494903.300   495799.300   496877.300   498337.300
   300:   504691.300   504829.300   504991.300   505047.300   505063.300
   305:   506498.300   510115.300   510159.300   510277.300   510300.300
   310:   518936.300   520555.300   520928.300   522228.300   522391.300
   315:   522419.300   522464.300   522482.300   522520.300   522572.300
   320:   523952.300   535517.300   535556.300   536791.300   538839.300
   325:   540843.300   546351.300   546384.300   549187.300   552401.300
   330:   555661.300   556838.300   557310.300   557329.300   557381.300
   335:   558338.300   558997.300   559045.300   566694.300   567711.300
   340:   567769.300   567976.300   567999.300   568122.300   568757.300
   345:   569104.300   570157.300   570169.300   572807.300   572891.300
   350:   574942.300   576142.300   576472.300   576514.300   576604.300
   355:   577550.300   577997.300   578076.300   578134.300   582540.300
   360:   587594.300   588082.300   588109.300   592471.300   593473.300
   365:   600509.300   600824.300   606672.300   606692.300   607554.300
   370:   607643.300   614817.300   615744.300   615874.300   616562.300
   375:   624079.300   624149.300   624358.300   624438.300   626053.300
   380:   626203.300   626330.300   626529.300   628948.300   630513.300
   385:   632043.300   632142.300   632154.300   632168.300   632206.300
   390:   632307.300   632313.300   632399.300   636890.300   636970.300
   395:   637032.300   637058.300   637806.300   639135.300   639385.300
   400:   640527.300   641402.300   645522.300   645920.300   647240.300
   405:   647778.300   655375.300   656195.300   657210.300   657259.300
   410:   658024.300   658218.300   664855.300   666756.300   666947.300
   415:   667227.300   667787.300   668082.300   668227.300   673032.300
   420:   673800.300   680525.300   681802.300   681953.300   682339.300
   425:   685652.300   685674.300   685809.300   686853.300   694367.300
   430:   694478.300   694551.300   695627.300   695910.300   705357.300
   435:   706653.300   707043.300   707067.300   707099.300   707108.300
   440:   707150.300   707172.300   707586.300   713308.300   713362.300
   445:   714483.300   719312.300   719360.300   719404.300   720501.300
   450:   721441.300   724217.300   755093.300   755805.300   756507.300
   455:   756556.300   756677.300   762902.300   763060.300   763882.300
   460:   769630.300   778535.300   778842.300   779583.300   779639.300
   465:   780252.300   784946.300   790065.300   790208.300   790479.300
   470:   790484.300   790515.300   790674.300   790855.300   791121.300
   475:   791235.300   791480.300   791792.300   792138.300   792182.300
   480:   792354.300   792786.300   800779.300   800816.300   801841.300
   485:   802008.300   802066.300   802474.300   805301.300   805600.300
   490:   806227.300   806271.300   806322.300   806931.300   811481.300
   495:   811494.300   819044.300   823673.300   824598.300   828769.300
   500:   830203.300   830209.300   831373.300   832204.300   833096.300
   505:   834100.300   834159.300   834186.300   834805.300   835246.300
   510:   835447.300   836525.300   837127.300   837715.300   837798.300
   515:   852526.300   852571.300   852591.300   853810.300   854716.300
   520:   855142.300   855192.300   859919.300   859952.300   861591.300
   525:   861659.300   861865.300   866558.300   867568.300   868556.300
   530:   869391.300   869533.300   874840.300   874966.300   875023.300
   535:   878193.300   878230.300   884426.300   884488.300   884535.300
   540:   885911.300   886050.300   890249.300   890299.300   890311.300
   545:   890761.300   891634.300   891693.300   891753.300   910264.300
   550:   912067.300   915840.300   924208.300   924783.300   924982.300
   555:   925061.300   927855.300   928576.300   928661.300   928726.300
   560:   935201.300   936423.300   936652.300   936758.300   936798.300
   565:   936813.300   936828.300   936850.300   936903.300   936944.300
   570:   937505.300   943084.300   943804.300   943919.300   946368.300
   575:   950872.300   952478.300   953649.300   959207.300   959556.300
   580:   959649.300   959655.300   959672.300   960412.300   960634.300
   585:   960651.300   961381.300   961638.300   962004.300   965988.300
   590:   966106.300   971595.300   973140.300   973672.300   974521.300
   595:   977821.300   978528.300   979565.300   980348.300   980391.300
   600:   981241.300   981571.300   981973.300   985826.300   985859.300
   605:   985927.300   986863.300   990640.300   991562.300   992273.300
   610:   992384.300   992436.300   992471.300   992846.300   992899.300
   615:   995916.300   995939.300   995946.300  1003846.300  1004601.300
   620:  1004737.300  1005202.300  1012109.300  1012426.300  1013694.300
   625:  1013911.300  1014115.300  1015949.300  1017962.300  1018347.300
   630:  1019260.300  1020170.300  1027870.300  1028826.300  1028919.300
   635:  1029134.300  1029198.300  1029545.300  1030341.300  1030709.300
   640:  1030758.300  1031014.300  1031070.300  1034318.300  1034466.300
   645:  1038173.300  1039703.300  1041645.300  1041683.300  1042257.300
   650:  1043086.300  1043218.300  1043266.300  1043290.300  1043430.300
   655:  1043440.300  1043455.300  1044386.300  1045643.300  1045701.300
   660:  1045720.300  1045835.300  1045846.300  1045979.300  1046384.300
   665:  1046414.300  1046677.300  1047407.300  1047692.300  1048746.300
   670:  1052243.300  1053250.300  1053284.300  1054957.300  1055209.300
   675:  1055390.300  1055503.300  1060031.300  1060534.300  1061279.300
   680:  1063190.300  1063345.300  1063352.300  1070127.300  1070215.300
   685:  1070941.300  1071116.300  1072766.300  1074505.300  1074565.300
   690:  1080842.300  1080932.300  1080983.300  1081027.300  1081109.300
   695:  1081138.300  1081154.300  1081167.300  1081202.300  1081217.300
   700:  1081260.300  1081273.300  1082987.300  1086314.300  1087724.300
   705:  1088818.300  1088830.300  1089322.300  1089329.300  1095672.300
   710:  1101225.300  1101617.300  1101990.300  1102843.300  1102888.300
   715:  1103019.300  1107041.300  1108225.300  1109684.300  1109976.300
   720:  1111748.300  1111787.300  1112063.300  1112863.300  1112932.300
   725:  1114387.300  1114418.300  1115992.300  1116049.300  1119421.300
   730:  1120996.300  1124015.300  1126467.300  1127292.300  1127331.300
   735:  1127347.300  1128712.300  1128739.300  1133491.300  1134176.300
   740:  1136965.300  1138891.300  1146000.300  1146798.300  1147476.300
   745:  1147611.300  1147751.300  1148055.300  1148095.300  1148886.300
   750:  1153716.300  1154386.300  1154417.300  1160754.300  1161624.300
   755:  1161955.300  1162022.300  1162295.300  1166539.300  1166578.300
   760:  1169813.300  1176186.300  1177080.300  1180991.300  1182135.300
   765:  1183542.300  1184044.300  1184738.300  1185543.300  1186288.300
   770:  1187727.300  1188464.300  1188509.300  1188561.300  1191938.300
   775:  1193470.300  1194594.300  1196586.300  1199471.300  1199475.300
   780:  1199633.300  1199893.300  1199935.300  1201288.300  1201306.300
   785:  1201319.300  1201331.300  1201356.300  1201382.300  1201422.300
   790:  1201454.300  1201488.300  1201579.300  1201917.300  1202032.300
   795:  1202098.300  1202315.300  1202563.300  1202635.300  1202745.300
   800:  1202797.300  1205004.300  1207120.300  1207129.300  1207213.300
   805:  1213142.300  1213155.300  1213161.300  1213177.300  1213218.300
   810:  1213309.300  1214873.300  1214929.300  1215027.300  1215239.300
   815:  1215343.300  1217871.300  1217898.300  1217923.300  1217990.300
   820:  1218075.300  1218109.300  1218143.300  1220135.300  1220905.300
   825:  1225280.300  1233310.300  1234063.300  1234177.300  1234225.300
   830:  1234255.300  1234310.300  1235384.300  1235392.300  1236866.300
   835:  1244341.300  1244385.300  1245825.300  1246212.300  1246517.300
   840:  1247626.300  1247748.300  1252874.300  1254152.300  1256187.300
   845:  1257060.300  1257817.300  1258637.300  1259623.300  1260765.300
   850:  1260804.300  1264949.300  1265831.300  1266551.300  1266567.300
   855:  1266789.300  1267740.300  1268373.300  1268610.300  1268975.300
   860:  1269556.300  1272332.300  1272411.300  1272681.300  1272690.300
   865:  1273848.300  1279483.300  1283277.300  1283323.300  1292722.300
   870:  1294933.300  1295543.300  1295572.300  1295804.300  1295855.300
   875:  1298048.300  1305221.300  1312801.300  1314305.300  1315068.300
   880:  1319188.300  1319987.300  1320785.300  1321113.300  1321223.300
   885:  1322382.300  1342330.300  1346763.300  1350253.300  1350653.300
   890:  1350816.300  1351205.300  1353537.300  1353549.300  1354953.300
   895:  1354997.300  1355370.300  1356196.300  1356344.300  1356408.300
   900:  1356491.300  1356558.300  1356750.300  1356967.300  1356971.300
   905:  1357046.300  1357173.300  1357742.300  1365971.300  1371304.300
   910:  1377687.300  1377743.300  1378192.300  1378534.300  1385202.300
   915:  1385890.300  1386788.300  1387485.300  1388413.300  1389768.300
   920:  1394414.300  1396449.300  1396489.300  1397189.300  1397464.300
   925:  1397508.300  1397558.300  1399014.300  1400547.300  1400832.300
   930:  1402236.300  1402651.300  1403467.300  1408945.300  1414721.300
   935:  1423936.300  1424002.300  1424529.300  1424698.300  1426738.300
   940:  1426809.300  1426855.300  1426870.300  1426876.300  1426923.300
   945:  1426934.300  1426946.300  1426996.300  1427044.300  1427236.300
   950:  1427302.300  1427366.300  1427475.300  1427529.300  1427579.300
   955:  1427710.300  1427760.300  1428647.300  1429043.300  1430848.300
   960:  1430895.300  1432017.300  1432535.300  1435032.300  1435046.300
   965:  1437409.300  1439658.300  1441443.300  1443864.300  1443924.300
   970:  1445052.300  1449374.300  1449794.300  1450457.300  1584911.300
   975:  1588719.300  1589848.300  1593903.300  1595050.300  1595071.300
   980:  1595092.300  1595112.300  1597461.300  1597629.300  1597691.300
   985:  1597736.300  1597765.300  1597851.300  1597891.300  1603501.300
   990:  1604596.300  1605760.300  1605768.300  1605782.300  1605806.300
   995:  1605828.300  1605987.300  1606028.300  1606039.300  1606066.300
  1000:  1606091.300  1606754.300  1607041.300  1607439.300  1629766.300
  1005:  1632027.300  1633113.300  1639219.300  1639848.300  1639968.300
  1010:  1643957.300  1645186.100  1741187.200  1741187.200  1741187.200
  1015:  1741187.200  1741187.200  1741187.200  1741187.200  1741187.200
  1020:  1741187.200  1741187.200  1743263.300  1743422.300  1743595.300
  1025:  1743653.300  1745008.300  1745057.300  1745102.300  1745152.300
  1030:  1745210.300  1745229.300  1745250.300  1745334.300  1745434.300
  1035:  1745585.300  1746028.300  1746052.300  1746847.300  1747445.300
  1040:  1748106.300  1748160.300  1748904.300  1750178.300  1750195.300
  1045:  1750603.300  1750611.300  1750623.300  1750635.300  1750735.300
  1050:  1750886.300  1751404.300  1759549.300  1759990.300  1764766.300
  1055:  1765669.300  1766296.300  1766308.300  1766332.300  1766683.300
  1060:  1769995.300  1772808.300  1774731.300  1775632.300  1776529.300
  1065:  1777037.300  1777077.300  1778031.300  1781031.300  1782321.300
  1070:  1782326.300  1782841.300  1783240.300  1783451.300  1784124.300
  1075:  1784299.300  1793171.300  1793175.300  1795334.300  1795597.300
  1080:  1798094.300  1798107.300  1798126.300  1799507.300  1801214.300
  1085:  1802818.300  1802832.300  1802839.300  1802926.300  1802986.300
  1090:  1803840.300  1810317.300  1812890.300  1813010.300  1813817.300
  1095:  1813824.300  1813903.300  1813922.300  1813937.300  1813997.300
  1100:  1814070.300  1814083.300  1814103.300  1817176.300  1817298.300
  1105:  1817335.300  1817579.300  1818179.300  1820129.300  1820221.300
  1110:  1820235.300  1820294.300  1820583.300  1820760.300  1820847.300
  1115:  1820852.300  1820884.300  1820987.300  1821315.300  1821376.300
  1120:  1823092.300  1824475.300  1824518.300  1824571.300  1824580.300
  1125:  1824636.300  1824676.300  1824723.300  1824766.300  1824800.300
  1130:  1824822.300  1824874.300  1825053.300  1825115.300  1825140.300
  1135:  1825198.300  1825267.300  1825307.300  1825365.300  1826489.300
  1140:  1826546.300  1826568.300  1826606.300  1826705.300  1829193.300
  1145:  1829236.300  1830572.300  1841487.300  1841521.300  1841819.300
  1150:  1846690.300  1852944.300  1852979.300  1856107.300  1859768.300
  1155:  1882670.300  1885489.300  1888862.300  1891151.300  1892177.300
  1160:  1892440.300  1892471.300  1893391.300  1893987.300  1897841.300
  1165:  1898917.300  1899479.300  1909365.300  1911029.300  1916701.300
  1170:  1919224.300  1919502.300  1919606.300  1924402.300  1932780.300
  1175:  1933407.300  1937447.300  1937468.300  1938839.300  1946475.300
  1180:  1948972.300  1950136.300  1950406.300  1950493.300  1950611.300
  1185:  1950942.300  1950948.300  1951951.300  1952472.300  1953263.300
  1190:  1960110.300  1966210.300  1966315.300  1969525.300  1970051.300
  1195:  1976901.300  1976940.300  1977239.300  1980338.300  1980754.300
  1200:  1986043.300  1986206.300  1990955.300  1996929.300  1996979.300
  1205:  2003244.300  2004549.300  2004995.300  2005382.300  2006447.300
  1210:  2007502.300  2007753.300  2008260.300  2009030.300  2009545.300
  1215:  2020251.300  2021166.300  2021168.300  2021195.300  2021366.300
  1220:  2021421.300  2021755.300  2021769.300  2023555.300  2023615.300
  1225:  2027181.300  2028866.300  2029465.300  2031442.300  2032215.300
  1230:  2032935.300  2035206.300  2041980.300  2044581.300  2045788.300
  1235:  2048225.300  2049100.300  2050649.300  2074391.300  2076101.300
  1240:  2080928.300  2080942.300  2080974.300  2083766.300  2116706.300
  1245:  2124636.300  2124799.300  2125572.300  2126457.300  2127260.300
  1250:  2132293.300  2132602.300  2133205.300  2134065.300  2141372.300
  1255:  2141422.300  2141480.300  2141545.300  2141724.300  2154456.300
  1260:  2163456.300  2163665.300  2165890.300  2542129.300  2547999.300
  1265:  2548045.300  2570927.300  2570970.300  2570991.300  2586204.300
  1270:  2589459.300  2589564.300  2589593.300  2589604.300  2589643.300
  1275:  2589672.300  2589683.300  2590341.300  2595688.300  2597283.300
  1280:  2597943.300  2598069.300  2598091.300  2598198.300  2598631.300
  1285:  2608726.300  2608761.300  2608847.300  2609016.300  2609338.300
  1290:  2619734.300  2651130.300  2652546.300  2654163.300  2657488.300
  1295:  2661502.300  2663221.300  2663231.300  2663261.300  2668535.300
  1300:  2672137.300  2678361.300  2678395.300  2678427.300  2678489.300
  1305:  2683593.300  2684635.300  2684671.300  2688816.300  2689140.300
  1310:  2689951.300  2690077.300  2698639.300  2698739.300  2699031.300
  1315:  2699597.300  2699616.300  2700209.300  2702537.300  2706764.300
  1320:  2708588.300  2708849.300  2718687.300  2718812.300  2719003.300
  1325:  2720911.300  2720957.300  2726363.300  2728335.300  2728687.300
  1330:  2729093.300  2729106.300  2733504.300  2733542.300  2733743.300
  1335:  2733759.300  2739374.300  2739380.300  2752789.300  2754923.300
  1340:  2761381.300  2764894.300  2767931.300  2768539.300  2768916.300
  1345:  2769222.300  2770407.300  2771150.300  2774602.300  2777494.300
  1350:  2783486.300  2786251.300  2786370.300  2786711.300  2786720.300
  1355:  2787433.300  2796819.300  2797103.300  2797998.300  2798074.300
  1360:  2802437.300  2802724.300  2809109.300  2810677.300  2813993.300
  1365:  2814941.300  2818913.300  2820677.300  2820776.300  2820904.300
  1370:  2824794.300  2829249.300  2829298.300  2831999.300  2834593.300
  1375:  2835095.300  2838605.300  2838891.300  2839435.300  2840184.300
  1380:  2841008.300  2841588.300  2842471.300  2842496.300  2846646.300
  1385:  2849315.300  2850543.300  2850894.300  2851042.300  2851096.300
  1390:  2859429.300  2859466.300  2859503.300  2860894.300  2861452.300
  1395:  2861599.300  2862058.300  2862391.300  2862394.300  2862467.300
  1400:  2863325.300  2871568.300  2872805.300  2872918.300  2873288.300
  1405:  2878440.300  2878726.300  2878841.300  2880068.300  2880645.300
  1410:  2883529.300  2884919.300  2885723.300  2886540.300  2922166.300
  1415:  2924341.300  2926512.300  2930020.300  2935918.300  2944359.300
  1420:  2949550.300  2949737.300  2953717.300  2963676.300  2964314.300
  1425:  2965181.300  2965490.300  2965868.300  2966571.300  2966717.300
  1430:  2966727.300  2966776.300  2969092.300  2969142.300  2973113.300
  1435:  2973460.300  2973571.300  2977395.300  2980682.300  2981355.300
  1440:  2981408.300  2981464.300  2981540.300  2985322.300  2985876.300
  1445:  2990692.300  2991182.300  2993998.300  2994694.300  2994821.300
  1450:  2997427.300  2998475.300  2998906.300  3004881.300  3005038.300
  1455:  3011589.300  3012074.300  3012099.300  3012219.300  3016139.300
  1460:  3016911.300  3017407.300  3020995.300  3024345.300  3025255.300
  1465:  3026039.300  3026119.300  3030739.300  3035059.300  3036392.300
  1470:  3041731.300  3042750.300  3042992.300  3043143.300  3044326.300
  1475:  3044347.300  3045052.300  3048144.300  3049113.300  3049211.300
  1480:  3049336.300  3049383.300  3049656.300  3049782.300  3055869.300
  1485:  3056021.300  3057122.300  3063251.300  3065037.300  3074678.300
  1490:  3074685.300  3075108.300  3078534.300  3079059.300  3079285.300
  1495:  3080016.300  3080806.300  3083952.300  3084588.300  3087796.300
  1500:  3091209.300  3091529.300  3094092.300  3096263.300  3096801.300
  1505:  3100347.300  3101241.300  3104263.300  3105064.300  3105384.300
  1510:  3105390.300  3105424.300  3105660.300  3105671.300  3106423.300
  1515:  3107066.300  3107616.300  3107747.300  3108244.300  3111041.300
  1520:  3111928.300  3112162.300  3112555.300  3114756.300  3119445.300
  1525:  3119929.300  3122940.300  3123533.300  3123914.300  3127273.300
  1530:  3132374.300  3133321.300  3139069.300  3140119.300  3140216.300
  1535:  3140637.300  3140984.300  3141081.300  3141578.300  3163787.300
  1540:  3167733.300  3168563.300  3168784.300  3168952.300  3169005.300
  1545:  3169742.300  3171552.300  3183980.300  3183984.300  3184022.300
  1550:  3188408.300  3189272.300  3193473.300  3194420.300  3196515.300
  1555:  3197403.300  3197525.300  3198277.300  3198901.300  3201619.300
  1560:  3204397.300  3211151.300  3212883.300  3214555.300  3215545.300
  1565:  3215776.300  3220130.300  3221632.300  3222509.300  3229425.300
  1570:  3230767.300  3235288.300  3240519.300  3241883.300  3241927.300
  1575:  3243284.300  3243777.300  3244286.300  3244330.300  3244389.300
  1580:  3244445.300  3244514.300  3244755.300  3244780.300  3244921.300
  1585:  3245490.300  3281915.300  3282916.300  3283031.300  3284006.300
  1590:  3304832.300  3305176.300  3305647.300  3307501.300  3307528.300
  1595:  3315151.300  3315244.300  3316198.300  3316773.300  3316957.300
  1600:  3323976.300  3324035.300  3325467.300  3325542.300  3325549.300
  1605:  3325775.300  3325826.300  3327719.300  3334670.300  3334680.300
  1610:  3334848.300  3336909.300  3354442.300  3354512.300  3354617.300
  1615:  3355774.300  3387106.100  3483107.200  3483107.200  3483107.200
  1620:  3483107.200  3483107.200  3483107.200  3483107.200  3483107.200
  1625:  3483107.200  3483107.200  3485245.300  3485484.300  3485515.300
  1630:  3485787.300  3485822.300  3485834.300  3485854.300  3485938.300
  1635:  3486375.300  3486385.300  3486851.300  3486919.300  3487509.300
  1640:  3487558.300  3487615.300  3487622.300  3487714.300  3487851.300
  1645:  3488013.300  3488430.300  3488612.300  3489678.300  3492696.300
  1650:  3493224.300  3493233.300  3493388.300  3493506.300  3493569.300
  1655:  3493810.300  3493929.300  3493961.300  3505206.300  3505211.300
  1660:  3512790.300  3512799.300  3512893.300  3513823.300  3513898.300
  1665:  3513967.300  3523135.300  3523200.300  3523319.300  3524353.300
  1670:  3524969.300  3525216.300  3525562.300  3795672.300  3795693.300
  1675:  3798852.300  3799285.300  3803885.300  3804511.300  3804670.300
  1680:  4120236.300  4120309.300  4120652.300  4120663.300  4138557.300
  1685:  4139183.300  4140542.300  4141268.300  4141361.300  4141425.300
  1690:  4141498.300  4141927.300  4157485.300  4157602.300  4157981.300
  1695:  4200717.300
D:
     0:        0.111     7816.600    11090.600    13401.600    22077.600
     5:    23141.200    23311.250    24045.650    24101.650    26557.650
    10:    39452.650    43618.650    43639.650    43677.650    46501.650
    15:    47296.650    47862.650    47986.650    72671.650    81739.650
    20:    82751.650    84868.650    84911.650    85756.650    86553.650
    25:    86944.650    86957.650    86984.650    87370.650    91110.650
    30:    91384.650    91558.650    99863.650    99913.650   102078.650
    35:   102771.650   102818.650   102826.650   103301.650   107279.650
    40:   110029.650   115838.650   118030.650   119142.400   119187.410
    45:   119236.410   119281.410   119322.610   119330.410   119375.410
    50:   119424.410   119469.410   119518.410   119563.410   119568.420
    55:   122231.600   122685.600   122791.600   122808.600   122838.600
    60:   123097.600   123213.600   123544.600   123933.600   124805.600
    65:   124916.600   125813.600   125848.600   126620.600   126784.600
    70:   126795.600   127476.600   127514.600   127552.600   127601.600
    75:   128890.600   131301.600   131351.600   132377.600   132499.600
    80:   141174.600   142049.600   144416.600   144494.600   145239.600
    85:   145789.600   150809.600   156819.600   161932.600   163264.600
    90:   178736.600   178993.600   182202.600   191472.600   192709.600
    95:   194079.600   194779.600   196257.600   203195.600   203311.600
   100:   203778.600   203819.600   204225.600   204285.600   204336.600
   105:   204390.600   204434.600   204658.600   204996.600   205182.600
   110:   205310.600   205529.600   205849.600   206841.600   206887.600
   115:   206908.600   207061.600   207077.600   218959.600   219122.600
   120:   219164.600   219185.600   219218.600   219247.600   219292.600
   125:   219325.600   219613.600   219661.600   232598.600   234569.600
   130:   235956.600   236727.600   238641.600   240005.600   240262.600
   135:   240306.600   240348.600   241787.600   243356.600   244565.600
   140:   248154.600   249654.600   250843.600   251915.600   251950.600
   145:   251961.600   251971.600   253230.600   258147.600   260171.600
   150:   260836.600   262213.600   262439.600   262835.600   265444.600
   155:   265460.600   266276.600   266400.600   271647.600   271828.600
   160:   271875.600   271911.600   271922.600   271961.600   272005.600
   165:   272109.600   272490.600   272520.600   272646.600   272725.600
   170:   272772.600   272837.600   272905.600   272954.600   273320.600
   175:   273561.600   273687.600   273692.600   273706.600   273736.600
   180:   278927.600   282465.600   282528.600   282619.600   282682.600
   185:   288548.600   290909.600   293330.600   293402.600   293440.600
   190:   294482.600   295183.600   295230.600   295362.600   296116.600
   195:   296204.600   296247.600   296320.600   296336.600   296411.600
   200:   296436.600   298194.600   300688.600   302395.600   302413.600
   205:   302475.600   303532.600   308470.600   308498.600   308563.600
   210:   308657.600   312340.600   312365.600   313545.600   313908.600
   215:   314150.600   315202.600   315323.600   315691.600   315707.600
   220:   316637.600   318106.600   318542.600   319871.600   322888.600
   225:   324996.600   326600.600   329303.600   329341.600   333188.600
   230:   333228.600   336803.600   336836.600   338706.600   344578.600
   235:   368226.600   368275.600   370188.600   370217.600   370373.600
   240:   370512.600   370644.600   370685.600   370775.600   370786.600
   245:   370829.600   370915.600   371833.600   372130.600   372230.600
   250:   372816.600   372823.600   372840.600   374563.600   374594.600
   255:   375584.600   375601.600   382640.600   382673.600   390805.600
   260:   393132.600   393656.600   393732.600   393781.600   398013.600
   265:   399360.600   400326.600   400379.600   406377.600   406599.600
   270:   406654.600   406698.600   406707.600   406772.600   406864.600
   275:   406926.600   407978.600   408093.600   408451.600   408756.600
   280:   408834.600   409627.600   412058.600   413999.600   414764.600
   285:   414826.600   423524.600   424286.600   426051.600   429477.600
   290:   429501.600   430516.600   434496.600   434584.600   434594.600
   295:   434662.600   434928.600   445908.600   447040.600   451780.600
   300:   453398.600   455724.600   455901.600   459856.600   460788.600
   305:   460833.600   462723.600   463233.600   463289.600   463377.600
   310:   463422.600   463517.600   465045.600   465059.600   470592.600
   315:   470701.600   470718.600   470724.600   475770.600   476176.600
   320:   477787.600   477812.600   479805.600   479833.600   479890.600
   325:   485695.600   486264.600   489365.600   489506.600   489656.600
   330:   489719.600   489794.600   489862.600   489908.600   493980.600
   335:   494033.600   495329.600   496225.600   497303.600   498763.600
   340:   505117.600   505255.600   505417.600   505473.600   505489.600
   345:   506924.600   510541.600   510585.600   510703.600   510726.600
   350:   519362.600   520981.600   521354.600   522654.600   522817.600
   355:   522845.600   522890.600   522908.600   522946.600   522998.600
   360:   524378.600   535943.600   535982.600   537217.600   539265.600
   365:   541269.600   546777.600   546810.600   549613.600   552827.600
   370:   556087.600   557264.600   557736.600   557755.600   557807.600
   375:   558764.600   559423.600   559471.600   567120.600   568137.600
   380:   568195.600   568402.600   568425.600   568548.600   569183.600
   385:   569530.600   570583.600   570595.600   573233.600   573317.600
   390:   575368.600   576568.600   576898.600   576940.600   577030.600
   395:   577976.600   578423.600   578502.600   578560.600   582966.600
   400:   588020.600   588508.600   588535.600   592897.600   593899.600
   405:   600935.600   601250.600   607098.600   607118.600   607980.600
   410:   608069.600   615243.600   616170.600   616300.600   616988.600
   415:   624505.600   624575.600   624784.600   624864.600   626479.600
   420:   626629.600   626756.600   626955.600   629374.600   630939.600
   425:   632469.600   632568.600   632580.600   632594.600   632632.600
   430:   632733.600   632739.600   632825.600   637316.600   637396.600
   435:   637458.600   637484.600   638232.600   639561.600   639811.600
   440:   640953.600   641828.600   645948.600   646346.600   647666.600
   445:   648204.600   655801.600   656621.600   657636.600   657685.600
   450:   658450.600   658644.600   665281.600   667182.600   667373.600
   455:   667653.600   668213.600   668508.600   668653.600   673458.600
   460:   674226.600   680951.600   682228.600   682379.600   682765.600
   465:   686078.600   686100.600   686235.600   687279.600   694793.600
   470:   694904.600   694977.600   696053.600   696336.600   705783.600
   475:   707079.600   707469.600   707493.600   707525.600   707534.600
   480:   707576.600   707598.600   708012.600   713734.600   713788.600
   485:   714909.600   719738.600   719786.600   719830.600   720927.600
   490:   721867.600   724643.600   755519.600   756231.600   756933.600
   495:   756982.600   757103.600   763328.600   763486.600   764308.600
   500:   770056.600   778961.600   779268.600   780009.600   780065.600
   505:   780678.600   785372.600   790491.600   790634.600   790905.600
   510:   790910.600   790941.600   791100.600   791281.600   791547.600
   515:   791661.600   791906.600   792218.600   792564.600   792608.600
   520:   792780.600   793212.600   801205.600   801242.600   802267.600
   525:   802434.600   802492.600   802900.600   805727.600   806026.600
   530:   806653.600   806697.600   806748.600   807357.600   811907.600
   535:   811920.600   819470.600   824099.600   825024.600   829195.600
   540:   830629.600   830635.600   831799.600   832630.600   833522.600
   545:   834526.600   834585.600   834612.600   835231.600   835672.600
   550:   835873.600   836951.600   837553.600   838141.600   838224.600
   555:   852952.600   852997.600   853017.600   854236.600   855142.600
   560:   855568.600   855618.600   860345.600   860378.600   862017.600
   565:   862085.600   862291.600   866984.600   867994.600   868982.600
   570:   869817.600   869959.600   875266.600   875392.600   875449.600
   575:   878619.600   878656.600   884852.600   884914.600   884961.600
   580:   886337.600   886476.600   890675.600   890725.600   890737.600
   585:   891187.600   892060.600   892119.600   892179.600   910690.600
   590:   912493.600   916266.600   924634.600   925209.600   925408.600
   595:   925487.600   928281.600   929002.600   929087.600   929152.600
   600:   935627.600   936849.600   937078.600   937184.600   937224.600
   605:   937239.600   937254.600   937276.600   937329.600   937370.600
   610:   937931.600   943510.600   944230.600   944345.600   946794.600
   615:   951298.600   952904.600   954075.600   959633.600   959982.600
   620:   960075.600   960081.600   960098.600   960838.600   961060.600
   625:   961077.600   961807.600   962064.600   962430.600   966414.600
   630:   966532.600   972021.600   973566.600   974098.600   974947.600
   635:   978247.600   978954.600   979991.600   980774.600   980817.600
   640:   981667.600   981997.600   982399.600   986252.600   986285.600
   645:   986353.600   987289.600   991066.600   991988.600   992699.600
   650:   992810.600   992862.600   992897.600   993272.600   993325.600
   655:   996342.600   996365.600   996372.600  1004272.600  1005027.600
   660:  1005163.600  1005628.600  1012535.600  1012852.600  1014120.600
   665:  1014337.600  1014541.600  1016375.600  1018388.600  1018773.600
   670:  1019686.600  1020596.600  1028296.600  1029252.600  1029345.600
   675:  1029560.600  1029624.600  1029971.600  1030767.600  1031135.600
   680:  1031184.600  1031440.600  1031496.600  1034744.600  1034892.600
   685:  1038599.600  1040129.600  1042071.600  1042109.600  1042683.600
   690:  1043512.600  1043644.600  1043692.600  1043716.600  1043856.600
   695:  1043866.600  1043881.600  1044812.600  1046069.600  1046127.600
   700:  1046146.600  1046261.600  1046272.600  1046405.600  1046810.600
   705:  1046840.600  1047103.600  1047833.600  1048118.600  1049172.600
   710:  1052669.600  1053676.600  1053710.600  1055383.600  1055635.600
   715:  1055816.600  1055929.600  1060457.600  1060960.600  1061705.600
   720:  1063616.600  1063771.600  1063778.600  1070553.600  1070641.600
   725:  1071367.600  1071542.600  1073192.600  1074931.600  1074991.600
   730:  1081268.600  1081358.600  1081409.600  1081453.600  1081535.600
   735:  1081564.600  1081580.600  1081593.600  1081628.600  1081643.600
   740:  1081686.600  1081699.600  1083413.600  1086740.600  1088150.600
   745:  1089244.600  1089256.600  1089748.600  1089755.600  1096098.600
   750:  1101651.600  1102043.600  1102416.600  1103269.600  1103314.600
   755:  1103445.600  1107467.600  1108651.600  1110110.600  1110402.600
   760:  1112174.600  1112213.600  1112489.600  1113289.600  1113358.600
   765:  1114813.600  1114844.600  1116418.600  1116475.600  1119847.600
   770:  1121422.600  1124441.600  1126893.600  1127718.600  1127757.600
   775:  1127773.600  1129138.600  1129165.600  1133917.600  1134602.600
   780:  1137391.600  1139317.600  1146426.600  1147224.600  1147902.600
   785:  1148037.600  1148177.600  1148481.600  1148521.600  1149312.600
   790:  1154142.600  1154812.600  1154843.600  1161180.600  1162050.600
   795:  1162381.600  1162448.600  1162721.600  1166965.600  1167004.600
   800:  1170239.600  1176612.600  1177506.600  1181417.600  1182561.600
   805:  1183968.600  1184470.600  1185164.600  1185969.600  1186714.600
   810:  1188153.600  1188890.600  1188935.600  1188987.600  1192364.600
   815:  1193896.600  1195020.600  1197012.600  1199897.600  1199901.600
   820:  1200059.600  1200319.600  1200361.600  1201714.600  1201732.600
   825:  1201745.600  1201757.600  1201782.600  1201808.600  1201848.600
   830:  1201880.600  1201914.600  1202005.600  1202343.600  1202458.600
   835:  1202524.600  1202741.600  1202989.600  1203061.600  1203171.600
   840:  1203223.600  1205430.600  1207546.600  1207555.600  1207639.600
   845:  1213568.600  1213581.600  1213587.600  1213603.600  1213644.600
   850:  1213735.600  1215299.600  1215355.600  1215453.600  1215665.600
   855:  1215769.600  1218297.600  1218324.600  1218349.600  1218416.600
   860:  1218501.600  1218535.600  1218569.600  1220561.600  1221331.600
   865:  1225706.600  1233736.600  1234489.600  1234603.600  1234651.600
   870:  1234681.600  1234736.600  1235810.600  1235818.600  1237292.600
   875:  1244767.600  1244811.600  1246251.600  1246638.600  1246943.600
   880:  1248052.600  1248174.600  1253300.600  1254578.600  1256613.600
   885:  1257486.600  1258243.600  1259063.600  1260049.600  1261191.600
   890:  1261230.600  1265375.600  1266257.600  1266977.600  1266993.600
   895:  1267215.600  1268166.600  1268799.600  1269036.600  1269401.600
   900:  1269982.600  1272758.600  1272837.600  1273107.600  1273116.600
   905:  1274274.600  1279909.600  1283703.600  1283749.600  1293148.600
   910:  1295359.600  1295969.600  1295998.600  1296230.600  1296281.600
   915:  1298474.600  1305647.600  1313227.600  1314731.600  1315494.600
   920:  1319614.600  1320413.600  1321211.600  1321539.600  1321649.600
   925:  1322808.600  1342756.600  1347189.600  1350679.600  1351079.600
   930:  1351242.600  1351631.600  1353963.600  1353975.600  1355379.600
   935:  1355423.600  1355796.600  1356622.600  1356770.600  1356834.600
   940:  1356917.600  1356984.600  1357176.600  1357393.600  1357397.600
   945:  1357472.600  1357599.600  1358168.600  1366397.600  1371730.600
   950:  1378113.600  1378169.600  1378618.600  1378960.600  1385628.600
   955:  1386316.600  1387214.600  1387911.600  1388839.600  1390194.600
   960:  1394840.600  1396875.600  1396915.600  1397615.600  1397890.600
   965:  1397934.600  1397984.600  1399440.600  1400973.600  1401258.600
   970:  1402662.600  1403077.600  1403893.600  1409371.600  1415147.600
   975:  1424362.600  1424428.600  1424955.600  1425124.600  1427164.600
   980:  1427235.600  1427281.600  1427296.600  1427302.600  1427349.600
   985:  1427360.600  1427372.600  1427422.600  1427470.600  1427662.600
   990:  1427728.600  1427792.600  1427901.600  1427955.600  1428005.600
   995:  1428136.600  1428186.600  1429073.600  1429469.600  1431274.600
  1000:  1431321.600  1432443.600  1432961.600  1435458.600  1435472.600
  1005:  1437835.600  1440084.600  1441869.600  1444290.600  1444350.600
  1010:  1445478.600  1449800.600  1450220.600  1450883.600  1585337.600
  1015:  1589145.600  1590274.600  1594329.600  1595476.600  1595497.600
  1020:  1595518.600  1595538.600  1597887.600  1598055.600  1598117.600
  1025:  1598162.600  1598191.600  1598277.600  1598317.600  1603927.600
  1030:  1605022.600  1606186.600  1606194.600  1606208.600  1606232.600
  1035:  1606254.600  1606413.600  1606454.600  1606465.600  1606492.600
  1040:  1606517.600  1607180.600  1607467.600  1607865.600  1630192.600
  1045:  1632453.600  1633539.600  1639645.600  1640274.600  1640394.600
  1050:  1644383.600  1645612.200  1647151.650  1647554.650  1647569.650
  1055:  1648501.650  1652976.650  1654422.650  1654664.650  1654983.650
  1060:  1659842.650  1660180.650  1660692.650  1661825.650  1662876.650
  1065:  1665360.650  1665395.650  1665479.650  1665509.650  1667712.650
  1070:  1669688.650  1674912.650  1675920.650  1676597.650  1676604.650
  1075:  1676890.650  1677033.650  1677065.650  1678374.650  1678691.650
  1080:  1679146.650  1680565.650  1681180.650  1681596.650  1685251.650
  1085:  1686531.650  1693001.650  1694352.650  1696145.650  1696559.650
  1090:  1741613.400  1741658.410  1741707.410  1741752.410  1741762.610
  1095:  1741801.410  1741846.410  1741895.410  1741940.410  1741989.410
  1100:  1742034.410  1742039.420  1744115.600  1744274.600  1744447.600
  1105:  1744505.600  1745860.600  1745909.600  1745954.600  1746004.600
  1110:  1746062.600  1746081.600  1746102.600  1746186.600  1746286.600
  1115:  1746437.600  1746880.600  1746904.600  1747699.600  1748297.600
  1120:  1748958.600  1749012.600  1749756.600  1751030.600  1751047.600
  1125:  1751455.600  1751463.600  1751475.600  1751487.600  1751587.600
  1130:  1751738.600  1752256.600  1760401.600  1760842.600  1765618.600
  1135:  1766521.600  1767148.600  1767160.600  1767184.600  1767535.600
  1140:  1770847.600  1773660.600  1775583.600  1776484.600  1777381.600
  1145:  1777889.600  1777929.600  1778883.600  1781883.600  1783173.600
  1150:  1783178.600  1783693.600  1784092.600  1784303.600  1784976.600
  1155:  1785151.600  1794023.600  1794027.600  1796186.600  1796449.600
  1160:  1798946.600  1798959.600  1798978.600  1800359.600  1802066.600
  1165:  1803670.600  1803684.600  1803691.600  1803778.600  1803838.600
  1170:  1804692.600  1811169.600  1813742.600  1813862.600  1814669.600
  1175:  1814676.600  1814755.600  1814774.600  1814789.600  1814849.600
  1180:  1814922.600  1814935.600  1814955.600  1818028.600  1818150.600
  1185:  1818187.600  1818431.600  1819031.600  1820981.600  1821073.600
  1190:  1821087.600  1821146.600  1821435.600  1821612.600  1821699.600
  1195:  1821704.600  1821736.600  1821839.600  1822167.600  1822228.600
  1200:  1823944.600  1825327.600  1825370.600  1825423.600  1825432.600
  1205:  1825488.600  1825528.600  1825575.600  1825618.600  1825652.600
  1210:  1825674.600  1825726.600  1825905.600  1825967.600  1825992.600
  1215:  1826050.600  1826119.600  1826159.600  1826217.600  1827341.600
  1220:  1827398.600  1827420.600  1827458.600  1827557.600  1830045.600
  1225:  1830088.600  1831424.600  1842339.600  1842373.600  1842671.600
  1230:  1847542.600  1853796.600  1853831.600  1856959.600  1860620.600
  1235:  1883522.600  1886341.600  1889714.600  1892003.600  1893029.600
  1240:  1893292.600  1893323.600  1894243.600  1894839.600  1898693.600
  1245:  1899769.600  1900331.600  1910217.600  1911881.600  1917553.600
  1250:  1920076.600  1920354.600  1920458.600  1925254.600  1933632.600
  1255:  1934259.600  1938299.600  1938320.600  1939691.600  1947327.600
  1260:  1949824.600  1950988.600  1951258.600  1951345.600  1951463.600
  1265:  1951794.600  1951800.600  1952803.600  1953324.600  1954115.600
  1270:  1960962.600  1967062.600  1967167.600  1970377.600  1970903.600
  1275:  1977753.600  1977792.600  1978091.600  1981190.600  1981606.600
  1280:  1986895.600  1987058.600  1991807.600  1997781.600  1997831.600
  1285:  2004096.600  2005401.600  2005847.600  2006234.600  2007299.600
  1290:  2008354.600  2008605.600  2009112.600  2009882.600  2010397.600
  1295:  2021103.600  2022018.600  2022020.600  2022047.600  2022218.600
  1300:  2022273.600  2022607.600  2022621.600  2024407.600  2024467.600
  1305:  2028033.600  2029718.600  2030317.600  2032294.600  2033067.600
  1310:  2033787.600  2036058.600  2042832.600  2045433.600  2046640.600
  1315:  2049077.600  2049952.600  2051501.600  2075243.600  2076953.600
  1320:  2081780.600  2081794.600  2081826.600  2084618.600  2117558.600
  1325:  2125488.600  2125651.600  2126424.600  2127309.600  2128112.600
  1330:  2133145.600  2133454.600  2134057.600  2134917.600  2142224.600
  1335:  2142274.600  2142332.600  2142397.600  2142576.600  2155308.600
  1340:  2164308.600  2164517.600  2166742.600  2542981.600  2548851.600
  1345:  2548897.600  2571779.600  2571822.600  2571843.600  2587056.600
  1350:  2590311.600  2590416.600  2590445.600  2590456.600  2590495.600
  1355:  2590524.600  2590535.600  2591193.600  2596540.600  2598135.600
  1360:  2598795.600  2598921.600  2598943.600  2599050.600  2599483.600
  1365:  2609578.600  2609613.600  2609699.600  2609868.600  2610190.600
  1370:  2620586.600  2651982.600  2653398.600  2655015.600  2658340.600
  1375:  2662354.600  2664073.600  2664083.600  2664113.600  2669387.600
  1380:  2672989.600  2679213.600  2679247.600  2679279.600  2679341.600
  1385:  2684445.600  2685487.600  2685523.600  2689668.600  2689992.600
  1390:  2690803.600  2690929.600  2699491.600  2699591.600  2699883.600
  1395:  2700449.600  2700468.600  2701061.600  2703389.600  2707616.600
  1400:  2709440.600  2709701.600  2719539.600  2719664.600  2719855.600
  1405:  2721763.600  2721809.600  2727215.600  2729187.600  2729539.600
  1410:  2729945.600  2729958.600  2734356.600  2734394.600  2734595.600
  1415:  2734611.600  2740226.600  2740232.600  2753641.600  2755775.600
  1420:  2762233.600  2765746.600  2768783.600  2769391.600  2769768.600
  1425:  2770074.600  2771259.600  2772002.600  2775454.600  2778346.600
  1430:  2784338.600  2787103.600  2787222.600  2787563.600  2787572.600
  1435:  2788285.600  2797671.600  2797955.600  2798850.600  2798926.600
  1440:  2803289.600  2803576.600  2809961.600  2811529.600  2814845.600
  1445:  2815793.600  2819765.600  2821529.600  2821628.600  2821756.600
  1450:  2825646.600  2830101.600  2830150.600  2832851.600  2835445.600
  1455:  2835947.600  2839457.600  2839743.600  2840287.600  2841036.600
  1460:  2841860.600  2842440.600  2843323.600  2843348.600  2847498.600
  1465:  2850167.600  2851395.600  2851746.600  2851894.600  2851948.600
  1470:  2860281.600  2860318.600  2860355.600  2861746.600  2862304.600
  1475:  2862451.600  2862910.600  2863243.600  2863246.600  2863319.600
  1480:  2864177.600  2872420.600  2873657.600  2873770.600  2874140.600
  1485:  2879292.600  2879578.600  2879693.600  2880920.600  2881497.600
  1490:  2884381.600  2885771.600  2886575.600  2887392.600  2923018.600
  1495:  2925193.600  2927364.600  2930872.600  2936770.600  2945211.600
  1500:  2950402.600  2950589.600  2954569.600  2964528.600  2965166.600
  1505:  2966033.600  2966342.600  2966720.600  2967423.600  2967569.600
  1510:  2967579.600  2967628.600  2969944.600  2969994.600  2973965.600
  1515:  2974312.600  2974423.600  2978247.600  2981534.600  2982207.600
  1520:  2982260.600  2982316.600  2982392.600  2986174.600  2986728.600
  1525:  2991544.600  2992034.600  2994850.600  2995546.600  2995673.600
  1530:  2998279.600  2999327.600  2999758.600  3005733.600  3005890.600
  1535:  3012441.600  3012926.600  3012951.600  3013071.600  3016991.600
  1540:  3017763.600  3018259.600  3021847.600  3025197.600  3026107.600
  1545:  3026891.600  3026971.600  3031591.600  3035911.600  3037244.600
  1550:  3042583.600  3043602.600  3043844.600  3043995.600  3045178.600
  1555:  3045199.600  3045904.600  3048996.600  3049965.600  3050063.600
  1560:  3050188.600  3050235.600  3050508.600  3050634.600  3056721.600
  1565:  3056873.600  3057974.600  3064103.600  3065889.600  3075530.600
  1570:  3075537.600  3075960.600  3079386.600  3079911.600  3080137.600
  1575:  3080868.600  3081658.600  3084804.600  3085440.600  3088648.600
  1580:  3092061.600  3092381.600  3094944.600  3097115.600  3097653.600
  1585:  3101199.600  3102093.600  3105115.600  3105916.600  3106236.600
  1590:  3106242.600  3106276.600  3106512.600  3106523.600  3107275.600
  1595:  3107918.600  3108468.600  3108599.600  3109096.600  3111893.600
  1600:  3112780.600  3113014.600  3113407.600  3115608.600  3120297.600
  1605:  3120781.600  3123792.600  3124385.600  3124766.600  3128125.600
  1610:  3133226.600  3134173.600  3139921.600  3140971.600  3141068.600
  1615:  3141489.600  3141836.600  3141933.600  3142430.600  3164639.600
  1620:  3168585.600  3169415.600  3169636.600  3169804.600  3169857.600
  1625:  3170594.600  3172404.600  3184832.600  3184836.600  3184874.600
  1630:  3189260.600  3190124.600  3194325.600  3195272.600  3197367.600
  1635:  3198255.600  3198377.600  3199129.600  3199753.600  3202471.600
  1640:  3205249.600  3212003.600  3213735.600  3215407.600  3216397.600
  1645:  3216628.600  3220982.600  3222484.600  3223361.600  3230277.600
  1650:  3231619.600  3236140.600  3241371.600  3242735.600  3242779.600
  1655:  3244136.600  3244629.600  3245138.600  3245182.600  3245241.600
  1660:  3245297.600  3245366.600  3245607.600  3245632.600  3245773.600
  1665:  3246342.600  3282767.600  3283768.600  3283883.600  3284858.600
  1670:  3305684.600  3306028.600  3306499.600  3308353.600  3308380.600
  1675:  3316003.600  3316096.600  3317050.600  3317625.600  3317809.600
  1680:  3324828.600  3324887.600  3326319.600  3326394.600  3326401.600
  1685:  3326627.600  3326678.600  3328571.600  3335522.600  3335532.600
  1690:  3335700.600  3337761.600  3355294.600  3355364.600  3355469.600
  1695:  3356626.600  3387958.200  3388577.650  3392443.650  3393250.650
  1700:  3483959.400  3484004.410  3484053.410  3484098.410  3484147.410
  1705:  3484192.410  3484241.410  3484257.610  3484286.410  3484335.410
  1710:  3484380.410  3484385.420  3486523.600  3486762.600  3486793.600
  1715:  3487065.600  3487100.600  3487112.600  3487132.600  3487216.600
  1720:  3487653.600  3487663.600  3488129.600  3488197.600  3488787.600
  1725:  3488836.600  3488893.600  3488900.600  3488992.600  3489129.600
  1730:  3489291.600  3489708.600  3489890.600  3490956.600  3493974.600
  1735:  3494502.600  3494511.600  3494666.600  3494784.600  3494847.600
  1740:  3495088.600  3495207.600  3495239.600  3506484.600  3506489.600
  1745:  3514068.600  3514077.600  3514171.600  3515101.600  3515176.600
  1750:  3515245.600  3524413.600  3524478.600  3524597.600  3525631.600
  1755:  3526247.600  3526494.600  3526840.600  3796950.600  3796971.600
  1760:  3800130.600  3800563.600  3805163.600  3805789.600  3805948.600
  1765:  4121514.600  4121587.600  4121930.600  4121941.600  4139835.600
  1770:  4140461.600  4141820.600  4142546.600  4142639.600  4142703.600
  1775:  4142776.600  4143205.600  4158763.600  4158880.600  4159259.600
  1780:  4201995.600  4321278.999
E:
     0:        5.200       16.300       28.800       43.200       59.900
     5:       80.100      105.300      139.300      191.600      330.300
F:
     0:        0.000        0.000        0.000        0.000        0.000
     5:        0.000
L:
     0:      179.000      148.000      297.000
M:
     0:        0.000        0.000        0.000        0.000        0.000
     5:        0.000
