File: C:\MED-PC IV\DATA\!2023-02-23_18h49m.Subject DF30


Start Date: 02/23/23
End Date: 02/24/23
Subject: DF30
Experiment: delayed_acquisition
Group: 1
Box: 10
Start Time: 18:49:08
End Time:  7:10:59
MSN: Delayed_Acquisition2_w_magmacro
G:       0.000
H:       0.000
I:       0.000
J:       0.000
K:       0.000
N:       0.000
O:       0.000
P:       0.000
Q:       0.000
R:       0.000
S:       0.000
T:       0.000
U:       0.000
V:       0.000
W:       0.000
X:       0.000
Y:       0.000
Z:       0.000
A:
     0:        2.000       60.000  4320000.000        1.000        0.000
     5:        1.000    96000.000        0.000       10.000        0.000
    10:        0.000        0.000        0.000        0.000        0.000
    15:        0.000        0.000        0.000        0.000        0.000
    20:        0.000        0.000        0.000        0.000        0.000
    25:        0.000        0.000        0.000        0.000        0.000
    30:        0.000        0.000        0.000        0.000        0.000
    35:        0.000        0.000        0.000        0.000        0.000
    40:        0.000        0.000        0.000        0.000        0.000
    45:        0.000        0.000        0.000        0.000        0.000
    50:        0.000        0.000        0.000        0.000        0.000
    55:        0.000        0.000        0.000        0.000        0.000
    60:        0.000        0.000        0.000        0.000        0.000
    65:        0.000        0.000        0.000        0.000        0.000
    70:        0.000        0.000        0.000        0.000        0.000
    75:        0.000        0.000        0.000        0.000        0.000
    80:        0.000        0.000        0.000        0.000        0.000
    85:        0.000        0.000        0.000        0.000        0.000
    90:        0.000        0.000        0.000        0.000        0.000
    95:        0.000        0.000        0.000        0.000        0.000
   100:        0.000
B:
     0:  4320000.000  4322982.000        1.000        7.000        0.000
     5:        0.000        0.000        7.000      406.000      513.000
    10:        0.000      329.000        9.000       23.000       66.000
    15:        0.000        7.000        0.000        0.000        0.000
    20:        0.000        0.000        0.000        0.000        0.000
    25:        0.000        0.000        0.000        0.000        0.000
    30:        1.486        0.000        0.000       70.000        0.000
    35:        0.000        0.000        0.000        0.000        0.000
    40:        0.000        0.000        0.000        0.000        0.000
    45:        0.000        0.000        0.000        0.000        0.000
    50:        0.000        0.000        0.000        0.000        0.000
    55:        0.000        0.000        0.000        0.000        0.000
    60:        0.000        0.000        0.000        0.000        0.000
    65:        0.000        0.000        0.000        0.000        0.000
    70:        0.000        0.000        0.000        0.000        0.000
    75:        0.000        0.000        0.000        0.000        0.000
    80:        0.000        0.000        0.000        0.000        0.000
    85:        0.000        0.000        0.000        0.000        0.000
    90:        0.000        0.000        0.000        0.000        0.000
    95:        0.000        0.000        0.000        0.000        0.000
   100:        0.000
C:
     0:     2736.300     5053.300     5069.300     5088.300     5106.300
     5:     5142.300     5184.300     5248.300     5259.300     5598.300
    10:     8730.100   104731.200   104731.200   104731.200   104731.200
    15:   104731.200   104731.200   104731.200   104731.200   104731.200
    20:   104731.200   105351.300   105379.300   105413.300   105436.300
    25:   105449.300   105469.300   105485.300   105543.300   107216.300
    30:   107262.300   107474.300   107495.300   107516.300   107749.300
    35:   108204.300   108232.300   108247.300   108278.300   108307.300
    40:   108340.300   108362.300   108413.300   108439.300   108453.300
    45:   109091.300   109472.300   110086.300   110116.300   112244.300
    50:   112936.300   115424.300   121278.300   128232.300   168936.300
    55:   171128.300   201781.300   227114.300   349742.300   356226.300
    60:   356858.300   366650.300   407301.300   407308.300   407328.300
    65:   407759.300   414171.300   414283.300   427366.100   523367.200
    70:   523367.200   523367.200   523367.200   523367.200   523367.200
    75:   523367.200   523367.200   523367.200   523367.200   523886.300
    80:   523947.300   523974.300   523977.300   523984.300   523989.300
    85:   524038.300   524058.300   524068.300   526366.300   527595.300
    90:   527940.300   528035.300   528731.300   529032.300   532355.300
    95:   532368.300   532509.300   535918.300   535937.300   535985.300
   100:   539782.300   569486.300   569514.300   570129.300   615973.300
   105:   615983.300   616006.300   616672.300   616688.300   616759.300
   110:   624465.300   791257.300   791285.300   794628.300   794677.300
   115:   794691.300   813880.100   909881.200   909881.200   909881.200
   120:   909881.200   909881.200   909881.200   909881.200   909881.200
   125:   909881.200   909881.200   913705.300   913709.300   913752.300
   130:   914320.300   916000.300   916009.300   916271.300   916707.300
   135:   927512.300  1028136.300  1028188.300  1028233.300  1032770.300
   140:  1032926.300  1085637.300  1085825.300  1102973.300  1103219.300
   145:  1107981.300  1108039.300  1108088.300  1120691.100  1216692.200
   150:  1216692.200  1216692.200  1216692.200  1216692.200  1216692.200
   155:  1216692.200  1216692.200  1216692.200  1216692.200  1219990.300
   160:  1220000.300  1220024.300  1220044.300  1220057.300  1220076.300
   165:  1220098.300  1220121.300  1220161.300  1220178.300  1220230.300
   170:  1220246.300  1220270.300  1220292.300  1220305.300  1220363.300
   175:  1220410.300  1220454.300  1220468.300  1220491.300  1220534.300
   180:  1220554.300  1220592.300  1220625.300  1220636.300  1220655.300
   185:  1220667.300  1221169.300  1221696.300  1224036.300  1224058.300
   190:  1224158.300  1230574.300  1239402.300  1239485.300  1240621.300
   195:  1253061.300  1253128.300  1253199.300  1253434.300  1253439.300
   200:  1253512.300  1263360.300  1272437.300  1273003.300  1280517.300
   205:  1331054.300  1331752.300  1348581.300  1358021.300  1364385.300
   210:  1364387.300  1365161.300  1381477.300  1381526.300  1403048.300
   215:  1403059.300  1403094.300  1431727.300  1431788.300  1440695.300
   220:  1441939.300  1442188.300  1458300.100  1554301.200  1554301.200
   225:  1554301.200  1554301.200  1554301.200  1554301.200  1554301.200
   230:  1554301.200  1554301.200  1554301.200  1554591.300  1554681.300
   235:  1554735.300  1554745.300  1554782.300  1554804.300  1554823.300
   240:  1554853.300  1554873.300  1554896.300  1554920.300  1554928.300
   245:  1554933.300  1554976.300  1554993.300  1555099.300  1555119.300
   250:  1555773.300  1556297.300  1556334.300  1556365.300  1556405.300
   255:  1556418.300  1556427.300  1556442.300  1556460.300  1557969.300
   260:  1558804.300  1559688.300  1564593.300  1564631.300  1585207.300
   265:  1585374.300  1637528.300  1637635.300  1637765.300  1637826.300
   270:  1637886.300  1638048.300  1649199.300  1649443.300  1649605.300
   275:  1649649.300  1649664.300  1695948.300  1696988.100  1792989.200
   280:  1792989.200  1792989.200  1792989.200  1792989.200  1792989.200
   285:  1792989.200  1792989.200  1792989.200  1792989.200  1793592.300
   290:  1793620.300  1795132.300  1796136.300  1796162.300  1796179.300
   295:  1796258.300  1796279.300  1796313.300  1796323.300  1796386.300
   300:  1796444.300  1796474.300  1796499.300  1796510.300  1796542.300
   305:  1796618.300  1796696.300  1796756.300  1797073.300  1797098.300
   310:  1797114.300  1797131.300  1797173.300  1797183.300  1797242.300
   315:  1797408.300  1797440.300  1797457.300  1797493.300  1798050.300
   320:  1798606.300  1801206.300  1801227.300  2692242.300  2693470.300
   325:  2701920.300  2702242.300  2703128.100  2799129.200  2799129.200
   330:  2799129.200  2799129.200  2799129.200  2799129.200  2799129.200
   335:  2799129.200  2799129.200  2799129.200  2799752.300  2799758.300
   340:  2799807.300  2799831.300  2799845.300  2799853.300  2799875.300
   345:  2799886.300  2799899.300  2799937.300  2799941.300  2799961.300
   350:  2800173.300  2800195.300  2800237.300  2800283.300  2803319.300
   355:  2803379.300  2803437.300  2803494.300  2803766.300  2804073.300
   360:  2804094.300  2804284.300  2806419.300  2806436.300  2806481.300
   365:  2810181.300  2810194.300  2810216.300  2810243.300  2810447.300
   370:  2810811.300  2826568.300  2852228.300  2852337.300  2852453.300
   375:  2852716.300  2949074.300  3166739.300  3166906.300  3167408.300
   380:  3167666.300  3235524.300  3235748.300  3236034.300  3236341.300
   385:  3236388.300  3236591.300  3347753.300  3347763.300  3347909.300
   390:  3353447.300  3907143.300  4164469.300  4164676.300  4164684.300
   395:  4167428.300  4167492.300  4167824.300  4168052.300  4168099.300
   400:  4168171.300  4171829.300  4291925.300  4291937.300  4316579.300
   405:  4316769.300
D:
     0:        0.111     2736.600     5053.600     5069.600     5088.600
     5:     5106.600     5142.600     5184.600     5248.600     5259.600
    10:     5598.600     8730.200     8816.250     9012.250     9331.650
    15:     9340.650    15649.250    15693.250    17641.650    17661.650
    20:    18242.650    27579.650    27857.650    28098.650    30876.650
    25:    31127.650    31159.650    38299.250    39439.650    39501.650
    30:    39655.650    40730.650    40786.650    40824.650    40954.650
    35:    41807.250    42062.250    42446.250    42699.650    42968.250
    40:    50841.250    50861.250    50880.250    55650.650    56889.650
    45:    57206.250    91601.650    95988.650    99110.250    99960.650
    50:   104731.400   104776.410   104825.410   104870.410   104919.410
    55:   104964.410   105013.410   105013.610   105058.410   105107.410
    60:   105152.410   105157.420   105777.600   105805.600   105839.600
    65:   105862.600   105875.600   105895.600   105911.600   105969.600
    70:   107642.600   107688.600   107900.600   107921.600   107942.600
    75:   108175.600   108630.600   108658.600   108673.600   108704.600
    80:   108733.600   108766.600   108788.600   108839.600   108865.600
    85:   108879.600   109517.600   109898.600   110512.600   110542.600
    90:   112670.600   113362.600   115850.600   121704.600   128658.600
    95:   169362.600   171554.600   202207.600   227540.600   350168.600
   100:   356652.600   357284.600   367076.600   407727.600   407734.600
   105:   407754.600   408185.600   414597.600   414709.600   427792.200
   110:   427855.250   427879.250   436029.650   436086.650   436146.650
   115:   436754.650   439399.650   439478.650   523793.400   523838.410
   120:   523887.410   523932.410   523949.610   523981.410   524026.410
   125:   524075.410   524120.410   524169.410   524214.410   524219.420
   130:   524738.600   524799.600   524826.600   524829.600   524836.600
   135:   524841.600   524890.600   524910.600   524920.600   527218.600
   140:   528447.600   528792.600   528887.600   529583.600   529884.600
   145:   533207.600   533220.600   533361.600   536770.600   536789.600
   150:   536837.600   540634.600   570338.600   570366.600   570981.600
   155:   616825.600   616835.600   616858.600   617524.600   617540.600
   160:   617611.600   625317.600   792109.600   792137.600   795480.600
   165:   795529.600   795543.600   814732.200   814898.250   817069.250
   170:   817721.650   817918.650   826523.650   826528.650   826545.650
   175:   826654.650   827290.650   879472.650   879612.650   880509.650
   180:   910733.400   910778.410   910827.410   910840.610   910872.410
   185:   910921.410   910966.410   911015.410   911060.410   911109.410
   190:   911154.410   911159.420   914983.600   914987.600   915030.600
   195:   915598.600   917278.600   917287.600   917549.600   917985.600
   200:   928790.600  1029414.600  1029466.600  1029511.600  1034048.600
   205:  1034204.600  1086915.600  1087103.600  1104251.600  1104497.600
   210:  1109259.600  1109317.600  1109366.600  1121969.200  1122138.250
   215:  1122339.250  1122881.650  1168322.650  1203898.650  1203935.650
   220:  1209117.650  1213202.650  1213208.650  1213674.650  1213698.650
   225:  1214174.650  1217970.400  1218015.410  1218064.410  1218101.610
   230:  1218109.410  1218114.610  1218117.610  1218158.410  1218203.410
   235:  1218252.410  1218297.410  1218346.410  1218391.410  1218396.420
   240:  1221694.600  1221704.600  1221728.600  1221748.600  1221761.600
   245:  1221780.600  1221802.600  1221825.600  1221865.600  1221882.600
   250:  1221934.600  1221950.600  1221974.600  1221996.600  1222009.600
   255:  1222067.600  1222114.600  1222158.600  1222172.600  1222195.600
   260:  1222238.600  1222258.600  1222296.600  1222329.600  1222340.600
   265:  1222359.600  1222371.600  1222873.600  1223400.600  1225740.600
   270:  1225762.600  1225862.600  1232278.600  1241106.600  1241189.600
   275:  1242325.600  1254765.600  1254832.600  1254903.600  1255138.600
   280:  1255143.600  1255216.600  1265064.600  1274141.600  1274707.600
   285:  1282221.600  1332758.600  1333456.600  1350285.600  1359725.600
   290:  1366089.600  1366091.600  1366865.600  1383181.600  1383230.600
   295:  1404752.600  1404763.600  1404798.600  1433431.600  1433492.600
   300:  1442399.600  1443643.600  1443892.600  1460004.200  1530106.650
   305:  1530116.650  1538796.650  1539122.650  1539779.650  1539917.650
   310:  1546359.650  1546911.650  1546932.650  1556005.400  1556050.410
   315:  1556099.410  1556129.610  1556144.410  1556193.410  1556238.410
   320:  1556287.410  1556332.410  1556381.410  1556426.410  1556431.420
   325:  1556721.600  1556811.600  1556865.600  1556875.600  1556912.600
   330:  1556934.600  1556953.600  1556983.600  1557003.600  1557026.600
   335:  1557050.600  1557058.600  1557063.600  1557106.600  1557123.600
   340:  1557229.600  1557249.600  1557903.600  1558427.600  1558464.600
   345:  1558495.600  1558535.600  1558548.600  1558557.600  1558572.600
   350:  1558590.600  1560099.600  1560934.600  1561818.600  1566723.600
   355:  1566761.600  1587337.600  1587504.600  1639658.600  1639765.600
   360:  1639895.600  1639956.600  1640016.600  1640178.600  1651329.600
   365:  1651573.600  1651735.600  1651779.600  1651794.600  1698078.600
   370:  1699118.200  1726651.650  1781159.650  1795119.400  1795164.410
   375:  1795213.410  1795256.610  1795258.410  1795307.410  1795352.410
   380:  1795401.410  1795446.410  1795495.410  1795540.410  1795545.420
   385:  1796148.600  1796176.600  1797688.600  1798692.600  1798718.600
   390:  1798735.600  1798814.600  1798835.600  1798869.600  1798879.600
   395:  1798942.600  1799000.600  1799030.600  1799055.600  1799066.600
   400:  1799098.600  1799174.600  1799252.600  1799312.600  1799629.600
   405:  1799654.600  1799670.600  1799687.600  1799729.600  1799739.600
   410:  1799798.600  1799964.600  1799996.600  1800013.600  1800049.600
   415:  1800606.600  1801162.600  1803762.600  1803783.600  2694798.600
   420:  2696026.600  2704476.600  2704798.600  2705684.200  2705758.250
   425:  2760183.650  2760213.650  2760817.650  2762040.650  2791375.650
   430:  2793141.250  2793743.250  2801685.400  2801730.410  2801779.410
   435:  2801795.610  2801824.410  2801873.410  2801918.410  2801967.410
   440:  2802012.410  2802061.410  2802106.410  2802111.420  2802734.600
   445:  2802740.600  2802789.600  2802813.600  2802827.600  2802835.600
   450:  2802857.600  2802868.600  2802881.600  2802919.600  2802923.600
   455:  2802943.600  2803155.600  2803177.600  2803219.600  2803265.600
   460:  2806301.600  2806361.600  2806419.600  2806476.600  2806748.600
   465:  2807055.600  2807076.600  2807266.600  2809401.600  2809418.600
   470:  2809463.600  2813163.600  2813176.600  2813198.600  2813225.600
   475:  2813429.600  2813793.600  2829550.600  2855210.600  2855319.600
   480:  2855435.600  2855698.600  2952056.600  3169721.600  3169888.600
   485:  3170390.600  3170648.600  3238506.600  3238730.600  3239016.600
   490:  3239323.600  3239370.600  3239573.600  3350735.600  3350745.600
   495:  3350891.600  3356429.600  3910125.600  4167451.600  4167658.600
   500:  4167666.600  4170410.600  4170474.600  4170806.600  4171034.600
   505:  4171081.600  4171153.600  4174811.600  4294907.600  4294919.600
   510:  4319561.600  4319751.600  4322982.999
E:
     0:        5.200       16.300       28.800       43.200       59.900
     5:       80.100      105.300      139.300      191.600      330.300
F:
     0:        0.000        0.000        0.000        0.000        0.000
     5:        0.000
L:
     0:      281.000      155.000      106.000      130.000      123.000
     5:      136.000      109.000
M:
     0:        0.000        0.000        0.000        0.000        0.000
     5:        0.000
