File: C:\MED-PC IV\DATA\!2023-03-07_18h55m.Subject DF30


Start Date: 03/07/23
End Date: 03/08/23
Subject: DF30
Experiment: delayed_acquisition
Group: 1
Box: 10
Start Time: 18:55:50
End Time:  7:12:14
MSN: Delayed_Acquisition2_w_magmacro
G:       0.000
H:       0.000
I:       0.000
J:       0.000
K:       0.000
N:       0.000
O:       0.000
P:       0.000
Q:       0.000
R:       0.000
S:       0.000
T:       0.000
U:       0.000
V:       0.000
W:       0.000
X:       0.000
Y:       0.000
Z:       0.000
A:
     0:        2.000       60.000  4320000.000        1.000        0.000
     5:        1.000    96000.000        0.000       10.000        0.000
    10:        0.000        0.000        0.000        0.000        0.000
    15:        0.000        0.000        0.000        0.000        0.000
    20:        0.000        0.000        0.000        0.000        0.000
    25:        0.000        0.000        0.000        0.000        0.000
    30:        0.000        0.000        0.000        0.000        0.000
    35:        0.000        0.000        0.000        0.000        0.000
    40:        0.000        0.000        0.000        0.000        0.000
    45:        0.000        0.000        0.000        0.000        0.000
    50:        0.000        0.000        0.000        0.000        0.000
    55:        0.000        0.000        0.000        0.000        0.000
    60:        0.000        0.000        0.000        0.000        0.000
    65:        0.000        0.000        0.000        0.000        0.000
    70:        0.000        0.000        0.000        0.000        0.000
    75:        0.000        0.000        0.000        0.000        0.000
    80:        0.000        0.000        0.000        0.000        0.000
    85:        0.000        0.000        0.000        0.000        0.000
    90:        0.000        0.000        0.000        0.000        0.000
    95:        0.000        0.000        0.000        0.000        0.000
   100:        0.000
B:
     0:  4320000.000  4323408.000        1.000        8.000        0.000
     5:        0.000        0.000        8.000      747.000      839.000
    10:        0.000      659.000        8.000       15.000       59.000
    15:        0.000        8.000        0.000        0.000        0.000
    20:        0.000        0.000        0.000        0.000        0.000
    25:        0.000        0.000        0.000        0.000        0.000
    30:        0.968        0.000        0.000       80.000        0.000
    35:        0.000        0.000        0.000        0.000        0.000
    40:        0.000        0.000        0.000        0.000        0.000
    45:        0.000        0.000        0.000        0.000        0.000
    50:        0.000        0.000        0.000        0.000        0.000
    55:        0.000        0.000        0.000        0.000        0.000
    60:        0.000        0.000        0.000        0.000        0.000
    65:        0.000        0.000        0.000        0.000        0.000
    70:        0.000        0.000        0.000        0.000        0.000
    75:        0.000        0.000        0.000        0.000        0.000
    80:        0.000        0.000        0.000        0.000        0.000
    85:        0.000        0.000        0.000        0.000        0.000
    90:        0.000        0.000        0.000        0.000        0.000
    95:        0.000        0.000        0.000        0.000        0.000
   100:        0.000
C:
     0:     1005.300     1025.300    12145.300    14547.300    14572.300
     5:    14659.300    20817.300    21279.100   117280.200   117280.200
    10:   117280.200   117280.200   117280.200   117280.200   117280.200
    15:   117280.200   117280.200   117280.200   117704.300   117748.300
    20:   117772.300   117793.300   117813.300   117834.300   117856.300
    25:   117879.300   117900.300   117950.300   117971.300   118002.300
    30:   118013.300   118037.300   118057.300   118079.300   118098.300
    35:   118122.300   118141.300   118161.300   118180.300   118200.300
    40:   118223.300   118232.300   118241.300   118262.300   118283.300
    45:   118306.300   118324.300   118348.300   118362.300   118367.300
    50:   118387.300   118405.300   118429.300   118449.300   118470.300
    55:   118486.300   118508.300   118525.300   118545.300   118565.300
    60:   118585.300   118606.300   118621.300   118659.300   118681.300
    65:   118705.300   118722.300   118744.300   118766.300   118789.300
    70:   118806.300   118823.300   118833.300   118840.300   118860.300
    75:   118881.300   118899.300   118917.300   118935.300   119811.300
    80:   120111.300   120119.300   120127.300   120217.300   120251.300
    85:   120258.300   120272.300   120308.300   120382.300   120399.300
    90:   120409.300   120431.300   120450.300   120640.300   120644.300
    95:   120685.300   120713.300   120730.300   120761.300   120779.300
   100:   120798.300   120819.300   120832.300   120884.300   120888.300
   105:   120897.300   120910.300   120918.300   120951.300   120959.300
   110:   121127.300   121144.300   121205.300   121266.300   121289.300
   115:   122580.300   122666.300   124626.300   124649.300   124663.300
   120:   124866.300   128996.300   129035.300   129117.300   131303.300
   125:   152385.300   159807.300   159838.300   159862.300   176700.300
   130:   183256.300   183316.300   230206.300   230284.300   230287.300
   135:   230347.300   230432.300   230452.300   230573.300   230589.300
   140:   230623.300   232833.300   232916.300   241987.100   337988.200
   145:   337988.200   337988.200   337988.200   337988.200   337988.200
   150:   337988.200   337988.200   337988.200   337988.200   338587.300
   155:   338604.300   338636.300   338645.300   338650.300   338663.300
   160:   338688.300   340515.300   341335.300   341737.300   341801.300
   165:   341843.300   346101.300   346173.300   346654.300   346704.300
   170:   348185.300   348677.300   349854.300   351299.300   358645.300
   175:   359046.300   409926.300   410069.300   410159.300   416473.300
   180:   416477.300   416500.300   425465.300   429664.300   465488.300
   185:   465713.300   473145.300   478622.300   478632.300   480193.300
   190:   499543.300   499585.300   499687.300   548596.300   554480.300
   195:   554514.300   554605.300   554890.300   554907.300   561328.300
   200:   565715.300   567965.300   568048.300   568063.300   568100.300
   205:   568104.300   571381.300   574656.300   574875.300   574954.300
   210:   579510.300   586853.300   592642.300   592727.300   657481.300
   215:   659054.300   659166.300   659203.300   659217.300   659247.300
   220:   665586.300   669838.300   708917.300   708989.300   712344.300
   225:   712369.300   713070.300   713120.300   713153.300   719496.300
   230:   732830.300   732903.300   732917.300   741904.300   741986.300
   235:   742014.300   760423.100   856424.200   856424.200   856424.200
   240:   856424.200   856424.200   856424.200   856424.200   856424.200
   245:   856424.200   856424.200   859229.300   859780.300   859796.300
   250:   859802.300   859821.300   859841.300   859856.300   859864.300
   255:   859896.300   859956.300   859967.300   859983.300   860020.300
   260:   860064.300   860081.300   860107.300   860193.300   860203.300
   265:   860256.300   860306.300   860344.300   860390.300   860423.300
   270:   860873.300   861179.300   861572.300   861602.300   861723.300
   275:   861920.300   862083.300   862096.300   862111.300   862130.300
   280:   862139.300   862192.300   862204.300   862245.300   862421.300
   285:   862661.300   862718.300   862973.300   863088.300   863131.300
   290:   863438.300   863541.300   863555.300   863606.300   864582.300
   295:   864665.300   865260.300   865369.300   865383.300   866047.300
   300:   866747.300   866774.300   867236.300   867246.300   868753.300
   305:   869030.300   869194.300   869583.300   869613.300   869653.300
   310:   869673.300   871843.300   877210.300   877220.300   877231.300
   315:   877624.300   885461.300   890924.300   891126.300   891365.300
   320:   891375.300   891458.300   891516.300   896088.300   896164.300
   325:   896185.300   896192.300   896226.300   900123.300   900228.300
   330:   900260.300   900293.300   900326.300   900358.300   900406.300
   335:   900435.300   900506.300   900640.300   971413.300   971476.300
   340:   971664.300   971835.300   971851.300   974261.300   974265.300
   345:   974422.300   974436.300   974547.300   974888.100  1070889.200
   350:  1070889.200  1070889.200  1070889.200  1070889.200  1070889.200
   355:  1070889.200  1070889.200  1070889.200  1070889.200  1071256.300
   360:  1071282.300  1071305.300  1071372.300  1071381.300  1071396.300
   365:  1071419.300  1071443.300  1071463.300  1071493.300  1071516.300
   370:  1071540.300  1071567.300  1071595.300  1071612.300  1071636.300
   375:  1071659.300  1071677.300  1071696.300  1071720.300  1071728.300
   380:  1071750.300  1071772.300  1071799.300  1071851.300  1073064.300
   385:  1073794.300  1073819.300  1073874.300  1073895.300  1073917.300
   390:  1073941.300  1073952.300  1073960.300  1073987.300  1073990.300
   395:  1074014.300  1074037.300  1074074.300  1074123.300  1074213.300
   400:  1074819.300  1074885.300  1074894.300  1074903.300  1074935.300
   405:  1075032.300  1075218.300  1075229.300  1075397.300  1075965.300
   410:  1169609.300  1188523.300  1188560.300  1263874.300  1266106.300
   415:  1266191.300  1266504.300  1266553.300  1266600.300  1274235.300
   420:  1366128.300  1369168.300  1369259.300  1369291.300  1509639.100
   425:  1605640.200  1605640.200  1605640.200  1605640.200  1605640.200
   430:  1605640.200  1605640.200  1605640.200  1605640.200  1605640.200
   435:  1605905.300  1605927.300  1605933.300  1608155.300  1608803.300
   440:  1608927.300  1608951.300  1608973.300  1609011.300  1609024.300
   445:  1609049.300  1609110.300  1609120.300  1610257.300  1610366.300
   450:  1611533.300  1612567.300  1613022.300  1613397.300  1613411.300
   455:  1627013.300  1687395.300  1687431.300  1698834.300  1710387.300
   460:  1720379.300  1720514.300  1720613.300  1728205.300  1730519.300
   465:  1784092.300  1784122.300  1792737.100  1888738.200  1888738.200
   470:  1888738.200  1888738.200  1888738.200  1888738.200  1888738.200
   475:  1888738.200  1888738.200  1888738.200  1888980.300  1889023.300
   480:  1889050.300  1889074.300  1889103.300  1889125.300  1889153.300
   485:  1889178.300  1889189.300  1889217.300  1889228.300  1889239.300
   490:  1889262.300  1889284.300  1889309.300  1889360.300  1891026.300
   495:  1892503.300  1892576.300  1892672.300  1892725.300  1892773.300
   500:  1892850.300  1892856.300  1892861.300  1892907.300  1892923.300
   505:  1892932.300  1892945.300  1892963.300  1892980.300  1893064.300
   510:  1893078.300  1893087.300  1893156.300  1893193.300  1893202.300
   515:  1893869.300  1916399.300  1916517.300  2283717.100  2379718.200
   520:  2379718.200  2379718.200  2379718.200  2379718.200  2379718.200
   525:  2379718.200  2379718.200  2379718.200  2379718.200  2380102.300
   530:  2380115.300  2380259.300  2380309.300  2380343.300  2380390.300
   535:  2380409.300  2380434.300  2380447.300  2380467.300  2380491.300
   540:  2380506.300  2380528.300  2380551.300  2380559.300  2380578.300
   545:  2380609.300  2380635.300  2380653.300  2380672.300  2380690.300
   550:  2380702.300  2380727.300  2380746.300  2381829.300  2382208.300
   555:  2382525.300  2382664.300  2382675.300  2382828.300  2382896.300
   560:  2383447.300  2383627.300  2383846.300  2383906.300  2383943.300
   565:  2384011.300  2384246.300  2384257.300  2384292.300  2384307.300
   570:  2384894.300  2385046.300  2385405.300  2385645.300  2385674.300
   575:  2385692.300  2385783.300  2386299.300  2386474.300  2386520.300
   580:  2386584.300  2386992.300  2387118.300  2387126.300  2387279.300
   585:  2387349.300  2387375.300  2387400.300  2387550.300  2387652.300
   590:  2387693.300  2387747.300  2387882.300  2387968.300  2388200.300
   595:  2388319.300  2388351.300  2388358.300  2388725.300  2389524.300
   600:  2389593.300  2389735.300  2389770.300  2389794.300  2389899.300
   605:  2389940.300  2389968.300  2390199.300  2390218.300  2390324.300
   610:  2390347.300  2390377.300  2390395.300  2390407.300  2390424.300
   615:  2390434.300  2390447.300  2390467.300  2390490.300  2390554.300
   620:  2390591.300  2390652.300  2390667.300  2390855.300  2390863.300
   625:  2390982.300  2391122.300  2391148.300  2391195.300  2391205.300
   630:  2391306.300  2391544.300  2391620.300  2391705.300  2391719.300
   635:  2392796.300  2392879.300  2394447.300  2394560.300  2394814.300
   640:  2394903.300  2395028.300  2395858.300  2398309.300  2398345.300
   645:  2398842.300  2401092.300  2401168.300  2401219.300  2401242.300
   650:  2401762.300  2401793.300  2401995.300  2403960.300  2411841.300
   655:  2414571.100  2510572.200  2510572.200  2510572.200  2510572.200
   660:  2510572.200  2510572.200  2510572.200  2510572.200  2510572.200
   665:  2510572.200  2511563.300  2511589.300  2511609.300  2511636.300
   670:  2511659.300  2511672.300  2511699.300  2511716.300  2511731.300
   675:  2511744.300  2511754.300  2511765.300  2511783.300  2511796.300
   680:  2511821.300  2513802.300  2514714.300  2514766.300  2514855.300
   685:  2514907.300  2515326.300  2515348.300  2515374.300  2515393.300
   690:  2515415.300  2515432.300  2515443.300  2515455.300  2515475.300
   695:  2515494.300  2515514.300  2515529.300  2515539.300  2515547.300
   700:  2515563.300  2515593.300  2515609.300  2515635.300  2515997.300
   705:  2516472.300  2516484.300  2516532.300  2516557.300  2516577.300
   710:  2516592.300  2516599.300  2516622.300  2516645.300  2516700.300
   715:  2516719.300  2516776.300  2516801.300  2517886.300  2517892.300
   720:  2518590.300  2518779.300  2520140.300  2520252.300  2521183.300
   725:  2521740.300  2521895.300  2523912.300  2530159.300  2530413.300
   730:  2530479.300  2547347.300  2547412.300  2547454.300  2547507.300
   735:  2547792.300  2623487.300  2623757.300  2623830.300  2623927.300
   740:  2623994.300  2627399.300  2627436.300  2627445.300  2627578.300
   745:  3416405.300  3416592.300
D:
     0:        0.111     1005.600     1025.600    12145.600    14547.600
     5:    14572.600    14659.600    20817.600    21279.200    21304.250
    10:    21412.650    31031.650    31063.650    31521.650    31597.650
    15:    49315.250    49746.650    49815.650    53659.650    70099.650
    20:    70127.650    70164.650    76397.650    76403.650    79551.650
    25:    82837.650   112648.650   117280.400   117325.410   117374.410
    30:   117379.610   117419.410   117468.410   117513.410   117562.410
    35:   117607.410   117656.410   117701.410   117706.420   118130.600
    40:   118174.600   118198.600   118219.600   118239.600   118260.600
    45:   118282.600   118305.600   118326.600   118376.600   118397.600
    50:   118428.600   118439.600   118463.600   118483.600   118505.600
    55:   118524.600   118548.600   118567.600   118587.600   118606.600
    60:   118626.600   118649.600   118658.600   118667.600   118688.600
    65:   118709.600   118732.600   118750.600   118774.600   118788.600
    70:   118793.600   118813.600   118831.600   118855.600   118875.600
    75:   118896.600   118912.600   118934.600   118951.600   118971.600
    80:   118991.600   119011.600   119032.600   119047.600   119085.600
    85:   119107.600   119131.600   119148.600   119170.600   119192.600
    90:   119215.600   119232.600   119249.600   119259.600   119266.600
    95:   119286.600   119307.600   119325.600   119343.600   119361.600
   100:   120237.600   120537.600   120545.600   120553.600   120643.600
   105:   120677.600   120684.600   120698.600   120734.600   120808.600
   110:   120825.600   120835.600   120857.600   120876.600   121066.600
   115:   121070.600   121111.600   121139.600   121156.600   121187.600
   120:   121205.600   121224.600   121245.600   121258.600   121310.600
   125:   121314.600   121323.600   121336.600   121344.600   121377.600
   130:   121385.600   121553.600   121570.600   121631.600   121692.600
   135:   121715.600   123006.600   123092.600   125052.600   125075.600
   140:   125089.600   125292.600   129422.600   129461.600   129543.600
   145:   131729.600   152811.600   160233.600   160264.600   160288.600
   150:   177126.600   183682.600   183742.600   230632.600   230710.600
   155:   230713.600   230773.600   230858.600   230878.600   230999.600
   160:   231015.600   231049.600   233259.600   233342.600   242413.200
   165:   242556.650   242609.650   252480.650   314453.650   338165.650
   170:   338414.400   338459.410   338508.410   338545.610   338553.410
   175:   338602.410   338647.410   338696.410   338741.410   338790.410
   180:   338835.410   338840.420   339439.600   339456.600   339488.600
   185:   339497.600   339502.600   339515.600   339540.600   341367.600
   190:   342187.600   342589.600   342653.600   342695.600   346953.600
   195:   347025.600   347506.600   347556.600   349037.600   349529.600
   200:   350706.600   352151.600   359497.600   359898.600   410778.600
   205:   410921.600   411011.600   417325.600   417329.600   417352.600
   210:   426317.600   430516.600   466340.600   466565.600   473997.600
   215:   479474.600   479484.600   481045.600   500395.600   500437.600
   220:   500539.600   549448.600   555332.600   555366.600   555457.600
   225:   555742.600   555759.600   562180.600   566567.600   568817.600
   230:   568900.600   568915.600   568952.600   568956.600   572233.600
   235:   575508.600   575727.600   575806.600   580362.600   587705.600
   240:   593494.600   593579.600   658333.600   659906.600   660018.600
   245:   660055.600   660069.600   660099.600   666438.600   670690.600
   250:   709769.600   709841.600   713196.600   713221.600   713922.600
   255:   713972.600   714005.600   720348.600   733682.600   733755.600
   260:   733769.600   742756.600   742838.600   742866.600   761275.200
   265:   761568.650   761906.650   763605.650   766949.250   766991.250
   270:   767017.250   781901.650   781942.650   782027.650   782070.650
   275:   782122.650   784886.250   784949.650   788132.650   788173.650
   280:   833581.650   857276.400   857321.410   857350.610   857370.410
   285:   857415.410   857464.410   857509.410   857558.410   857603.410
   290:   857652.410   857697.410   857702.420   860507.600   861058.600
   295:   861074.600   861080.600   861099.600   861119.600   861134.600
   300:   861142.600   861174.600   861234.600   861245.600   861261.600
   305:   861298.600   861342.600   861359.600   861385.600   861471.600
   310:   861481.600   861534.600   861584.600   861622.600   861668.600
   315:   861701.600   862151.600   862457.600   862850.600   862880.600
   320:   863001.600   863198.600   863361.600   863374.600   863389.600
   325:   863408.600   863417.600   863470.600   863482.600   863523.600
   330:   863699.600   863939.600   863996.600   864251.600   864366.600
   335:   864409.600   864716.600   864819.600   864833.600   864884.600
   340:   865860.600   865943.600   866538.600   866647.600   866661.600
   345:   867325.600   868025.600   868052.600   868514.600   868524.600
   350:   870031.600   870308.600   870472.600   870861.600   870891.600
   355:   870931.600   870951.600   873121.600   878488.600   878498.600
   360:   878509.600   878902.600   886739.600   892202.600   892404.600
   365:   892643.600   892653.600   892736.600   892794.600   897366.600
   370:   897442.600   897463.600   897470.600   897504.600   901401.600
   375:   901506.600   901538.600   901571.600   901604.600   901636.600
   380:   901684.600   901713.600   901784.600   901918.600   972691.600
   385:   972754.600   972942.600   973113.600   973129.600   975539.600
   390:   975543.600   975700.600   975714.600   975825.600   976166.200
   395:   976182.250   976211.250   976267.250   976371.250   978541.650
   400:  1023131.650  1023475.650  1025390.650  1025464.650  1028605.650
   405:  1031307.650  1040844.250  1072167.400  1072212.410  1072261.410
   410:  1072272.610  1072306.410  1072355.410  1072400.410  1072449.410
   415:  1072494.410  1072543.410  1072588.410  1072593.420  1072960.600
   420:  1072986.600  1073009.600  1073076.600  1073085.600  1073100.600
   425:  1073123.600  1073147.600  1073167.600  1073197.600  1073220.600
   430:  1073244.600  1073271.600  1073299.600  1073316.600  1073340.600
   435:  1073363.600  1073381.600  1073400.600  1073424.600  1073432.600
   440:  1073454.600  1073476.600  1073503.600  1073555.600  1074768.600
   445:  1075498.600  1075523.600  1075578.600  1075599.600  1075621.600
   450:  1075645.600  1075656.600  1075664.600  1075691.600  1075694.600
   455:  1075718.600  1075741.600  1075778.600  1075827.600  1075917.600
   460:  1076523.600  1076589.600  1076598.600  1076607.600  1076639.600
   465:  1076736.600  1076922.600  1076933.600  1077101.600  1077669.600
   470:  1171313.600  1190227.600  1190264.600  1265578.600  1267810.600
   475:  1267895.600  1268208.600  1268257.600  1268304.600  1275939.600
   480:  1367832.600  1370872.600  1370963.600  1370995.600  1511343.200
   485:  1511364.250  1511549.650  1523288.650  1523356.650  1523442.650
   490:  1523478.650  1523531.650  1523565.650  1523601.650  1607344.400
   495:  1607389.410  1607438.410  1607460.610  1607483.410  1607532.410
   500:  1607577.410  1607626.410  1607671.410  1607720.410  1607765.410
   505:  1607770.420  1608035.600  1608057.600  1608063.600  1610285.600
   510:  1610933.600  1611057.600  1611081.600  1611103.600  1611141.600
   515:  1611154.600  1611179.600  1611240.600  1611250.600  1612387.600
   520:  1612496.600  1613663.600  1614697.600  1615152.600  1615527.600
   525:  1615541.600  1629143.600  1689525.600  1689561.600  1700964.600
   530:  1712517.600  1722509.600  1722644.600  1722743.600  1730335.600
   535:  1732649.600  1786222.600  1786252.600  1794867.200  1794922.250
   540:  1795085.650  1795122.650  1800120.650  1800289.650  1840918.650
   545:  1890868.400  1890913.410  1890949.610  1890962.410  1891007.410
   550:  1891056.410  1891101.410  1891150.410  1891195.410  1891244.410
   555:  1891289.410  1891294.420  1891536.600  1891579.600  1891606.600
   560:  1891630.600  1891659.600  1891681.600  1891709.600  1891734.600
   565:  1891745.600  1891773.600  1891784.600  1891795.600  1891818.600
   570:  1891840.600  1891865.600  1891916.600  1893582.600  1895059.600
   575:  1895132.600  1895228.600  1895281.600  1895329.600  1895406.600
   580:  1895412.600  1895417.600  1895463.600  1895479.600  1895488.600
   585:  1895501.600  1895519.600  1895536.600  1895620.600  1895634.600
   590:  1895643.600  1895712.600  1895749.600  1895758.600  1896425.600
   595:  1918955.600  1919073.600  2286273.200  2286472.650  2298060.250
   600:  2298455.250  2382274.400  2382319.410  2382344.610  2382368.410
   605:  2382413.410  2382462.410  2382507.410  2382556.410  2382601.410
   610:  2382650.410  2382695.410  2382700.420  2383084.600  2383097.600
   615:  2383241.600  2383291.600  2383325.600  2383372.600  2383391.600
   620:  2383416.600  2383429.600  2383449.600  2383473.600  2383488.600
   625:  2383510.600  2383533.600  2383541.600  2383560.600  2383591.600
   630:  2383617.600  2383635.600  2383654.600  2383672.600  2383684.600
   635:  2383709.600  2383728.600  2384811.600  2385190.600  2385507.600
   640:  2385646.600  2385657.600  2385810.600  2385878.600  2386429.600
   645:  2386609.600  2386828.600  2386888.600  2386925.600  2386993.600
   650:  2387228.600  2387239.600  2387274.600  2387289.600  2387876.600
   655:  2388028.600  2388387.600  2388627.600  2388656.600  2388674.600
   660:  2388765.600  2389281.600  2389456.600  2389502.600  2389566.600
   665:  2389974.600  2390100.600  2390108.600  2390261.600  2390331.600
   670:  2390357.600  2390382.600  2390532.600  2390634.600  2390675.600
   675:  2390729.600  2390864.600  2390950.600  2391182.600  2391301.600
   680:  2391333.600  2391340.600  2391707.600  2392506.600  2392575.600
   685:  2392717.600  2392752.600  2392776.600  2392881.600  2392922.600
   690:  2392950.600  2393181.600  2393200.600  2393306.600  2393329.600
   695:  2393359.600  2393377.600  2393389.600  2393406.600  2393416.600
   700:  2393429.600  2393449.600  2393472.600  2393536.600  2393573.600
   705:  2393634.600  2393649.600  2393837.600  2393845.600  2393964.600
   710:  2394104.600  2394130.600  2394177.600  2394187.600  2394288.600
   715:  2394526.600  2394602.600  2394687.600  2394701.600  2395778.600
   720:  2395861.600  2397429.600  2397542.600  2397796.600  2397885.600
   725:  2398010.600  2398840.600  2401291.600  2401327.600  2401824.600
   730:  2404074.600  2404150.600  2404201.600  2404224.600  2404744.600
   735:  2404775.600  2404977.600  2406942.600  2414823.600  2417553.200
   740:  2417716.650  2418399.650  2418636.650  2420295.650  2420308.650
   745:  2513554.400  2513599.410  2513648.410  2513660.610  2513693.410
   750:  2513742.410  2513787.410  2513836.410  2513881.410  2513930.410
   755:  2513975.410  2513980.420  2514971.600  2514997.600  2515017.600
   760:  2515044.600  2515067.600  2515080.600  2515107.600  2515124.600
   765:  2515139.600  2515152.600  2515162.600  2515173.600  2515191.600
   770:  2515204.600  2515229.600  2517210.600  2518122.600  2518174.600
   775:  2518263.600  2518315.600  2518734.600  2518756.600  2518782.600
   780:  2518801.600  2518823.600  2518840.600  2518851.600  2518863.600
   785:  2518883.600  2518902.600  2518922.600  2518937.600  2518947.600
   790:  2518955.600  2518971.600  2519001.600  2519017.600  2519043.600
   795:  2519405.600  2519880.600  2519892.600  2519940.600  2519965.600
   800:  2519985.600  2520000.600  2520007.600  2520030.600  2520053.600
   805:  2520108.600  2520127.600  2520184.600  2520209.600  2521294.600
   810:  2521300.600  2521998.600  2522187.600  2523548.600  2523660.600
   815:  2524591.600  2525148.600  2525303.600  2527320.600  2533567.600
   820:  2533821.600  2533887.600  2550755.600  2550820.600  2550862.600
   825:  2550915.600  2551200.600  2626895.600  2627165.600  2627238.600
   830:  2627335.600  2627402.600  2630807.600  2630844.600  2630853.600
   835:  2630986.600  3419813.600  3420000.600  4323408.999
E:
     0:        5.200       16.300       28.800       43.200       59.900
     5:       80.100      105.300      139.300      191.600      330.300
F:
     0:        0.000        0.000        0.000        0.000        0.000
     5:        0.000
L:
     0:       98.000      130.000       73.000      104.000      115.000
     5:       80.000       69.000      105.000
M:
     0:        0.000        0.000        0.000        0.000        0.000
     5:        0.000
