File: C:\MED-PC IV\DATA\!2023-03-03_19h13m.Subject DF23


Start Date: 03/03/23
End Date: 03/04/23
Subject: DF23
Experiment: delayed_acquisition
Group: 1
Box: 3
Start Time: 19:13:56
End Time:  7:26:18
MSN: Delayed_AcquisitionYoked2_w_magmacro
G:       0.000
H:       0.000
I:       0.000
J:       0.000
K:       0.000
N:       0.000
O:       0.000
P:       0.000
Q:       0.000
R:       0.000
S:       0.000
T:       0.000
U:       0.000
V:       0.000
W:       0.000
X:       2.000
Y:       0.000
Z:       0.000
A:
     0:        2.000       60.000  4320000.000        1.000        0.000
     5:        1.000    96000.000        1.000       10.000        0.000
    10:        0.000        0.000        0.000        0.000        0.000
    15:        0.000        0.000        0.000        0.000        0.000
    20:        0.000        0.000        0.000        0.000        0.000
    25:        0.000        0.000        0.000        0.000        0.000
    30:        0.000        0.000        0.000        0.000        0.000
    35:        0.000        0.000        0.000        0.000        0.000
    40:        0.000        0.000        0.000        0.000        0.000
    45:        0.000        0.000        0.000        0.000        0.000
    50:        0.000        0.000        0.000        0.000        0.000
    55:        0.000        0.000        0.000        0.000        0.000
    60:        0.000        0.000        0.000        0.000        0.000
    65:        0.000        0.000        0.000        0.000        0.000
    70:        0.000        0.000        0.000        0.000        0.000
    75:        0.000        0.000        0.000        0.000        0.000
    80:        0.000        0.000        0.000        0.000        0.000
    85:        0.000        0.000        0.000        0.000        0.000
    90:        0.000        0.000        0.000        0.000        0.000
    95:        0.000        0.000        0.000        0.000        0.000
   100:        0.000
B:
     0:  4320000.000  4321704.000        1.000       20.000        0.000
     5:        0.000        0.000        4.000      684.000      749.000
    10:        0.000      624.000        4.000        4.000       51.000
    15:        0.000        4.000        0.000        0.000        0.000
    20:        0.000        0.000        0.000        0.000        0.000
    25:        0.000        0.000        0.000        0.000        0.000
    30:        1.310        0.000        0.000       40.000        0.000
    35:        0.000        0.000        0.000        0.000        0.000
    40:        0.000        0.000        0.000        0.000        0.000
    45:        0.000        0.000        0.000        0.000        0.000
    50:        0.000        0.000        0.000        0.000        0.000
    55:        0.000        0.000        0.000        0.000        0.000
    60:        0.000        0.000        0.000        0.000        0.000
    65:        0.000        0.000        0.000        0.000        0.000
    70:        0.000        0.000        0.000        0.000        0.000
    75:        0.000        0.000        0.000        0.000        0.000
    80:        0.000        0.000        0.000        0.000        0.000
    85:        0.000        0.000        0.000        0.000        0.000
    90:        0.000        0.000        0.000        0.000        0.000
    95:        0.000        0.000        0.000        0.000        0.000
   100:        0.000
C:
     0:      152.300      212.300     1318.100     1341.100     5123.300
     5:     5229.300     5383.300     5437.300     6500.100     6620.100
    10:     6697.100    10906.300    10989.300    11206.300    11410.300
    15:    11465.300    12356.300    12462.300    20341.300    20374.300
    20:    20383.300    20576.300    30158.300    30715.300    31425.300
    25:    31981.300    32502.300    37773.300   135238.200   135238.200
    30:   135238.200   135238.200   135238.200   135238.200   135238.200
    35:   135238.200   135238.200   135238.200   136039.300   136059.300
    40:   136090.300   136114.300   136197.300   136226.300   136248.300
    45:   136274.300   136287.300   136298.300   136325.300   136339.300
    50:   136349.300   136372.300   136385.300   136396.300   136418.300
    55:   136429.300   136444.300   136459.300   136484.300   136668.300
    60:   137182.300   137306.300   137316.300   138530.300   138570.300
    65:   138583.300   138937.300   140005.300   140014.300   140045.300
    70:   140063.300   140132.300   140203.300   140212.300   140224.300
    75:   140238.300   140254.300   140268.300   140290.300   140336.300
    80:   140372.300   140392.300   140404.300   140425.300   140439.300
    85:   140466.300   140481.300   140492.300   140514.300   140529.300
    90:   140547.300   140565.300   141690.300   141716.300   141725.300
    95:   141738.300   141756.300   141776.300   141790.300   141846.300
   100:   141862.300   141877.300   141915.300   141918.300   141930.300
   105:   141949.300   142034.300   142279.300   142307.300   142338.300
   110:   142355.300   142377.300   142387.300   142527.300   146909.300
   115:   146917.300   146956.300   165401.300   168177.300   168182.300
   120:   169654.300   172085.300   172567.300   172662.300   189551.300
   125:   192770.100   192785.100   199321.300   216692.300   218938.300
   130:   227099.300   227203.300   239760.300   268669.300   283889.300
   135:   286850.300   289851.300   295862.300   311990.300   312540.300
   140:   313457.300   313474.300   314293.300   331617.300   331881.300
   145:   331884.300   331905.300   337801.300   338676.300   338684.300
   150:   338708.300   338852.300   338992.300   373869.300   373899.300
   155:   373925.300   373947.300   373982.300   374808.300   477915.200
   160:   477915.200   477915.200   477915.200   477915.200   477915.200
   165:   477915.200   477915.200   477915.200   477915.200   482329.300
   170:   488406.300   488417.300   490367.300   503559.300   529919.300
   175:   529924.300   530071.300   532380.300   546233.300   561245.300
   180:   561262.300   565857.300   584909.300   585582.300   585666.300
   185:   635900.300   649254.300   650947.300   651001.300   651200.300
   190:   684797.300   685206.300   687899.300   688057.300   705792.300
   195:   714952.300   716423.300   741158.300   742049.300   750202.300
   200:   751905.300   751941.300   778647.300   778655.300   778839.300
   205:   779215.300   782545.300   791255.300   791398.300   791572.300
   210:   809560.300   813598.300   831546.300   833248.300   833609.300
   215:   839182.300   841302.300   886351.300   895449.300   895515.300
   220:   895565.300   899526.300   909837.300   910119.300   912136.300
   225:   912167.300   918000.300   939389.300   939397.300   939423.300
   230:   939461.300   939684.300   939783.300   939862.300   939937.300
   235:   942508.300   943659.300   944086.300   944180.300   944444.300
   240:   944463.300   944691.300   945160.300   945218.300   954857.300
   245:   956173.300   956235.300   956330.300   956337.300   956373.300
   250:   956381.300   979884.300   980314.300   980605.300   983736.300
   255:   986122.300  1011247.300  1048602.300  1051936.300  1056980.300
   260:  1057227.300  1059456.300  1060784.300  1060861.300  1061013.300
   265:  1061275.300  1086181.300  1089746.300  1089799.300  1090517.300
   270:  1102181.300  1102920.300  1160407.300  1160734.300  1166841.300
   275:  1171149.300  1174096.300  1176709.300  1181553.300  1181636.300
   280:  1183648.300  1186500.300  1188744.300  1191489.100  1191840.300
   285:  1191903.300  1220553.300  1220865.300  1221160.300  1225135.300
   290:  1225622.300  1229348.300  1229568.300  1230640.300  1231234.300
   295:  1234043.300  1240938.300  1240963.300  1243072.300  1244217.300
   300:  1244391.300  1244405.300  1244472.300  1244497.300  1244532.300
   305:  1244796.300  1261758.300  1264854.300  1273116.300  1273163.300
   310:  1274120.300  1276688.300  1281217.300  1287983.300  1319505.300
   315:  1319537.300  1319552.300  1320029.300  1320150.300  1321500.300
   320:  1326891.300  1326956.300  1333137.300  1335614.300  1335620.300
   325:  1335674.300  1345855.300  1351213.300  1354812.300  1361510.300
   330:  1364496.300  1364835.300  1365671.300  1366805.300  1366873.300
   335:  1366880.300  1366888.300  1366892.300  1366908.300  1367108.300
   340:  1367379.300  1367393.300  1367406.300  1368031.300  1368094.300
   345:  1368117.300  1368974.300  1377179.300  1377213.300  1378123.300
   350:  1383132.300  1384029.300  1384069.300  1384084.300  1400200.300
   355:  1405867.300  1405911.300  1406203.300  1406299.300  1407927.300
   360:  1409368.300  1409715.300  1409852.300  1412235.300  1412336.300
   365:  1413230.300  1414968.300  1417582.300  1418317.300  1434874.300
   370:  1435053.300  1435291.300  1435609.300  1440698.300  1443569.300
   375:  1443667.300  1451594.300  1451638.300  1454290.300  1454613.300
   380:  1454675.300  1458594.300  1458874.300  1458887.300  1463223.300
   385:  1463997.300  1464012.300  1464497.300  1470817.300  1473974.300
   390:  1474105.300  1474308.300  1478597.300  1492002.300  1492498.300
   395:  1492534.300  1498150.300  1498180.300  1498826.300  1498878.300
   400:  1527502.300  1527996.300  1529786.300  1529824.300  1534066.300
   405:  1576339.300  1577191.300  1581165.300  1594286.300  1616614.300
   410:  1624823.300  1625151.300  1628368.300  1628437.300  1632506.300
   415:  1632646.300  1632665.300  1639612.300  1647680.300  1655638.300
   420:  1655736.300  1679673.300  1679688.300  1689243.300  1689265.300
   425:  1692239.300  1695521.300  1696154.300  1702760.300  1702804.300
   430:  1716669.300  1726987.300  1730051.300  1734267.300  1735700.300
   435:  1736095.300  1736147.300  1736470.300  1736516.300  1740358.300
   440:  1740813.300  1740834.300  1740860.300  1741020.300  1747928.300
   445:  1752759.300  1753888.300  1767027.300  1767066.300  1768442.300
   450:  1768478.300  1770322.300  1770378.300  1771623.300  1771638.300
   455:  1777366.300  1777404.300  1777659.300  1777736.300  1777826.300
   460:  1786594.300  1789043.300  1790580.300  1790640.300  1801022.300
   465:  1801045.300  1821098.300  1826774.300  1826784.300  1830269.300
   470:  1830359.300  1832906.300  1833010.300  1833089.300  1834140.300
   475:  1834582.300  1841024.300  1843743.300  1854799.300  1855378.300
   480:  1857659.300  1861117.300  1861135.300  1861414.300  1866080.300
   485:  1867720.300  1884214.300  1885550.300  1888954.300  1900200.300
   490:  1900346.300  1900629.300  1901720.300  1901799.300  1901812.300
   495:  1919716.300  1920010.300  1936959.300  1943169.300  2127620.200
   500:  2127620.200  2127620.200  2127620.200  2127620.200  2127620.200
   505:  2127620.200  2127620.200  2127620.200  2127620.200  2129685.300
   510:  2129709.300  2129739.300  2129750.300  2129770.300  2129789.300
   515:  2129811.300  2129834.300  2129858.300  2129894.300  2129914.300
   520:  2133466.300  2133908.300  2134178.300  2134191.300  2134307.300
   525:  2143740.300  2144998.300  2145028.300  2145058.300  2145114.300
   530:  2145153.300  2145194.300  2145204.300  2145221.300  2145262.300
   535:  2145283.300  2145413.300  2145458.300  2151250.100  2152281.300
   540:  2156772.300  2159043.300  2219915.300  2228501.300  2248383.300
   545:  2250651.300  2251525.300  2251592.300  2251630.300  2360505.300
   550:  2366159.300  2366201.300  2366659.300  2366880.300  2368835.300
   555:  2377379.300  2399803.300  2401677.300  2401752.300  2402097.300
   560:  2402248.300  2402304.300  2402523.300  2402571.300  2402675.300
   565:  2402788.300  2402809.300  2409020.300  2413092.100  2413456.100
   570:  2413754.100  2413897.100  2432142.300  2432515.300  2436713.300
   575:  2436941.300  2436961.300  2437049.300  2443124.300  2443152.300
   580:  2446289.300  2452967.300  2457681.300  2466383.300  2502347.300
   585:  2537259.300  2538980.300  2878282.300  3147966.300  3149430.300
   590:  3152922.300  3153121.300  3153974.300  3157059.300  3162760.300
   595:  3169507.300  3173506.300  3384884.200  3384884.200  3384884.200
   600:  3384884.200  3384884.200  3384884.200  3384884.200  3384884.200
   605:  3384884.200  3384884.200  3386606.300  3389418.300  3389708.300
   610:  3391290.300  3391552.300  3391574.300  3391598.300  3391670.300
   615:  3394169.300  3394538.300  3401678.300  3401778.300  3410975.300
   620:  3411026.300  3411053.300  3411253.300  3412909.100  3412955.300
   625:  3441036.300  3441417.300  3441581.300  3441631.300  3442477.300
   630:  3442627.300  3442634.300  3442636.300  3467003.300  3467231.300
   635:  3469228.100  3469346.100  3469497.100  3469731.100  3469953.100
   640:  3486978.300  3941002.300  3941851.300  3947772.300  3948956.300
   645:  3951128.300  3951185.300  3951795.300  3952171.300  3952238.300
   650:  3952255.300  3952891.300  3957155.300  3957191.300  3957539.300
   655:  3957857.300  3957908.300  3958780.300  3962420.300  4014094.300
   660:  4054211.300  4055138.300  4066435.300  4066783.300  4068044.300
   665:  4068098.300  4068382.300  4068927.300  4069076.300  4069092.300
   670:  4069178.300  4069202.300  4069340.300  4069429.300  4096472.300
   675:  4097855.300  4105551.100  4146735.300  4162133.300  4178709.300
   680:  4276414.300  4286417.300  4295745.300  4297081.300
D:
     0:        0.111      152.600      212.600     1318.200     1341.200
     5:     5123.600     5229.600     5383.600     5437.600     6500.200
    10:     6620.200     6697.200    10906.600    10989.600    11206.600
    15:    11410.600    11465.600    12356.600    12462.600    20341.600
    20:    20374.600    20383.600    20576.600    30158.600    30715.600
    25:    31425.600    31981.600    32502.600    37773.600    59531.650
    30:    70461.650    72607.650    72771.650    72854.650    78285.250
    35:    78928.250    85064.650    85750.650    95606.650    95645.650
    40:    95735.650   113981.650   114026.650   116346.650   123316.650
    45:   135238.400   135283.410   135332.410   135377.410   135398.610
    50:   135426.410   135471.410   135520.410   135565.410   135614.410
    55:   135659.410   135664.420   136465.600   136485.600   136516.600
    60:   136540.600   136623.600   136652.600   136674.600   136700.600
    65:   136713.600   136724.600   136751.600   136765.600   136775.600
    70:   136798.600   136811.600   136822.600   136844.600   136855.600
    75:   136870.600   136885.600   136910.600   137094.600   137608.600
    80:   137732.600   137742.600   138956.600   138996.600   139009.600
    85:   139363.600   140431.600   140440.600   140471.600   140489.600
    90:   140558.600   140629.600   140638.600   140650.600   140664.600
    95:   140680.600   140694.600   140716.600   140762.600   140798.600
   100:   140818.600   140830.600   140851.600   140865.600   140892.600
   105:   140907.600   140918.600   140940.600   140955.600   140973.600
   110:   140991.600   142116.600   142142.600   142151.600   142164.600
   115:   142182.600   142202.600   142216.600   142272.600   142288.600
   120:   142303.600   142341.600   142344.600   142356.600   142375.600
   125:   142460.600   142705.600   142733.600   142764.600   142781.600
   130:   142803.600   142813.600   142953.600   147335.600   147343.600
   135:   147382.600   165827.600   168603.600   168608.600   170080.600
   140:   172511.600   172993.600   173088.600   189977.600   193196.200
   145:   193211.200   199747.600   217118.600   219364.600   227525.600
   150:   227629.600   240186.600   269095.600   284315.600   287276.600
   155:   290277.600   296288.600   312416.600   312966.600   313883.600
   160:   313900.600   314719.600   332043.600   332307.600   332310.600
   165:   332331.600   338227.600   339102.600   339110.600   339134.600
   170:   339278.600   339418.600   374295.600   374325.600   374351.600
   175:   374373.600   374408.600   375234.600   383650.650   384966.250
   180:   384975.250   385068.650   395117.650   395244.650   396276.650
   185:   410440.650   411596.650   412606.650   412701.650   423886.650
   190:   435962.650   436010.650   440384.650   440603.650   454848.650
   195:   460737.650   461591.650   461900.650   462638.650   465155.650
   200:   465179.650   470130.650   478341.400   478386.410   478425.610
   205:   478435.410   478480.410   478529.410   478574.410   478623.410
   210:   478668.410   478717.410   478762.410   478767.420   483181.600
   215:   489258.600   489269.600   491219.600   504411.600   530771.600
   220:   530776.600   530923.600   533232.600   547085.600   562097.600
   225:   562114.600   566709.600   585761.600   586434.600   586518.600
   230:   636752.600   650106.600   651799.600   651853.600   652052.600
   235:   685649.600   686058.600   688751.600   688909.600   706644.600
   240:   715804.600   717275.600   742010.600   742901.600   751054.600
   245:   752757.600   752793.600   779499.600   779507.600   779691.600
   250:   780067.600   783397.600   792107.600   792250.600   792424.600
   255:   810412.600   814450.600   832398.600   834100.600   834461.600
   260:   840034.600   842154.600   887203.600   896301.600   896367.600
   265:   896417.600   900378.600   910689.600   910971.600   912988.600
   270:   913019.600   918852.600   940241.600   940249.600   940275.600
   275:   940313.600   940536.600   940635.600   940714.600   940789.600
   280:   943360.600   944511.600   944938.600   945032.600   945296.600
   285:   945315.600   945543.600   946012.600   946070.600   955709.600
   290:   957025.600   957087.600   957182.600   957189.600   957225.600
   295:   957233.600   980736.600   981166.600   981457.600   984588.600
   300:   986974.600  1012099.600  1049454.600  1052788.600  1057832.600
   305:  1058079.600  1060308.600  1061636.600  1061713.600  1061865.600
   310:  1062127.600  1087033.600  1090598.600  1090651.600  1091369.600
   315:  1103033.600  1103772.600  1161259.600  1161586.600  1167693.600
   320:  1172001.600  1174948.600  1177561.600  1182405.600  1182488.600
   325:  1184500.600  1187352.600  1189596.600  1192341.200  1192692.600
   330:  1192755.600  1221405.600  1221717.600  1222012.600  1225987.600
   335:  1226474.600  1230200.600  1230420.600  1231492.600  1232086.600
   340:  1234895.600  1241790.600  1241815.600  1243924.600  1245069.600
   345:  1245243.600  1245257.600  1245324.600  1245349.600  1245384.600
   350:  1245648.600  1262610.600  1265706.600  1273968.600  1274015.600
   355:  1274972.600  1277540.600  1282069.600  1288835.600  1320357.600
   360:  1320389.600  1320404.600  1320881.600  1321002.600  1322352.600
   365:  1327743.600  1327808.600  1333989.600  1336466.600  1336472.600
   370:  1336526.600  1346707.600  1352065.600  1355664.600  1362362.600
   375:  1365348.600  1365687.600  1366523.600  1367657.600  1367725.600
   380:  1367732.600  1367740.600  1367744.600  1367760.600  1367960.600
   385:  1368231.600  1368245.600  1368258.600  1368883.600  1368946.600
   390:  1368969.600  1369826.600  1378031.600  1378065.600  1378975.600
   395:  1383984.600  1384881.600  1384921.600  1384936.600  1401052.600
   400:  1406719.600  1406763.600  1407055.600  1407151.600  1408779.600
   405:  1410220.600  1410567.600  1410704.600  1413087.600  1413188.600
   410:  1414082.600  1415820.600  1418434.600  1419169.600  1435726.600
   415:  1435905.600  1436143.600  1436461.600  1441550.600  1444421.600
   420:  1444519.600  1452446.600  1452490.600  1455142.600  1455465.600
   425:  1455527.600  1459446.600  1459726.600  1459739.600  1464075.600
   430:  1464849.600  1464864.600  1465349.600  1471669.600  1474826.600
   435:  1474957.600  1475160.600  1479449.600  1492854.600  1493350.600
   440:  1493386.600  1499002.600  1499032.600  1499678.600  1499730.600
   445:  1528354.600  1528848.600  1530638.600  1530676.600  1534918.600
   450:  1577191.600  1578043.600  1582017.600  1595138.600  1617466.600
   455:  1625675.600  1626003.600  1629220.600  1629289.600  1633358.600
   460:  1633498.600  1633517.600  1640464.600  1648532.600  1656490.600
   465:  1656588.600  1680525.600  1680540.600  1690095.600  1690117.600
   470:  1693091.600  1696373.600  1697006.600  1703612.600  1703656.600
   475:  1717521.600  1727839.600  1730903.600  1735119.600  1736552.600
   480:  1736947.600  1736999.600  1737322.600  1737368.600  1741210.600
   485:  1741665.600  1741686.600  1741712.600  1741872.600  1748780.600
   490:  1753611.600  1754740.600  1767879.600  1767918.600  1769294.600
   495:  1769330.600  1771174.600  1771230.600  1772475.600  1772490.600
   500:  1778218.600  1778256.600  1778511.600  1778588.600  1778678.600
   505:  1787446.600  1789895.600  1791432.600  1791492.600  1801874.600
   510:  1801897.600  1821950.600  1827626.600  1827636.600  1831121.600
   515:  1831211.600  1833758.600  1833862.600  1833941.600  1834992.600
   520:  1835434.600  1841876.600  1844595.600  1855651.600  1856230.600
   525:  1858511.600  1861969.600  1861987.600  1862266.600  1866932.600
   530:  1868572.600  1885066.600  1886402.600  1889806.600  1901052.600
   535:  1901198.600  1901481.600  1902572.600  1902651.600  1902664.600
   540:  1920568.600  1920862.600  1937811.600  1944021.600  2051509.650
   545:  2053185.650  2080725.650  2080779.650  2085799.650  2101435.650
   550:  2104367.650  2104487.650  2104517.650  2126305.650  2128472.400
   555:  2128517.410  2128566.410  2128581.610  2128611.410  2128660.410
   560:  2128705.410  2128754.410  2128799.410  2128848.410  2128893.410
   565:  2128898.420  2130963.600  2130987.600  2131017.600  2131028.600
   570:  2131048.600  2131067.600  2131089.600  2131112.600  2131136.600
   575:  2131172.600  2131192.600  2134744.600  2135186.600  2135456.600
   580:  2135469.600  2135585.600  2145018.600  2146276.600  2146306.600
   585:  2146336.600  2146392.600  2146431.600  2146472.600  2146482.600
   590:  2146499.600  2146540.600  2146561.600  2146691.600  2146736.600
   595:  2152528.200  2153559.600  2158050.600  2160321.600  2221193.600
   600:  2229779.600  2249661.600  2251929.600  2252803.600  2252870.600
   605:  2252908.600  2361783.600  2367437.600  2367479.600  2367937.600
   610:  2368158.600  2370113.600  2378657.600  2401081.600  2402955.600
   615:  2403030.600  2403375.600  2403526.600  2403582.600  2403801.600
   620:  2403849.600  2403953.600  2404066.600  2404087.600  2410298.600
   625:  2414370.200  2414734.200  2415032.200  2415175.200  2433420.600
   630:  2433793.600  2437991.600  2438219.600  2438239.600  2438327.600
   635:  2444402.600  2444430.600  2447567.600  2454245.600  2458959.600
   640:  2467661.600  2503625.600  2538537.600  2540258.600  2879560.600
   645:  3149244.600  3150708.600  3154200.600  3154399.600  3155252.600
   650:  3158337.600  3164038.600  3170785.600  3174784.600  3331013.650
   655:  3331152.650  3339466.650  3346163.650  3367264.650  3386162.400
   660:  3386207.410  3386256.410  3386301.410  3386337.610  3386350.410
   665:  3386395.410  3386444.410  3386489.410  3386538.410  3386583.410
   670:  3386588.420  3388310.600  3391122.600  3391412.600  3392994.600
   675:  3393256.600  3393278.600  3393302.600  3393374.600  3395873.600
   680:  3396242.600  3403382.600  3403482.600  3412679.600  3412730.600
   685:  3412757.600  3412957.600  3414613.200  3414659.600  3442740.600
   690:  3443121.600  3443285.600  3443335.600  3444181.600  3444331.600
   695:  3444338.600  3444340.600  3468707.600  3468935.600  3470932.200
   700:  3471050.200  3471201.200  3471435.200  3471657.200  3488682.600
   705:  3942706.600  3943555.600  3949476.600  3950660.600  3952832.600
   710:  3952889.600  3953499.600  3953875.600  3953942.600  3953959.600
   715:  3954595.600  3958859.600  3958895.600  3959243.600  3959561.600
   720:  3959612.600  3960484.600  3964124.600  4015798.600  4055915.600
   725:  4056842.600  4068139.600  4068487.600  4069748.600  4069802.600
   730:  4070086.600  4070631.600  4070780.600  4070796.600  4070882.600
   735:  4070906.600  4071044.600  4071133.600  4098176.600  4099559.600
   740:  4107255.200  4148439.600  4163837.600  4180413.600  4278118.600
   745:  4288121.600  4297449.600  4298785.600  4321704.999
E:
     0:        5.200       16.300       28.800       43.200       59.900
     5:       80.100      105.300      139.300      191.600      330.300
F:
     0:        0.000        0.000        0.000        0.000        0.000
     5:        0.000
L:
     0:      159.000       83.000      108.000      174.000
M:
     0:        0.000        0.000        0.000        0.000        0.000
     5:        0.000
