File: C:\MED-PC IV\DATA\!2023-02-23_18h49m.Subject DF26


Start Date: 02/23/23
End Date: 02/24/23
Subject: DF26
Experiment: delayed_acquisition
Group: 1
Box: 6
Start Time: 18:49:06
End Time:  7:11:32
MSN: Delayed_AcquisitionYoked2_w_magmacro
G:       0.000
H:       0.000
I:       0.000
J:       0.000
K:       0.000
N:       0.000
O:       0.000
P:       0.000
Q:       0.000
R:       0.000
S:       0.000
T:       0.000
U:       0.000
V:       0.000
W:       0.000
X:      -1.000
Y:       0.000
Z:       0.000
A:
     0:        2.000       60.000  4320000.000        1.000        0.000
     5:        1.000    96000.000        1.000       10.000        0.000
    10:        0.000        0.000        0.000        0.000        0.000
    15:        0.000        0.000        0.000        0.000        0.000
    20:        0.000        0.000        0.000        0.000        0.000
    25:        0.000        0.000        0.000        0.000        0.000
    30:        0.000        0.000        0.000        0.000        0.000
    35:        0.000        0.000        0.000        0.000        0.000
    40:        0.000        0.000        0.000        0.000        0.000
    45:        0.000        0.000        0.000        0.000        0.000
    50:        0.000        0.000        0.000        0.000        0.000
    55:        0.000        0.000        0.000        0.000        0.000
    60:        0.000        0.000        0.000        0.000        0.000
    65:        0.000        0.000        0.000        0.000        0.000
    70:        0.000        0.000        0.000        0.000        0.000
    75:        0.000        0.000        0.000        0.000        0.000
    80:        0.000        0.000        0.000        0.000        0.000
    85:        0.000        0.000        0.000        0.000        0.000
    90:        0.000        0.000        0.000        0.000        0.000
    95:        0.000        0.000        0.000        0.000        0.000
   100:        0.000
B:
     0:  4320000.000  4326390.000        1.000        5.000        0.000
     5:        0.000        0.000       15.000      939.000     1261.000
    10:        0.000      784.000       17.000        1.000      287.000
    15:        0.000       15.000        0.000        0.000        0.000
    20:        0.000        0.000        0.000        0.000        0.000
    25:        0.000        0.000        0.000        0.000        0.000
    30:        1.541        0.000        0.000      150.000        0.000
    35:        0.000        0.000        0.000        0.000        0.000
    40:        0.000        0.000        0.000        0.000        0.000
    45:        0.000        0.000        0.000        0.000        0.000
    50:        0.000        0.000        0.000        0.000        0.000
    55:        0.000        0.000        0.000        0.000        0.000
    60:        0.000        0.000        0.000        0.000        0.000
    65:        0.000        0.000        0.000        0.000        0.000
    70:        0.000        0.000        0.000        0.000        0.000
    75:        0.000        0.000        0.000        0.000        0.000
    80:        0.000        0.000        0.000        0.000        0.000
    85:        0.000        0.000        0.000        0.000        0.000
    90:        0.000        0.000        0.000        0.000        0.000
    95:        0.000        0.000        0.000        0.000        0.000
   100:        0.000
C:
     0:    97847.200    97847.200    97847.200    97847.200    97847.200
     5:    97847.200    97847.200    97847.200    97847.200    97847.200
    10:    98344.300    98405.300    98442.300    98453.300    98465.300
    15:    99681.300    99694.300    99704.300   100568.300   100819.300
    20:   100837.300   101618.300   102130.300   102489.300   102792.300
    25:   104119.300   104169.300   104242.300   104305.300   104740.300
    30:   104770.300   105127.300   105395.300   105454.300   105853.300
    35:   106112.300   109263.300   111877.300   120488.300   120500.300
    40:   120773.300   121032.300   132081.300   142460.300   142960.300
    45:   143042.300   147982.300   149290.300   150320.300   150345.300
    50:   150430.300   160190.300   160531.300   161534.300   161541.300
    55:   161691.300   161697.300   270433.200   270433.200   270433.200
    60:   270433.200   270433.200   270433.200   270433.200   270433.200
    65:   270433.200   270433.200   270758.300   270779.300   271296.300
    70:   272008.300   273425.300   273499.300   273675.300   273730.300
    75:   273916.300   284063.300   326643.300   327280.300   327306.300
    80:   327696.300   332602.300   345462.300   349248.300   349386.300
    85:   353000.300   437121.300   437142.300   448244.300   450675.300
    90:   451401.300   451618.300   451766.300   452313.300   549318.200
    95:   549318.200   549318.200   549318.200   549318.200   549318.200
   100:   549318.200   549318.200   549318.200   549318.200   550445.300
   105:   550468.300   550492.300   550527.300   550529.300   550568.300
   110:   550604.300   550660.300   550700.300   550739.300   550796.300
   115:   550849.300   550874.300   551030.300   551046.300   551163.300
   120:   552572.300   552579.300   552663.300   552673.300   553023.300
   125:   553558.300   553571.300   554155.300   556071.300   592600.300
   130:   592925.300   744804.200   744804.200   744804.200   744804.200
   135:   744804.200   744804.200   744804.200   744804.200   744804.200
   140:   744804.200   745569.300   745593.300   745607.300   745712.300
   145:   745730.300   745875.300   746001.300   746267.300   746433.300
   150:   746609.300   746653.300   746935.300   746980.300   747944.300
   155:   747951.300   747956.300   747986.300   748064.300   748079.300
   160:   748081.300   748440.300   748465.300   748941.300   751077.300
   165:   751309.300   754863.300   754906.300   755311.300   755379.300
   170:   755417.300   755641.300   755884.300   755886.300   755890.300
   175:   755899.300   756245.300   756337.300   756664.300   756693.300
   180:   756718.300   756735.300   756863.300   756879.300   756885.300
   185:   756901.300   757211.300   757461.300   757468.300   757502.300
   190:   757747.300   757794.300   757839.300   757895.300   757942.300
   195:   757971.300   758237.300   758269.300   758272.300   758295.300
   200:   758569.300   758655.300   758708.300   758724.300   758801.300
   205:   758977.300   759029.300   759080.300   759246.300   759319.300
   210:   759355.300   759386.300   759392.300   759421.300   759443.300
   215:   759526.300   759836.300   759849.300   759874.300   759918.300
   220:   760069.300   760162.300   760350.300   760428.300   760457.300
   225:   760631.300   760672.300   760679.300   760705.300   760739.300
   230:   760851.300   760897.300   760923.300   761006.300   761069.300
   235:   761676.300   762060.300   762368.300   762529.300   762545.300
   240:   776950.300   782593.100   782771.300   782967.300   784290.300
   245:   784403.300   784414.300   784538.300   784746.300   795738.300
   250:   795748.300   795818.300   796775.300   796858.300   843384.300
   255:   844543.300   845257.300   970550.200   970550.200   970550.200
   260:   970550.200   970550.200   970550.200   970550.200   970550.200
   265:   970550.200   970550.200   975494.300   975512.300   975520.300
   270:   975676.300   977976.300   978070.300   978121.300   980626.300
   275:   985875.300   985927.300   986093.300   986746.300  1083339.200
   280:  1083339.200  1083339.200  1083339.200  1083339.200  1083339.200
   285:  1083339.200  1083339.200  1083339.200  1083339.200  1085312.300
   290:  1085365.300  1085375.300  1085405.300  1085422.300  1085430.300
   295:  1085478.300  1085533.300  1085540.300  1085582.300  1085623.300
   300:  1085630.300  1085636.300  1085665.300  1085675.300  1086119.300
   305:  1086137.300  1086179.300  1086191.300  1086242.300  1086584.300
   310:  1087107.300  1087573.300  1091420.300  1104738.300  1104811.300
   315:  1141390.300  1163989.300  1164449.300  1165566.300  1264833.200
   320:  1264833.200  1264833.200  1264833.200  1264833.200  1264833.200
   325:  1264833.200  1264833.200  1264833.200  1264833.200  1265362.300
   330:  1265415.300  1266168.300  1266178.300  1275897.300  1280553.300
   335:  1282094.300  1283105.300  1283396.300  1283487.300  1292175.300
   340:  1292495.300  1394568.200  1394568.200  1394568.200  1394568.200
   345:  1394568.200  1394568.200  1394568.200  1394568.200  1394568.200
   350:  1394568.200  1397470.300  1397754.300  1397802.300  1397839.300
   355:  1398247.300  1398431.300  1398882.300  1399088.300  1399283.300
   360:  1399413.300  1399507.300  1399575.300  1399641.300  1399727.300
   365:  1399873.300  1399920.300  1399974.300  1400007.300  1400209.300
   370:  1400232.300  1400486.300  1400584.300  1400810.300  1401323.300
   375:  1508945.200  1508945.200  1508945.200  1508945.200  1508945.200
   380:  1508945.200  1508945.200  1508945.200  1508945.200  1508945.200
   385:  1509653.300  1509739.300  1509780.300  1509871.300  1509955.300
   390:  1510015.300  1511092.300  1511502.300  1511565.300  1511597.300
   395:  1511623.300  1511628.300  1511632.300  1511640.300  1511642.300
   400:  1511786.300  1511799.300  1511904.300  1511962.300  1512061.300
   405:  1512123.300  1512210.300  1512305.300  1512378.300  1512407.300
   410:  1512651.300  1512663.300  1512673.300  1512793.300  1512921.300
   415:  1514474.300  1528164.300  1528565.300  1528662.300  1529218.300
   420:  1534977.300  1537228.300  1541578.300  1554396.300  1585372.300
   425:  1585503.300  1585508.300  1616483.300  1616515.300  1623055.300
   430:  1623268.300  1730830.200  1730830.200  1730830.200  1730830.200
   435:  1730830.200  1730830.200  1730830.200  1730830.200  1730830.200
   440:  1730830.200  1731770.300  1731776.300  1731806.300  1731911.300
   445:  1731990.300  1731999.300  1732023.300  1732103.300  1732171.300
   450:  1732189.300  1732278.300  1732315.300  1732361.300  1732376.300
   455:  1732541.300  1732621.300  1733560.300  1733638.300  1733746.300
   460:  1734132.300  1734196.300  1734547.300  1734740.300  1734817.300
   465:  1734843.300  1734887.300  1734946.300  1735140.300  1735212.300
   470:  1735287.300  1735344.300  1735412.300  1735448.300  1735547.300
   475:  1735838.300  1736020.300  1736096.300  1736246.300  1736300.300
   480:  1736304.300  1736341.300  1736363.300  1736557.300  1736585.300
   485:  1736593.300  1736677.300  1736703.300  1736861.300  1736968.300
   490:  1737006.300  1737009.300  1737037.300  1737317.300  1737487.300
   495:  1737740.300  1737787.300  1737826.300  1737884.300  1738050.300
   500:  1738140.300  1738181.300  1738235.300  1738291.300  1738359.300
   505:  1738421.300  1738739.300  1738821.300  1738838.300  1738955.300
   510:  1739009.300  1739139.300  1739264.300  1739289.300  1739320.300
   515:  1739496.300  1739861.300  1739913.300  1739942.300  1740490.300
   520:  1740774.300  1744122.300  1744408.300  1744672.300  1857356.200
   525:  1857356.200  1857356.200  1857356.200  1857356.200  1857356.200
   530:  1857356.200  1857356.200  1857356.200  1857356.200  1858478.300
   535:  1858487.300  1859237.300  1859253.300  1859311.300  1859478.300
   540:  1859501.300  1859562.300  1860812.300  1860842.300  1860920.300
   545:  1860940.300  1861169.300  1861181.300  1861236.300  1861363.300
   550:  1861585.300  1861673.300  1861712.300  1861838.300  1862174.300
   555:  1862192.300  1862214.300  1862373.300  1862474.300  1862642.300
   560:  1862715.300  1862780.300  1862784.300  1862810.300  1862908.300
   565:  1863004.300  1863079.300  1863090.300  1863125.300  1863160.300
   570:  1863308.300  1863335.300  1863506.300  1863528.300  1863592.300
   575:  1864302.300  1864378.300  1864750.300  1869239.300  1869258.300
   580:  1875622.300  1880082.300  1880645.300  1884160.300  1912984.300
   585:  1920712.300  1920773.300  1920942.300  1922223.300  1923916.300
   590:  1927694.300  1927798.300  1927889.300  1927907.300  1948381.300
   595:  1954992.300  1955052.300  1955098.300  1962012.300  1963155.300
   600:  1964591.300  1965406.300  1965416.300  1990234.300  1995857.300
   605:  1995968.300  2004615.300  2005332.300  2005349.300  2005581.300
   610:  2005650.300  2111446.200  2111446.200  2111446.200  2111446.200
   615:  2111446.200  2111446.200  2111446.200  2111446.200  2111446.200
   620:  2111446.200  2112498.300  2112529.300  2112744.300  2113692.300
   625:  2113806.300  2114200.300  2114264.300  2114292.300  2115156.300
   630:  2115946.300  2116074.300  2117449.300  2133599.300  2138874.300
   635:  2139850.300  2140214.300  2140240.300  2140251.300  2140314.300
   640:  2140330.300  2140345.300  2140360.300  2140374.300  2140389.300
   645:  2140407.300  2140426.300  2140440.300  2140454.300  2146136.300
   650:  2147106.300  2147132.300  2147153.300  2147374.300  2147670.300
   655:  2148396.300  2151798.300  2157538.300  2173167.300  2175831.300
   660:  2175952.300  2199040.300  2199072.300  2206139.300  2206311.300
   665:  2206887.300  2206929.300  2213094.300  2213126.300  2213189.300
   670:  2213752.300  2214101.300  2214129.300  2214135.300  2214304.300
   675:  2214322.300  2214337.300  2214350.300  2214447.300  2214463.300
   680:  2214476.300  2214492.300  2260699.300  2261209.300  2268606.300
   685:  2268711.300  2268850.300  2273494.300  2284267.300  2284412.300
   690:  2292181.300  2292570.300  2322417.300  2323217.300  2323916.300
   695:  2324047.300  2324201.300  2325216.300  2325650.300  2325712.300
   700:  2325984.300  2326386.300  2326840.300  2345622.300  2361392.300
   705:  2374321.300  2374605.300  2379179.300  2379316.300  2379420.300
   710:  2380239.300  2384038.300  2391475.300  2412070.300  2448167.100
   715:  2460266.300  2466091.300  2612109.300  2613157.300  2613364.300
   720:  2728917.200  2728917.200  2728917.200  2728917.200  2728917.200
   725:  2728917.200  2728917.200  2728917.200  2728917.200  2728917.200
   730:  2729571.300  2730105.300  2730390.300  2730457.300  2730504.300
   735:  2730577.300  2730593.300  2730616.300  2732074.300  2732080.300
   740:  2732108.300  2732801.300  2732818.300  2732824.300  2734471.300
   745:  2734724.300  2734862.300  2735023.300  2735492.300  2735999.300
   750:  2738937.300  2738972.300  2753019.300  2753039.300  2753193.300
   755:  2770276.300  2779227.300  2779384.300  2779426.300  2780473.300
   760:  2780869.300  2780881.300  2781073.300  2781621.300  2782179.300
   765:  2782355.300  2783032.300  2783082.300  2783335.300  2783356.300
   770:  2794573.300  2809064.300  2814558.300  2940305.300  2940314.300
   775:  2940497.300  2940546.300  2940551.300  2941495.300  2952044.300
   780:  2952152.300  2974589.100  2976687.100  2979972.300  3102000.200
   785:  3102000.200  3102000.200  3102000.200  3102000.200  3102000.200
   790:  3102000.200  3102000.200  3102000.200  3102000.200  3102505.300
   795:  3102868.300  3102990.300  3103059.300  3103069.300  3103106.300
   800:  3103123.300  3103145.300  3103196.300  3103204.300  3103226.300
   805:  3103277.300  3103302.300  3103339.300  3103463.300  3103627.300
   810:  3103723.300  3104958.300  3105058.300  3106506.300  3106534.300
   815:  3107240.300  3107363.300  3107521.300  3107551.300  3107600.300
   820:  3107620.300  3108065.300  3109264.300  3109716.300  3110550.300
   825:  3110590.300  3125692.300  3582376.200  3582376.200  3582376.200
   830:  3582376.200  3582376.200  3582376.200  3582376.200  3582376.200
   835:  3582376.200  3582376.200  3583516.300  3583678.300  3583698.300
   840:  3583728.300  3583843.300  3583846.300  3583857.300  3583882.300
   845:  3583902.300  3583921.300  3583948.300  3583973.300  3583995.300
   850:  3584040.300  3584051.300  3584092.300  3584103.300  3584145.300
   855:  3584167.300  3584182.300  3584196.300  3584220.300  3584239.300
   860:  3584263.300  3584283.300  3584302.300  3584319.300  3584322.300
   865:  3584382.300  3584398.300  3584415.300  3584438.300  3584466.300
   870:  3584474.300  3584510.300  3584724.300  3585055.300  3585071.300
   875:  3585089.300  3585106.300  3585128.300  3585149.300  3585161.300
   880:  3586383.300  3586424.300  3586445.300  3586463.300  3586530.300
   885:  3586553.300  3586573.300  3586587.300  3586605.300  3586616.300
   890:  3586667.300  3586676.300  3586771.300  3586794.300  3586969.300
   895:  3586987.300  3587666.300  3587732.300  3587780.300  3587834.300
   900:  3587851.300  3587862.300  3587896.300  3587915.300  3587936.300
   905:  3587989.300  3588017.300  3588186.300  3588431.300  3588881.300
   910:  3588895.300  3589533.300  3595111.300  3595135.300  3595301.300
   915:  3602174.300  3608334.300  3608355.300  3611289.100  3612826.300
   920:  3620126.300  3620590.300  3621067.300  3621218.300  3621251.300
   925:  3621257.300  3621301.300  3621593.300  3621708.300  3622166.300
   930:  3622308.300  3622604.300  3623289.300  3623760.300  3623802.300
   935:  4290315.300  4305552.300  4311552.300  4312202.300
D:
     0:        0.111     3662.650     4251.650     4257.650     4390.650
     5:     6690.650     9942.650    10044.650    10274.650    11003.650
    10:    11454.650    11528.650    12346.650    12733.650    12753.650
    15:    13122.650    13763.650    14177.650    14492.650    18032.650
    20:    18215.650    19051.650    22133.650    22135.650    22384.650
    25:    22983.650    23594.650    25888.650    26235.650    26302.650
    30:    26343.650    33879.650    34024.650    34028.650    34293.650
    35:    34514.650    41137.650    41364.650    41426.650    42241.650
    40:    50189.650    50194.650    50204.650    50234.650    54582.650
    45:    54602.650    55392.650    55451.650    55707.650    56263.650
    50:    56834.650    57178.650    57194.650    57214.650    57216.650
    55:    57239.650    57320.650    57430.650    57532.650    57594.650
    60:    57630.650    75607.650    75609.650    75621.650    75654.650
    65:    75670.650    76107.650    76141.650    76394.650    77659.650
    70:    78749.650    78757.650    78938.650    78948.650    79064.650
    75:    82248.650    82273.650    82793.650    82807.650    83191.650
    80:    83853.650    84049.650    84115.650    84254.650    87928.650
    85:    88422.650    93408.650    94183.650    97847.400    97892.410
    90:    97941.410    97949.610    97986.410    98035.410    98080.410
    95:    98129.410    98174.410    98223.410    98268.410    98273.420
   100:    98770.600    98831.600    98868.600    98879.600    98891.600
   105:   100107.600   100120.600   100130.600   100994.600   101245.600
   110:   101263.600   102044.600   102556.600   102915.600   103218.600
   115:   104545.600   104595.600   104668.600   104731.600   105166.600
   120:   105196.600   105553.600   105821.600   105880.600   106279.600
   125:   106538.600   109689.600   112303.600   120914.600   120926.600
   130:   121199.600   121458.600   132507.600   142886.600   143386.600
   135:   143468.600   148408.600   149716.600   150746.600   150771.600
   140:   150856.600   160616.600   160957.600   161960.600   161967.600
   145:   162117.600   162123.600   193213.650   193743.650   198120.650
   150:   212664.250   212920.650   213085.650   213235.650   213549.650
   155:   214017.650   214420.650   214498.650   215243.650   218020.650
   160:   227160.650   227526.650   233571.650   233975.650   233986.650
   165:   234006.650   234042.650   234052.650   238788.650   242807.650
   170:   259383.650   260060.650   270859.400   270904.410   270953.410
   175:   270998.410   271047.410   271078.610   271092.410   271141.410
   180:   271186.410   271235.410   271280.410   271285.420   271610.600
   185:   271631.600   272148.600   272860.600   274277.600   274351.600
   190:   274527.600   274582.600   274768.600   284915.600   327495.600
   195:   328132.600   328158.600   328548.600   333454.600   346314.600
   200:   350100.600   350238.600   353852.600   437973.600   437994.600
   205:   449096.600   451527.600   452253.600   452470.600   452618.600
   210:   453165.600   467927.650   467971.650   520859.650   550170.400
   215:   550215.410   550264.410   550309.410   550322.610   550358.410
   220:   550403.410   550452.410   550497.410   550546.410   550591.410
   225:   550596.420   551723.600   551746.600   551770.600   551805.600
   230:   551807.600   551846.600   551882.600   551938.600   551978.600
   235:   552017.600   552074.600   552127.600   552152.600   552308.600
   240:   552324.600   552441.600   553850.600   553857.600   553941.600
   245:   553951.600   554301.600   554836.600   554849.600   555433.600
   250:   557349.600   593878.600   594203.600   650102.650   650265.650
   255:   651881.650   652203.650   652325.650   653472.650   653598.650
   260:   653824.650   689585.650   691127.650   691133.650   707355.650
   265:   707404.650   707481.650   707726.650   707812.650   707926.650
   270:   709127.650   709559.650   710146.650   711824.650   711878.650
   275:   712063.650   712684.650   713050.650   746082.400   746127.410
   280:   746176.410   746221.410   746240.610   746270.410   746315.410
   285:   746364.410   746409.410   746458.410   746503.410   746508.420
   290:   747273.600   747297.600   747311.600   747416.600   747434.600
   295:   747579.600   747705.600   747971.600   748137.600   748313.600
   300:   748357.600   748639.600   748684.600   749648.600   749655.600
   305:   749660.600   749690.600   749768.600   749783.600   749785.600
   310:   750144.600   750169.600   750645.600   752781.600   753013.600
   315:   756567.600   756610.600   757015.600   757083.600   757121.600
   320:   757345.600   757588.600   757590.600   757594.600   757603.600
   325:   757949.600   758041.600   758368.600   758397.600   758422.600
   330:   758439.600   758567.600   758583.600   758589.600   758605.600
   335:   758915.600   759165.600   759172.600   759206.600   759451.600
   340:   759498.600   759543.600   759599.600   759646.600   759675.600
   345:   759941.600   759973.600   759976.600   759999.600   760273.600
   350:   760359.600   760412.600   760428.600   760505.600   760681.600
   355:   760733.600   760784.600   760950.600   761023.600   761059.600
   360:   761090.600   761096.600   761125.600   761147.600   761230.600
   365:   761540.600   761553.600   761578.600   761622.600   761773.600
   370:   761866.600   762054.600   762132.600   762161.600   762335.600
   375:   762376.600   762383.600   762409.600   762443.600   762555.600
   380:   762601.600   762627.600   762710.600   762773.600   763380.600
   385:   763764.600   764072.600   764233.600   764249.600   778654.600
   390:   784297.200   784475.600   784671.600   785994.600   786107.600
   395:   786118.600   786242.600   786450.600   797442.600   797452.600
   400:   797522.600   798479.600   798562.600   845088.600   846247.600
   405:   846961.600   879267.650   880107.650   880977.650   886246.650
   410:   972254.400   972299.410   972348.410   972368.610   972378.610
   415:   972393.410   972442.410   972487.410   972536.410   972581.410
   420:   972630.410   972675.410   972680.420   977624.600   977642.600
   425:   977650.600   977806.600   980106.600   980200.600   980251.600
   430:   982756.600   988005.600   988057.600   988223.600   988876.600
   435:   989762.650   990380.650   997381.650  1043326.650  1057551.650
   440:  1060339.650  1066832.650  1067697.650  1085469.400  1085514.410
   445:  1085563.410  1085604.610  1085608.410  1085657.410  1085702.410
   450:  1085751.410  1085796.410  1085845.410  1085890.410  1085895.420
   455:  1087868.600  1087921.600  1087931.600  1087961.600  1087978.600
   460:  1087986.600  1088034.600  1088089.600  1088096.600  1088138.600
   465:  1088179.600  1088186.600  1088192.600  1088221.600  1088231.600
   470:  1088675.600  1088693.600  1088735.600  1088747.600  1088798.600
   475:  1089140.600  1089663.600  1090129.600  1093976.600  1107294.600
   480:  1107367.600  1143946.600  1166545.600  1167005.600  1168122.600
   485:  1213129.650  1214828.650  1214902.650  1219747.650  1220328.650
   490:  1220343.650  1220585.650  1220705.650  1231036.650  1231465.650
   495:  1232471.650  1233998.650  1234200.650  1234212.650  1234327.650
   500:  1234451.650  1234486.650  1234759.650  1234922.650  1234930.650
   505:  1234969.650  1234971.650  1235031.650  1235062.650  1235130.650
   510:  1235343.650  1235777.650  1235848.650  1236582.650  1236657.650
   515:  1236732.650  1236770.650  1236783.650  1236872.650  1246166.650
   520:  1260407.650  1261184.650  1261271.650  1262306.650  1262938.650
   525:  1262980.650  1263187.650  1264287.650  1267389.400  1267434.410
   530:  1267483.410  1267528.410  1267577.410  1267610.610  1267622.410
   535:  1267671.410  1267674.610  1267716.410  1267765.410  1267810.410
   540:  1267815.420  1268344.600  1268397.600  1269150.600  1269160.600
   545:  1278879.600  1283535.600  1285076.600  1286087.600  1286378.600
   550:  1286469.600  1295157.600  1295477.600  1337082.650  1337537.650
   555:  1337547.650  1338953.650  1340446.650  1340465.650  1348903.650
   560:  1364984.650  1366154.650  1366185.650  1366575.650  1367265.650
   565:  1367812.650  1375110.650  1376480.650  1377478.650  1377745.650
   570:  1379028.650  1379768.650  1379783.650  1379792.650  1379826.650
   575:  1397550.400  1397595.410  1397644.410  1397686.610  1397689.410
   580:  1397738.410  1397783.410  1397832.410  1397877.410  1397926.410
   585:  1397971.410  1397976.420  1400878.600  1401162.600  1401210.600
   590:  1401247.600  1401655.600  1401839.600  1402290.600  1402496.600
   595:  1402691.600  1402821.600  1402915.600  1402983.600  1403049.600
   600:  1403135.600  1403281.600  1403328.600  1403382.600  1403415.600
   605:  1403617.600  1403640.600  1403894.600  1403992.600  1404218.600
   610:  1404731.600  1418662.650  1432583.650  1433508.650  1434032.650
   615:  1456399.650  1464218.650  1464741.650  1465233.650  1465249.650
   620:  1465265.650  1465283.650  1465296.650  1465403.650  1465416.650
   625:  1465584.650  1465593.650  1466220.650  1466407.650  1512353.400
   630:  1512398.410  1512447.410  1512456.610  1512492.410  1512541.410
   635:  1512586.410  1512635.410  1512680.410  1512729.410  1512774.410
   640:  1512779.420  1513487.600  1513573.600  1513614.600  1513705.600
   645:  1513789.600  1513849.600  1514926.600  1515336.600  1515399.600
   650:  1515431.600  1515457.600  1515462.600  1515466.600  1515474.600
   655:  1515476.600  1515620.600  1515633.600  1515738.600  1515796.600
   660:  1515895.600  1515957.600  1516044.600  1516139.600  1516212.600
   665:  1516241.600  1516485.600  1516497.600  1516507.600  1516627.600
   670:  1516755.600  1518308.600  1531998.600  1532399.600  1532496.600
   675:  1533052.600  1538811.600  1541062.600  1545412.600  1558230.600
   680:  1589206.600  1589337.600  1589342.600  1620317.600  1620349.600
   685:  1626889.600  1627102.600  1680897.650  1683314.650  1683548.650
   690:  1686494.650  1691388.650  1701523.650  1707048.650  1707129.650
   695:  1707202.650  1707537.650  1707793.650  1721014.650  1722268.650
   700:  1722475.650  1734664.400  1734709.410  1734758.410  1734789.610
   705:  1734803.410  1734852.410  1734897.410  1734946.410  1734991.410
   710:  1735040.410  1735085.410  1735090.420  1736030.600  1736036.600
   715:  1736066.600  1736171.600  1736250.600  1736259.600  1736283.600
   720:  1736363.600  1736431.600  1736449.600  1736538.600  1736575.600
   725:  1736621.600  1736636.600  1736801.600  1736881.600  1737820.600
   730:  1737898.600  1738006.600  1738392.600  1738456.600  1738807.600
   735:  1739000.600  1739077.600  1739103.600  1739147.600  1739206.600
   740:  1739400.600  1739472.600  1739547.600  1739604.600  1739672.600
   745:  1739708.600  1739807.600  1740098.600  1740280.600  1740356.600
   750:  1740506.600  1740560.600  1740564.600  1740601.600  1740623.600
   755:  1740817.600  1740845.600  1740853.600  1740937.600  1740963.600
   760:  1741121.600  1741228.600  1741266.600  1741269.600  1741297.600
   765:  1741577.600  1741747.600  1742000.600  1742047.600  1742086.600
   770:  1742144.600  1742310.600  1742400.600  1742441.600  1742495.600
   775:  1742551.600  1742619.600  1742681.600  1742999.600  1743081.600
   780:  1743098.600  1743215.600  1743269.600  1743399.600  1743524.600
   785:  1743549.600  1743580.600  1743756.600  1744121.600  1744173.600
   790:  1744202.600  1744750.600  1745034.600  1748382.600  1748668.600
   795:  1748932.600  1772464.650  1772978.650  1773575.650  1773626.650
   800:  1773693.650  1773711.650  1773960.650  1775266.650  1776902.650
   805:  1777319.650  1779195.650  1779512.650  1779764.650  1822152.650
   810:  1822177.650  1835084.650  1835461.650  1836043.650  1843592.650
   815:  1843609.650  1847412.650  1850794.650  1850813.650  1850962.650
   820:  1861616.400  1861661.410  1861710.410  1861755.410  1861756.610
   825:  1861804.410  1861849.410  1861898.410  1861943.410  1861992.410
   830:  1862037.410  1862042.420  1863164.600  1863173.600  1863923.600
   835:  1863939.600  1863997.600  1864164.600  1864187.600  1864248.600
   840:  1865498.600  1865528.600  1865606.600  1865626.600  1865855.600
   845:  1865867.600  1865922.600  1866049.600  1866271.600  1866359.600
   850:  1866398.600  1866524.600  1866860.600  1866878.600  1866900.600
   855:  1867059.600  1867160.600  1867328.600  1867401.600  1867466.600
   860:  1867470.600  1867496.600  1867594.600  1867690.600  1867765.600
   865:  1867776.600  1867811.600  1867846.600  1867994.600  1868021.600
   870:  1868192.600  1868214.600  1868278.600  1868988.600  1869064.600
   875:  1869436.600  1873925.600  1873944.600  1880308.600  1884768.600
   880:  1885331.600  1888846.600  1917670.600  1925398.600  1925459.600
   885:  1925628.600  1926909.600  1928602.600  1932380.600  1932484.600
   890:  1932575.600  1932593.600  1953067.600  1959678.600  1959738.600
   895:  1959784.600  1966698.600  1967841.600  1969277.600  1970092.600
   900:  1970102.600  1994920.600  2000543.600  2000654.600  2009301.600
   905:  2010018.600  2010035.600  2010267.600  2010336.600  2048790.650
   910:  2049515.650  2049554.650  2049607.650  2064621.650  2065158.650
   915:  2071449.650  2071864.650  2081176.650  2089301.650  2091784.650
   920:  2092372.650  2109153.650  2114796.650  2114824.650  2116132.400
   925:  2116177.410  2116226.410  2116271.410  2116272.610  2116320.410
   930:  2116365.410  2116414.410  2116459.410  2116508.410  2116553.410
   935:  2116558.420  2117610.600  2117641.600  2117856.600  2118804.600
   940:  2118918.600  2119312.600  2119376.600  2119404.600  2120268.600
   945:  2121058.600  2121186.600  2122561.600  2138711.600  2143986.600
   950:  2144962.600  2145326.600  2145352.600  2145363.600  2145426.600
   955:  2145442.600  2145457.600  2145472.600  2145486.600  2145501.600
   960:  2145519.600  2145538.600  2145552.600  2145566.600  2151248.600
   965:  2152218.600  2152244.600  2152265.600  2152486.600  2152782.600
   970:  2153508.600  2156910.600  2162650.600  2178279.600  2180943.600
   975:  2181064.600  2204152.600  2204184.600  2211251.600  2211423.600
   980:  2211999.600  2212041.600  2218206.600  2218238.600  2218301.600
   985:  2218864.600  2219213.600  2219241.600  2219247.600  2219416.600
   990:  2219434.600  2219449.600  2219462.600  2219559.600  2219575.600
   995:  2219588.600  2219604.600  2265811.600  2266321.600  2273718.600
  1000:  2273823.600  2273962.600  2278606.600  2289379.600  2289524.600
  1005:  2297293.600  2297682.600  2327529.600  2328329.600  2329028.600
  1010:  2329159.600  2329313.600  2330328.600  2330762.600  2330824.600
  1015:  2331096.600  2331498.600  2331952.600  2350734.600  2366504.600
  1020:  2379433.600  2379717.600  2384291.600  2384428.600  2384532.600
  1025:  2385351.600  2389150.600  2396587.600  2417182.600  2453279.200
  1030:  2465378.600  2471203.600  2617221.600  2618269.600  2618476.600
  1035:  2734029.400  2734074.410  2734123.410  2734168.410  2734217.410
  1040:  2734262.410  2734267.610  2734311.410  2734356.410  2734405.410
  1045:  2734450.410  2734455.420  2735109.600  2735643.600  2735928.600
  1050:  2735995.600  2736042.600  2736115.600  2736131.600  2736154.600
  1055:  2737612.600  2737618.600  2737646.600  2738339.600  2738356.600
  1060:  2738362.600  2740009.600  2740262.600  2740400.600  2740561.600
  1065:  2741030.600  2741537.600  2744475.600  2744510.600  2758557.600
  1070:  2758577.600  2758731.600  2775814.600  2784765.600  2784922.600
  1075:  2784964.600  2786011.600  2786407.600  2786419.600  2786611.600
  1080:  2787159.600  2787717.600  2787893.600  2788570.600  2788620.600
  1085:  2788873.600  2788894.600  2800111.600  2814602.600  2820096.600
  1090:  2945843.600  2945852.600  2946035.600  2946084.600  2946089.600
  1095:  2947033.600  2957582.600  2957690.600  2980127.200  2982225.200
  1100:  2985510.600  3107538.400  3107583.410  3107632.410  3107677.410
  1105:  3107726.410  3107747.610  3107771.410  3107820.410  3107865.410
  1110:  3107914.410  3107959.410  3107964.420  3108469.600  3108832.600
  1115:  3108954.600  3109023.600  3109033.600  3109070.600  3109087.600
  1120:  3109109.600  3109160.600  3109168.600  3109190.600  3109241.600
  1125:  3109266.600  3109303.600  3109427.600  3109591.600  3109687.600
  1130:  3110922.600  3111022.600  3112470.600  3112498.600  3113204.600
  1135:  3113327.600  3113485.600  3113515.600  3113564.600  3113584.600
  1140:  3114029.600  3115228.600  3115680.600  3116514.600  3116554.600
  1145:  3131656.600  3588340.400  3588385.410  3588434.410  3588474.610
  1150:  3588479.410  3588528.410  3588573.410  3588622.410  3588667.410
  1155:  3588716.410  3588761.410  3588766.420  3589906.600  3590068.600
  1160:  3590088.600  3590118.600  3590233.600  3590236.600  3590247.600
  1165:  3590272.600  3590292.600  3590311.600  3590338.600  3590363.600
  1170:  3590385.600  3590430.600  3590441.600  3590482.600  3590493.600
  1175:  3590535.600  3590557.600  3590572.600  3590586.600  3590610.600
  1180:  3590629.600  3590653.600  3590673.600  3590692.600  3590709.600
  1185:  3590712.600  3590772.600  3590788.600  3590805.600  3590828.600
  1190:  3590856.600  3590864.600  3590900.600  3591114.600  3591445.600
  1195:  3591461.600  3591479.600  3591496.600  3591518.600  3591539.600
  1200:  3591551.600  3592773.600  3592814.600  3592835.600  3592853.600
  1205:  3592920.600  3592943.600  3592963.600  3592977.600  3592995.600
  1210:  3593006.600  3593057.600  3593066.600  3593161.600  3593184.600
  1215:  3593359.600  3593377.600  3594056.600  3594122.600  3594170.600
  1220:  3594224.600  3594241.600  3594252.600  3594286.600  3594305.600
  1225:  3594326.600  3594379.600  3594407.600  3594576.600  3594821.600
  1230:  3595271.600  3595285.600  3595923.600  3601501.600  3601525.600
  1235:  3601691.600  3608564.600  3614724.600  3614745.600  3617679.200
  1240:  3619216.600  3626516.600  3626980.600  3627457.600  3627608.600
  1245:  3627641.600  3627647.600  3627691.600  3627983.600  3628098.600
  1250:  3628556.600  3628698.600  3628994.600  3629679.600  3630150.600
  1255:  3630192.600  4296705.600  4311942.600  4317942.600  4318592.600
  1260:  4326390.999
E:
     0:        5.200       16.300       28.800       43.200       59.900
     5:       80.100      105.300      139.300      191.600      330.300
F:
     0:        0.000        0.000        0.000        0.000        0.000
     5:        0.000
L:
     0:      101.000      218.000      151.000      157.000      113.000
     5:      134.000      220.000      135.000      102.000      124.000
    10:      139.000      139.000      237.000      208.000      133.000
M:
     0:        0.000        0.000        0.000        0.000        0.000
     5:        0.000
