File: C:\MED-PC IV\DATA\!2023-03-01_18h38m.Subject DF26


Start Date: 03/01/23
End Date: 03/02/23
Subject: DF26
Experiment: delayed_acquisition
Group: 1
Box: 6
Start Time: 18:38:33
End Time:  7:00:17
MSN: Delayed_AcquisitionYoked2_w_magmacro
G:       0.000
H:       0.000
I:       0.000
J:       0.000
K:       0.000
N:       0.000
O:       0.000
P:       0.000
Q:       0.000
R:       0.000
S:       0.000
T:       0.000
U:       0.000
V:       0.000
W:       0.000
X:      -1.000
Y:       0.000
Z:       0.000
A:
     0:        2.000       60.000  4320000.000        1.000        0.000
     5:        1.000    96000.000        1.000       10.000        0.000
    10:        0.000        0.000        0.000        0.000        0.000
    15:        0.000        0.000        0.000        0.000        0.000
    20:        0.000        0.000        0.000        0.000        0.000
    25:        0.000        0.000        0.000        0.000        0.000
    30:        0.000        0.000        0.000        0.000        0.000
    35:        0.000        0.000        0.000        0.000        0.000
    40:        0.000        0.000        0.000        0.000        0.000
    45:        0.000        0.000        0.000        0.000        0.000
    50:        0.000        0.000        0.000        0.000        0.000
    55:        0.000        0.000        0.000        0.000        0.000
    60:        0.000        0.000        0.000        0.000        0.000
    65:        0.000        0.000        0.000        0.000        0.000
    70:        0.000        0.000        0.000        0.000        0.000
    75:        0.000        0.000        0.000        0.000        0.000
    80:        0.000        0.000        0.000        0.000        0.000
    85:        0.000        0.000        0.000        0.000        0.000
    90:        0.000        0.000        0.000        0.000        0.000
    95:        0.000        0.000        0.000        0.000        0.000
   100:        0.000
B:
     0:  4320000.000  4323834.000        1.000       27.000        0.000
     5:        0.000        0.000        9.000      562.000      650.000
    10:        0.000      445.000       13.000        3.000       61.000
    15:        0.000        9.000        0.000        0.000        0.000
    20:        0.000        0.000        0.000        0.000        0.000
    25:        0.000        0.000        0.000        0.000        0.000
    30:        1.577        0.000        0.000       90.000        0.000
    35:        0.000        0.000        0.000        0.000        0.000
    40:        0.000        0.000        0.000        0.000        0.000
    45:        0.000        0.000        0.000        0.000        0.000
    50:        0.000        0.000        0.000        0.000        0.000
    55:        0.000        0.000        0.000        0.000        0.000
    60:        0.000        0.000        0.000        0.000        0.000
    65:        0.000        0.000        0.000        0.000        0.000
    70:        0.000        0.000        0.000        0.000        0.000
    75:        0.000        0.000        0.000        0.000        0.000
    80:        0.000        0.000        0.000        0.000        0.000
    85:        0.000        0.000        0.000        0.000        0.000
    90:        0.000        0.000        0.000        0.000        0.000
    95:        0.000        0.000        0.000        0.000        0.000
   100:        0.000
C:
     0:    97375.200    97375.200    97375.200    97375.200    97375.200
     5:    97375.200    97375.200    97375.200    97375.200    97375.200
    10:    99391.300    99419.300    99442.300    99532.300    99691.300
    15:    99705.300    99888.300   100024.300   100903.300   101086.300
    20:   101209.300   110280.300   110317.300   110320.300   110587.300
    25:   110648.300   118586.300   130062.100   130176.300   130342.300
    30:   137116.300   137380.300   137412.300   140710.300   146604.300
    35:   149715.300   149837.300   149881.300   182842.300   193413.100
    40:   193508.100   196240.300   206933.300   213065.300   213138.300
    45:   219166.300   253146.300   274679.300   275085.300   275127.300
    50:   281366.300   301981.300   306369.300   309917.300   310052.300
    55:   310159.300   342501.300   342563.300   351706.300   351840.300
    60:   371669.300   391729.300   412248.300   447366.300   450501.300
    65:   464613.300   504143.300   509370.300   524431.300   525898.300
    70:   526180.300   530937.300   534309.300   544060.300   571576.300
    75:   575803.300   596246.300   600729.300   600766.300   612731.300
    80:   631966.300   635861.300   638338.300   638680.300   685987.300
    85:   685995.300   688959.300   716271.300   721847.300   741966.300
    90:   742351.300   742384.300   745869.300   856501.200   856501.200
    95:   856501.200   856501.200   856501.200   856501.200   856501.200
   100:   856501.200   856501.200   856501.200   858574.300   858775.300
   105:   858788.300   858805.300   858813.300   858827.300   858852.300
   110:   858917.300   860863.300   861044.300   861078.300   861255.300
   115:   861310.300   861332.300   861495.300   861553.300   862017.300
   120:   862260.300   862277.300   862323.300   867742.300   867955.300
   125:   867979.300   882097.300   886140.300   886146.300   936399.300
   130:   936514.300   936621.300   936894.300   937155.300   948452.300
   135:   959212.300   963418.300   963486.300   967766.300   967790.300
   140:   967912.300   970522.300   976781.300  1003080.300  1039366.300
   145:  1054330.300  1066803.300  1066897.300  1089266.300  1103936.300
   150:  1112451.300  1120386.300  1120556.300  1152408.300  1216808.300
   155:  1218483.300  1227211.300  1227726.300  1227780.300  1228212.300
   160:  1228221.300  1230675.300  1237582.300  1257161.300  1257183.300
   165:  1300573.300  1300709.300  1312671.300  1400535.300  1400817.300
   170:  1408864.300  1412113.100  1412131.100  1417135.300  1433561.300
   175:  1562014.200  1562014.200  1562014.200  1562014.200  1562014.200
   180:  1562014.200  1562014.200  1562014.200  1562014.200  1562014.200
   185:  1563045.300  1563124.300  1563185.300  1563204.300  1563228.300
   190:  1563231.300  1563242.300  1563316.300  1563962.300  1564485.300
   195:  1564512.300  1564536.300  1564694.300  1564706.300  1564741.300
   200:  1564763.300  1564999.300  1565144.300  1565376.300  1565890.300
   205:  1565947.300  1565950.300  1565966.300  1565981.300  1565984.300
   210:  1566018.300  1566077.300  1566130.300  1566248.300  1566337.300
   215:  1566556.300  1566576.300  1566598.300  1566627.300  1566648.300
   220:  1566726.300  1566771.300  1566836.300  1566944.300  1566952.300
   225:  1566969.300  1567103.300  1567112.300  1567118.300  1567356.300
   230:  1567366.300  1567392.300  1567568.300  1567866.300  1568056.300
   235:  1568354.300  1568412.300  1568447.300  1568477.300  1568487.300
   240:  1613502.300  1675973.300  1676064.300  1676236.300  1689619.100
   245:  1690110.300  1731779.300  1762870.300  1763361.300  1774175.300
   250:  1776748.300  1785468.100  1785687.300  1792391.100  1793215.300
   255:  1793254.300  1800896.300  1807584.300  1903762.200  1903762.200
   260:  1903762.200  1903762.200  1903762.200  1903762.200  1903762.200
   265:  1903762.200  1903762.200  1903762.200  1908279.300  1908340.300
   270:  1909047.300  1909096.300  1909183.300  1909192.300  1909205.300
   275:  1909237.300  1909275.300  1909350.300  1909370.300  1909836.300
   280:  1909841.300  1909850.300  1909946.300  1910007.300  1910098.300
   285:  1910129.300  1910492.300  1910621.300  1921068.300  1921465.300
   290:  1921857.300  1925707.100  1925994.300  2199010.200  2199010.200
   295:  2199010.200  2199010.200  2199010.200  2199010.200  2199010.200
   300:  2199010.200  2199010.200  2199010.200  2199258.300  2199287.300
   305:  2199333.300  2199357.300  2199377.300  2199402.300  2199437.300
   310:  2199450.300  2199473.300  2199491.300  2199498.300  2199520.300
   315:  2199627.300  2199650.300  2199697.300  2199789.300  2199816.300
   320:  2199837.300  2199904.300  2199920.300  2199945.300  2199963.300
   325:  2199989.300  2200012.300  2200034.300  2200052.300  2200069.300
   330:  2200113.300  2200138.300  2200158.300  2200182.300  2200200.300
   335:  2200229.300  2200268.300  2200290.300  2200313.300  2200334.300
   340:  2200358.300  2200381.300  2201536.300  2202829.300  2202845.300
   345:  2202983.300  2203028.300  2203052.300  2203068.300  2203107.300
   350:  2203110.300  2203123.300  2203145.300  2203242.300  2203259.300
   355:  2203278.300  2203316.300  2203326.300  2203700.300  2203909.300
   360:  2204009.300  2204016.300  2204162.300  2204179.300  2204227.300
   365:  2204256.300  2204279.300  2204659.300  2204735.300  2204738.300
   370:  2204745.300  2204862.300  2205216.300  2205229.300  2205664.300
   375:  2205670.300  2344683.200  2344683.200  2344683.200  2344683.200
   380:  2344683.200  2344683.200  2344683.200  2344683.200  2344683.200
   385:  2344683.200  2346238.300  2346283.300  2346339.300  2346369.300
   390:  2346383.300  2346413.300  2346421.300  2346468.300  2346481.300
   395:  2346520.300  2346567.300  2346578.300  2346603.300  2346767.300
   400:  2347067.300  2347218.300  2347383.300  2347387.300  2347388.300
   405:  2347393.300  2347427.300  2347516.300  2347704.300  2347835.300
   410:  2347840.300  2348757.300  2348813.300  2349151.300  2349729.300
   415:  2350157.300  2351104.300  2351121.300  2351129.300  2352385.300
   420:  2475591.200  2475591.200  2475591.200  2475591.200  2475591.200
   425:  2475591.200  2475591.200  2475591.200  2475591.200  2475591.200
   430:  2477754.300  2477835.300  2480520.300  2480764.300  2480777.300
   435:  2480947.300  2480969.300  2481094.300  2481226.300  2481672.300
   440:  2481690.300  2481708.300  2481721.300  2481758.300  2481765.300
   445:  2538497.300  2542597.100  2591316.300  2591366.300  2595490.300
   450:  2595500.300  2596155.300  2596233.300  2596264.300  2638337.300
   455:  2638795.300  2650744.300  2712722.300  2727887.300  2730290.300
   460:  2741805.300  3027514.200  3027514.200  3027514.200  3027514.200
   465:  3027514.200  3027514.200  3027514.200  3027514.200  3027514.200
   470:  3027514.200  3031745.300  3031761.300  3031778.300  3031815.300
   475:  3032197.300  3032261.300  3032269.300  3032491.300  3032496.300
   480:  3032523.300  3032559.300  3032890.300  3098717.300  3098902.300
   485:  3099356.300  3104159.300  3104203.300  3130053.300  3130116.300
   490:  3167220.300  3167319.300  3167356.300  3182911.300  3194909.300
   495:  3197931.100  3203663.100  3204070.300  3207195.100  3246565.100
   500:  3246935.100  3248875.100  3249018.100  3249205.100  3249360.300
   505:  3499030.200  3499030.200  3499030.200  3499030.200  3499030.200
   510:  3499030.200  3499030.200  3499030.200  3499030.200  3499030.200
   515:  3502365.300  3502471.300  3502717.300  3502768.300  3502787.300
   520:  3502795.300  3502816.300  3502828.300  3502850.300  3502874.300
   525:  3502966.300  3502984.300  3502989.300  3502999.300  3503007.300
   530:  3503015.300  3503020.300  3503026.300  3503052.300  3503060.300
   535:  3503074.300  3503085.300  3503104.300  3503135.300  3503201.300
   540:  3504042.300  3504077.300  3504164.300  3504401.300  3504420.300
   545:  3544476.300  3549603.100  3906997.300  4030455.300  4073492.100
   550:  4092707.300  4103963.300  4103989.300  4108707.100  4108812.100
   555:  4109509.300  4128327.100  4128526.100  4129101.100  4133851.100
   560:  4133920.100  4143052.300
D:
     0:        0.111     3440.650     3531.650     3883.650     3926.650
     5:     4341.650     6043.650     6231.650     6266.650    13357.650
    10:    17913.650    21725.650    21814.650    29334.650    31559.650
    15:    31633.650    32253.650    32522.650    33327.650    33337.650
    20:    33349.650    33481.650    33734.650    33977.650    38050.650
    25:    38131.650    43443.650    43650.650    46179.650    56160.650
    30:    56559.650    56565.650    59938.650    60295.650    60487.650
    35:    79464.650    83706.650    83752.650    94100.650    94138.650
    40:    94554.650    94590.650    97375.400    97420.410    97469.410
    45:    97514.410    97563.410    97584.610    97590.610    97606.610
    50:    97608.410    97657.410    97702.410    97751.410    97796.410
    55:    97801.420    99817.600    99845.600    99868.600    99958.600
    60:   100117.600   100131.600   100314.600   100450.600   101329.600
    65:   101512.600   101635.600   110706.600   110743.600   110746.600
    70:   111013.600   111074.600   119012.600   130488.200   130602.600
    75:   130768.600   137542.600   137806.600   137838.600   141136.600
    80:   147030.600   150141.600   150263.600   150307.600   183268.600
    85:   193839.200   193934.200   196666.600   207359.600   213491.600
    90:   213564.600   219592.600   253572.600   275105.600   275511.600
    95:   275553.600   281792.600   302407.600   306795.600   310343.600
   100:   310478.600   310585.600   342927.600   342989.600   352132.600
   105:   352266.600   372095.600   392155.600   412674.600   447792.600
   110:   450927.600   465039.600   504569.600   509796.600   524857.600
   115:   526324.600   526606.600   531363.600   534735.600   544486.600
   120:   572002.600   576229.600   596672.600   601155.600   601192.600
   125:   613157.600   632392.600   636287.600   638764.600   639106.600
   130:   686413.600   686421.600   689385.600   716697.600   722273.600
   135:   742392.600   742777.600   742810.600   746295.600   763575.650
   140:   763685.650   771133.650   817726.650   818157.650   818309.650
   145:   818446.650   818626.650   821903.650   837933.650   856927.400
   150:   856972.410   857021.410   857053.610   857066.410   857115.410
   155:   857160.410   857209.410   857254.410   857303.410   857348.410
   160:   857353.420   859426.600   859627.600   859640.600   859657.600
   165:   859665.600   859679.600   859704.600   859769.600   861715.600
   170:   861896.600   861930.600   862107.600   862162.600   862184.600
   175:   862347.600   862405.600   862869.600   863112.600   863129.600
   180:   863175.600   868594.600   868807.600   868831.600   882949.600
   185:   886992.600   886998.600   937251.600   937366.600   937473.600
   190:   937746.600   938007.600   949304.600   960064.600   964270.600
   195:   964338.600   968618.600   968642.600   968764.600   971374.600
   200:   977633.600  1003932.600  1040218.600  1055182.600  1067655.600
   205:  1067749.600  1090118.600  1104788.600  1113303.600  1121238.600
   210:  1121408.600  1153260.600  1217660.600  1219335.600  1228063.600
   215:  1228578.600  1228632.600  1229064.600  1229073.600  1231527.600
   220:  1238434.600  1258013.600  1258035.600  1301425.600  1301561.600
   225:  1313523.600  1401387.600  1401669.600  1409716.600  1412965.200
   230:  1412983.200  1417987.600  1434413.600  1482750.650  1514118.650
   235:  1562866.400  1562911.410  1562960.410  1563005.410  1563013.610
   240:  1563022.610  1563054.410  1563099.410  1563148.410  1563193.410
   245:  1563242.410  1563287.410  1563292.420  1564323.600  1564402.600
   250:  1564463.600  1564482.600  1564506.600  1564509.600  1564520.600
   255:  1564594.600  1565240.600  1565763.600  1565790.600  1565814.600
   260:  1565972.600  1565984.600  1566019.600  1566041.600  1566277.600
   265:  1566422.600  1566654.600  1567168.600  1567225.600  1567228.600
   270:  1567244.600  1567259.600  1567262.600  1567296.600  1567355.600
   275:  1567408.600  1567526.600  1567615.600  1567834.600  1567854.600
   280:  1567876.600  1567905.600  1567926.600  1568004.600  1568049.600
   285:  1568114.600  1568222.600  1568230.600  1568247.600  1568381.600
   290:  1568390.600  1568396.600  1568634.600  1568644.600  1568670.600
   295:  1568846.600  1569144.600  1569334.600  1569632.600  1569690.600
   300:  1569725.600  1569755.600  1569765.600  1614780.600  1677251.600
   305:  1677342.600  1677514.600  1690897.200  1691388.600  1733057.600
   310:  1764148.600  1764639.600  1775453.600  1778026.600  1786746.200
   315:  1786965.600  1793669.200  1794493.600  1794532.600  1802174.600
   320:  1808862.600  1821490.650  1821747.650  1824272.650  1824424.650
   325:  1832901.650  1836883.250  1861229.250  1864308.650  1868671.250
   330:  1876894.650  1905040.400  1905085.410  1905134.410  1905163.610
   335:  1905179.410  1905228.410  1905273.410  1905322.410  1905367.410
   340:  1905416.410  1905461.410  1905466.420  1909983.600  1910044.600
   345:  1910751.600  1910800.600  1910887.600  1910896.600  1910909.600
   350:  1910941.600  1910979.600  1911054.600  1911074.600  1911540.600
   355:  1911545.600  1911554.600  1911650.600  1911711.600  1911802.600
   360:  1911833.600  1912196.600  1912325.600  1922772.600  1923169.600
   365:  1923561.600  1927411.200  1927698.600  2200714.400  2200759.410
   370:  2200808.410  2200853.410  2200856.610  2200902.410  2200947.410
   375:  2200996.410  2201041.410  2201090.410  2201135.410  2201140.420
   380:  2201388.600  2201417.600  2201463.600  2201487.600  2201507.600
   385:  2201532.600  2201567.600  2201580.600  2201603.600  2201621.600
   390:  2201628.600  2201650.600  2201757.600  2201780.600  2201827.600
   395:  2201919.600  2201946.600  2201967.600  2202034.600  2202050.600
   400:  2202075.600  2202093.600  2202119.600  2202142.600  2202164.600
   405:  2202182.600  2202199.600  2202243.600  2202268.600  2202288.600
   410:  2202312.600  2202330.600  2202359.600  2202398.600  2202420.600
   415:  2202443.600  2202464.600  2202488.600  2202511.600  2203666.600
   420:  2204959.600  2204975.600  2205113.600  2205158.600  2205182.600
   425:  2205198.600  2205237.600  2205240.600  2205253.600  2205275.600
   430:  2205372.600  2205389.600  2205408.600  2205446.600  2205456.600
   435:  2205830.600  2206039.600  2206139.600  2206146.600  2206292.600
   440:  2206309.600  2206357.600  2206386.600  2206409.600  2206789.600
   445:  2206865.600  2206868.600  2206875.600  2206992.600  2207346.600
   450:  2207359.600  2207794.600  2207800.600  2346813.400  2346858.410
   455:  2346907.410  2346952.410  2347001.410  2347046.410  2347054.610
   460:  2347095.410  2347140.410  2347189.410  2347234.410  2347239.420
   465:  2348794.600  2348839.600  2348895.600  2348925.600  2348939.600
   470:  2348969.600  2348977.600  2349024.600  2349037.600  2349076.600
   475:  2349123.600  2349134.600  2349159.600  2349323.600  2349623.600
   480:  2349774.600  2349939.600  2349943.600  2349944.600  2349949.600
   485:  2349983.600  2350072.600  2350260.600  2350391.600  2350396.600
   490:  2351313.600  2351369.600  2351707.600  2352285.600  2352713.600
   495:  2353660.600  2353677.600  2353685.600  2354941.600  2460558.650
   500:  2478147.400  2478192.410  2478241.410  2478279.610  2478286.410
   505:  2478335.410  2478380.410  2478429.410  2478474.410  2478523.410
   510:  2478568.410  2478573.420  2480736.600  2480817.600  2483502.600
   515:  2483746.600  2483759.600  2483929.600  2483951.600  2484076.600
   520:  2484208.600  2484654.600  2484672.600  2484690.600  2484703.600
   525:  2484740.600  2484747.600  2541479.600  2545579.200  2594298.600
   530:  2594348.600  2598472.600  2598482.600  2599137.600  2599215.600
   535:  2599246.600  2641319.600  2641777.600  2653726.600  2715704.600
   540:  2730869.600  2733272.600  2744787.600  3030496.400  3030541.410
   545:  3030590.410  3030610.610  3030635.410  3030684.410  3030729.410
   550:  3030778.410  3030823.410  3030872.410  3030917.410  3030922.420
   555:  3035153.600  3035169.600  3035186.600  3035223.600  3035605.600
   560:  3035669.600  3035677.600  3035899.600  3035904.600  3035931.600
   565:  3035967.600  3036298.600  3102125.600  3102310.600  3102764.600
   570:  3107567.600  3107611.600  3133461.600  3133524.600  3170628.600
   575:  3170727.600  3170764.600  3186319.600  3198317.600  3201339.200
   580:  3207071.200  3207478.600  3210603.200  3249973.200  3250343.200
   585:  3252283.200  3252426.200  3252613.200  3252768.600  3502438.400
   590:  3502483.410  3502532.410  3502577.410  3502626.410  3502632.610
   595:  3502651.610  3502671.410  3502720.410  3502765.410  3502814.410
   600:  3502859.410  3502864.420  3506199.600  3506305.600  3506551.600
   605:  3506602.600  3506621.600  3506629.600  3506650.600  3506662.600
   610:  3506684.600  3506708.600  3506800.600  3506818.600  3506823.600
   615:  3506833.600  3506841.600  3506849.600  3506854.600  3506860.600
   620:  3506886.600  3506894.600  3506908.600  3506919.600  3506938.600
   625:  3506969.600  3507035.600  3507876.600  3507911.600  3507998.600
   630:  3508235.600  3508254.600  3548310.600  3553437.200  3910831.600
   635:  4034289.600  4077326.200  4096541.600  4107797.600  4107823.600
   640:  4112541.200  4112646.200  4113343.600  4132161.200  4132360.200
   645:  4132935.200  4137685.200  4137754.200  4146886.600  4323834.999
E:
     0:        5.200       16.300       28.800       43.200       59.900
     5:       80.100      105.300      139.300      191.600      330.300
F:
     0:        0.000        0.000        0.000        0.000        0.000
     5:        0.000
L:
     0:      208.000      125.000      146.000      122.000      141.000
     5:      240.000      131.000      113.000      193.000
M:
     0:        0.000        0.000        0.000        0.000        0.000
     5:        0.000
