File: C:\MED-PC IV\DATA\!2023-02-23_18h49m.Subject DF24


Start Date: 02/23/23
End Date: 02/24/23
Subject: DF24
Experiment: delayed_acquisition
Group: 1
Box: 4
Start Time: 18:49:06
End Time:  7:10:59
MSN: Delayed_AcquisitionYoked2_w_magmacro
G:       0.000
H:       0.000
I:       0.000
J:       0.000
K:       0.000
N:       0.000
O:       0.000
P:       0.000
Q:       0.000
R:       0.000
S:       0.000
T:       0.000
U:       0.000
V:       0.000
W:       0.000
X:      -6.000
Y:       0.000
Z:       0.000
A:
     0:        2.000       60.000  4320000.000        1.000        0.000
     5:        1.000    96000.000        1.000       10.000        0.000
    10:        0.000        0.000        0.000        0.000        0.000
    15:        0.000        0.000        0.000        0.000        0.000
    20:        0.000        0.000        0.000        0.000        0.000
    25:        0.000        0.000        0.000        0.000        0.000
    30:        0.000        0.000        0.000        0.000        0.000
    35:        0.000        0.000        0.000        0.000        0.000
    40:        0.000        0.000        0.000        0.000        0.000
    45:        0.000        0.000        0.000        0.000        0.000
    50:        0.000        0.000        0.000        0.000        0.000
    55:        0.000        0.000        0.000        0.000        0.000
    60:        0.000        0.000        0.000        0.000        0.000
    65:        0.000        0.000        0.000        0.000        0.000
    70:        0.000        0.000        0.000        0.000        0.000
    75:        0.000        0.000        0.000        0.000        0.000
    80:        0.000        0.000        0.000        0.000        0.000
    85:        0.000        0.000        0.000        0.000        0.000
    90:        0.000        0.000        0.000        0.000        0.000
    95:        0.000        0.000        0.000        0.000        0.000
   100:        0.000
B:
     0:  4320000.000  4322982.000        1.000       13.000        0.000
     5:        0.000        0.000        7.000      771.000      987.000
    10:        0.000      688.000        8.000       13.000      186.000
    15:        0.000        7.000        0.000        0.000        0.000
    20:        0.000        0.000        0.000        0.000        0.000
    25:        0.000        0.000        0.000        0.000        0.000
    30:        2.073        0.000        0.000       70.000        0.000
    35:        0.000        0.000        0.000        0.000        0.000
    40:        0.000        0.000        0.000        0.000        0.000
    45:        0.000        0.000        0.000        0.000        0.000
    50:        0.000        0.000        0.000        0.000        0.000
    55:        0.000        0.000        0.000        0.000        0.000
    60:        0.000        0.000        0.000        0.000        0.000
    65:        0.000        0.000        0.000        0.000        0.000
    70:        0.000        0.000        0.000        0.000        0.000
    75:        0.000        0.000        0.000        0.000        0.000
    80:        0.000        0.000        0.000        0.000        0.000
    85:        0.000        0.000        0.000        0.000        0.000
    90:        0.000        0.000        0.000        0.000        0.000
    95:        0.000        0.000        0.000        0.000        0.000
   100:        0.000
C:
     0:     2404.300     4266.300     4593.300     4763.300     4972.300
     5:     5177.300     8444.300   104738.200   104738.200   104738.200
    10:   104738.200   104738.200   104738.200   104738.200   104738.200
    15:   104738.200   104738.200   104741.300   107704.300   108161.300
    20:   108580.300   109185.300   109443.300   109878.300   110138.300
    25:   110250.300   110584.300   111058.300   111542.300   111631.300
    30:   113637.300   113648.300   114185.300   114386.300   115422.300
    35:   118108.300   118198.300   118265.300   118342.300   119199.300
    40:   119255.300   119718.300   122304.300   123620.300   124217.300
    45:   124487.300   124497.300   125096.300   125389.300   126717.300
    50:   128255.300   130300.300   130472.300   131775.300   131897.300
    55:   134441.300   134524.300   139335.300   139603.300   140504.300
    60:   140868.300   145662.300   145701.300   146095.300   156237.300
    65:   156246.300   156407.300   157239.300   157565.300   162044.300
    70:   162964.300   163157.300   163964.300   168639.300   168715.300
    75:   173733.300   175918.300   178126.300   182024.300   182056.300
    80:   182485.300   182987.300   184052.300   189842.300   192589.300
    85:   192767.300   195822.300   195838.300   195855.300   197136.300
    90:   197460.300   201627.300   205127.300   205567.300   206177.300
    95:   206364.300   209076.300   210339.300   216094.300   216147.300
   100:   219156.300   219464.300   219505.300   223148.300   228145.300
   105:   228230.300   233315.300   234671.300   234788.300   235039.300
   110:   235226.300   238765.300   239997.100   240604.300   241890.300
   115:   246444.300   255133.300   256196.300   257554.300   257843.300
   120:   262389.300   262480.300   263786.300   268143.300   274372.300
   125:   275531.300   291850.300   296012.300   299452.300   302710.300
   130:   305134.300   309271.300   311700.300   317861.300   319594.300
   135:   319627.300   335114.300   336636.300   340673.300   341516.300
   140:   345037.300   348537.300   350675.300   350747.300   350793.300
   145:   354934.300   354998.300   355138.300   358695.300   362327.300
   150:   368907.300   368913.300   370245.300   372962.300   373000.300
   155:   373251.300   373305.300   382294.300   383814.300   386282.300
   160:   392294.300   393830.300   395080.300   408613.300   410196.300
   165:   416616.300   418260.300   420790.300   523374.200   523374.200
   170:   523374.200   523374.200   523374.200   523374.200   523374.200
   175:   523374.200   523374.200   523374.200   525142.300   525152.300
   180:   526043.300   526310.300   526373.300   526744.300   526756.300
   185:   526999.300   527022.300   527043.300   527060.300   527083.300
   190:   527103.300   527125.300   527160.300   527176.300   528071.300
   195:   528356.300   529864.300   530265.300   531990.300   535838.300
   200:   538784.300   538977.300   539041.300   540799.300   540828.300
   205:   540892.300   541370.300   541401.300   542154.300   542262.300
   210:   542277.300   543215.300   543265.300   543324.300   544729.300
   215:   550981.300   551755.300   553843.300   554076.300   557029.300
   220:   557079.300   561976.300   562123.300   564668.300   568366.300
   225:   573172.300   573277.300   586232.300   586247.300   600270.300
   230:   601113.300   601393.300   602403.300   607881.300   610092.300
   235:   610100.300   610232.300   618230.300   639509.300   647241.300
   240:   652299.300   652364.300   655518.300   655617.300   655942.300
   245:   657892.300   670830.300   691361.300   692143.300   694536.300
   250:   694707.300   696018.300   699223.300   708745.300   708765.300
   255:   714903.300   714916.300   716100.300   716292.300   716349.300
   260:   722996.300   723824.300   726121.300   726601.300   726615.300
   265:   728247.300   736929.300   737008.300   740275.300   743309.300
   270:   744142.300   746713.300   753306.300   753791.300   755318.300
   275:   760114.300   765018.300   768976.300   771758.300   782071.300
   280:   782481.300   782490.300   787451.300   789402.300   789415.300
   285:   789420.300   789441.300   789971.300   802446.300   805975.300
   290:   808607.300   909888.200   909888.200   909888.200   909888.200
   295:   909888.200   909888.200   909888.200   909888.200   909888.200
   300:   909888.200   912370.300   912383.300   912394.300   915006.300
   305:   915017.300   915040.300   916125.300   919111.300   920949.300
   310:   920979.300   921353.300   922167.300   923536.300   925111.300
   315:   925215.300   925511.300   926651.300   926761.300   927490.300
   320:   928550.300   952381.300   954075.300   964842.300   964918.300
   325:   966012.300   966664.300   972736.300   972776.300   974732.300
   330:   975068.300   981681.300   989344.300   991801.300   993150.300
   335:   993237.300  1003890.300  1004043.300  1005426.300  1006059.300
   340:  1012810.300  1013097.300  1013508.300  1016755.300  1025831.300
   345:  1026802.300  1027325.300  1031278.300  1031860.300  1031868.300
   350:  1044355.300  1044375.300  1048700.300  1057496.300  1064111.300
   355:  1064602.300  1064671.300  1064914.300  1068112.300  1068248.300
   360:  1068267.300  1069532.300  1069918.300  1070880.300  1073522.300
   365:  1074887.300  1076020.300  1077337.300  1081985.300  1082769.300
   370:  1086898.300  1089946.300  1100495.300  1101797.300  1103174.300
   375:  1105221.300  1105366.300  1105382.300  1111436.300  1112665.300
   380:  1115771.300  1117183.300  1119619.300  1119775.300  1216699.200
   385:  1216699.200  1216699.200  1216699.200  1216699.200  1216699.200
   390:  1216699.200  1216699.200  1216699.200  1216699.200  1220603.300
   395:  1222020.300  1222050.300  1222333.300  1223923.300  1224343.300
   400:  1229289.300  1230657.300  1231125.300  1231495.300  1234490.300
   405:  1234938.300  1236661.300  1239816.300  1240094.300  1241510.300
   410:  1243405.300  1243474.300  1244112.300  1244280.300  1248749.300
   415:  1258737.300  1261673.300  1263297.300  1266919.300  1270585.300
   420:  1293428.300  1305161.300  1306747.300  1306766.300  1306908.300
   425:  1311589.300  1327382.300  1331357.300  1331492.300  1331652.300
   430:  1343288.300  1346562.300  1347573.300  1348603.300  1348673.300
   435:  1351981.300  1355876.300  1360890.300  1360923.300  1363917.300
   440:  1364327.300  1364345.300  1364456.300  1364513.300  1378983.300
   445:  1381852.300  1383057.300  1384912.300  1395432.300  1395440.300
   450:  1395570.300  1411087.300  1411097.300  1421973.300  1422112.300
   455:  1423070.300  1423244.300  1423593.300  1424979.300  1425012.300
   460:  1425402.300  1429936.300  1430003.300  1431412.300  1432642.300
   465:  1437025.300  1439926.300  1440210.300  1440576.300  1440734.300
   470:  1441642.300  1447212.300  1451098.300  1453887.300  1453959.300
   475:  1457146.300  1554308.200  1554308.200  1554308.200  1554308.200
   480:  1554308.200  1554308.200  1554308.200  1554308.200  1554308.200
   485:  1554308.200  1556904.300  1556950.300  1559088.300  1559146.300
   490:  1559158.300  1559170.300  1559209.300  1559249.300  1559469.300
   495:  1559762.300  1562750.300  1563778.300  1565478.300  1571370.300
   500:  1574261.300  1574382.300  1578506.100  1584499.300  1587610.300
   505:  1588288.300  1588905.300  1589139.300  1595794.300  1595892.300
   510:  1596151.300  1598552.300  1635354.300  1635548.300  1640885.300
   515:  1677366.300  1677407.300  1679199.300  1679302.300  1680272.300
   520:  1680289.300  1683027.300  1684116.300  1684869.300  1686600.300
   525:  1687970.300  1691055.300  1693894.300  1693917.300  1792996.200
   530:  1792996.200  1792996.200  1792996.200  1792996.200  1792996.200
   535:  1792996.200  1792996.200  1792996.200  1792996.200  1793897.300
   540:  1793945.300  1793958.300  1794023.300  1794427.300  1794458.300
   545:  1794463.300  1794473.300  1794479.300  1794572.300  1794576.300
   550:  1794594.300  1794599.300  1794605.300  1794609.300  1794619.300
   555:  1794634.300  1794651.300  1794671.300  1794683.300  1794706.300
   560:  1794723.300  1794734.300  1794771.300  1794775.300  1794780.300
   565:  1794796.300  1794810.300  1794819.300  1794826.300  1794845.300
   570:  1794861.300  1794990.300  1795043.300  1795078.300  1795491.300
   575:  1795516.300  1796616.300  1796652.300  1798420.300  1799585.300
   580:  1799601.300  1805372.300  1805843.300  1805956.300  1808250.300
   585:  1814793.300  1815016.300  1830699.300  1849373.300  1855751.300
   590:  1861888.300  1882509.300  1888314.300  1891253.300  1895315.300
   595:  1895328.300  1903068.300  1909719.300  1922687.300  1922873.300
   600:  1932868.300  1933745.300  1941577.300  1941760.300  1943122.300
   605:  1966034.300  1974089.300  1974108.300  1997992.300  2008269.300
   610:  2031989.300  2040605.300  2091731.300  2093295.300  2093549.300
   615:  2094619.300  2095194.300  2095293.300  2095739.300  2095753.300
   620:  2097979.300  2101636.300  2102328.300  2102804.100  2109078.100
   625:  2118458.300  2132942.100  2135675.300  2135877.300  2135965.300
   630:  2136205.300  2136312.300  2140372.300  2146167.300  2173074.300
   635:  2183238.300  2183273.300  2190651.300  2212545.300  2229354.300
   640:  2233285.300  2233327.300  2238406.300  2243554.300  2243593.300
   645:  2287548.300  2287584.300  2308012.300  2308716.300  2308818.300
   650:  2308827.300  2309159.300  2378399.300  2378411.300  2379168.300
   655:  2382354.300  2410148.300  2413692.300  2421215.300  2452188.300
   660:  2453946.300  2457445.300  2462357.300  2462401.300  2497340.300
   665:  2497959.300  2498011.300  2498347.300  2498401.300  2511781.300
   670:  2521597.300  2521767.300  2528225.100  2530045.300  2553046.300
   675:  2553314.300  2553579.300  2561248.300  2561263.300  2561276.300
   680:  2566998.300  2573625.300  2573636.300  2602086.300  2611554.300
   685:  2642243.300  2644259.300  2696259.300  2696375.300  2697134.300
   690:  2698447.300  2698471.300  2698693.300  2799136.200  2799136.200
   695:  2799136.200  2799136.200  2799136.200  2799136.200  2799136.200
   700:  2799136.200  2799136.200  2799136.200  2799211.300  2799223.300
   705:  2803295.300  2810035.300  2810137.300  2810185.300  2810221.300
   710:  2810259.300  2810418.300  2828869.300  2828992.300  2908444.300
   715:  2912538.100  2912577.100  2912607.100  2912923.100  2921071.300
   720:  2935074.300  2935257.300  2935289.300  2935639.300  2935673.300
   725:  2948741.300  2948789.300  2948932.300  2954628.300  2960061.100
   730:  2960436.100  2960885.100  2961749.300  2968565.300  2972885.300
   735:  2972920.300  2973659.300  2974247.300  2974272.300  2979189.300
   740:  2979977.300  3177823.300  3324939.300  3325006.300  3684916.300
   745:  3685195.300  3685516.300  3735665.300  3736301.300  3736411.300
   750:  3768850.300  3769026.300  3782434.300  3897452.300  3911112.300
   755:  3921880.300  3928339.300  3928564.300  3928637.300  3959411.300
   760:  3959441.300  3964590.300  3964840.300  3971441.300  3973696.300
   765:  4299606.300  4301023.300  4309069.300  4312270.300  4312368.300
   770:  4314907.300
D:
     0:        0.111     2404.600     4266.600     4593.600     4763.600
     5:     4972.600     5177.600     8444.600     8786.650    15304.650
    10:    15589.650    15990.650    18419.650    19407.650    19421.650
    15:    25697.650    27940.650    28086.650    28925.650    28948.650
    20:    29023.650    29821.650    31330.650    31354.650    33103.250
    25:    33148.250    33425.250    33738.250    34221.250    35035.250
    30:    35537.650    35733.650    35741.650    41871.650    43367.650
    35:    44489.250    44616.250    49289.650    56867.650    57185.650
    40:    57715.650    57743.650    57796.650    57810.650    58261.650
    45:    58655.650    58688.650    65878.650    66217.650    66255.650
    50:    66349.650    66389.650    67196.250    70912.650    70944.650
    55:    71257.650    74255.650    75560.650    75582.650    75625.650
    60:   103066.650   104738.400   104783.410   104805.610   104832.410
    65:   104877.410   104926.410   104971.410   105020.410   105065.410
    70:   105114.410   105159.410   105164.420   105167.600   108130.600
    75:   108587.600   109006.600   109611.600   109869.600   110304.600
    80:   110564.600   110676.600   111010.600   111484.600   111968.600
    85:   112057.600   114063.600   114074.600   114611.600   114812.600
    90:   115848.600   118534.600   118624.600   118691.600   118768.600
    95:   119625.600   119681.600   120144.600   122730.600   124046.600
   100:   124643.600   124913.600   124923.600   125522.600   125815.600
   105:   127143.600   128681.600   130726.600   130898.600   132201.600
   110:   132323.600   134867.600   134950.600   139761.600   140029.600
   115:   140930.600   141294.600   146088.600   146127.600   146521.600
   120:   156663.600   156672.600   156833.600   157665.600   157991.600
   125:   162470.600   163390.600   163583.600   164390.600   169065.600
   130:   169141.600   174159.600   176344.600   178552.600   182450.600
   135:   182482.600   182911.600   183413.600   184478.600   190268.600
   140:   193015.600   193193.600   196248.600   196264.600   196281.600
   145:   197562.600   197886.600   202053.600   205553.600   205993.600
   150:   206603.600   206790.600   209502.600   210765.600   216520.600
   155:   216573.600   219582.600   219890.600   219931.600   223574.600
   160:   228571.600   228656.600   233741.600   235097.600   235214.600
   165:   235465.600   235652.600   239191.600   240423.200   241030.600
   170:   242316.600   246870.600   255559.600   256622.600   257980.600
   175:   258269.600   262815.600   262906.600   264212.600   268569.600
   180:   274798.600   275957.600   292276.600   296438.600   299878.600
   185:   303136.600   305560.600   309697.600   312126.600   318287.600
   190:   320020.600   320053.600   335540.600   337062.600   341099.600
   195:   341942.600   345463.600   348963.600   351101.600   351173.600
   200:   351219.600   355360.600   355424.600   355564.600   359121.600
   205:   362753.600   369333.600   369339.600   370671.600   373388.600
   210:   373426.600   373677.600   373731.600   382720.600   384240.600
   215:   386708.600   392720.600   394256.600   395506.600   409039.600
   220:   410622.600   417042.600   418686.600   421216.600   430570.650
   225:   431373.650   433537.650   433549.650   433568.650   433575.650
   230:   433588.650   433605.650   435192.650   435577.650   441218.650
   235:   441292.650   463287.650   463325.650   464624.650   475009.650
   240:   476479.650   478173.650   478413.650   486692.650   488957.650
   245:   490169.650   490859.650   501080.650   501501.650   501698.650
   250:   503192.650   507613.650   521132.650   522130.650   523053.650
   255:   523800.400   523845.410   523894.410   523939.410   523988.410
   260:   524033.410   524082.410   524125.610   524127.410   524176.410
   265:   524221.410   524226.420   525994.600   526004.600   526895.600
   270:   527162.600   527225.600   527596.600   527608.600   527851.600
   275:   527874.600   527895.600   527912.600   527935.600   527955.600
   280:   527977.600   528012.600   528028.600   528923.600   529208.600
   285:   530716.600   531117.600   532842.600   536690.600   539636.600
   290:   539829.600   539893.600   541651.600   541680.600   541744.600
   295:   542222.600   542253.600   543006.600   543114.600   543129.600
   300:   544067.600   544117.600   544176.600   545581.600   551833.600
   305:   552607.600   554695.600   554928.600   557881.600   557931.600
   310:   562828.600   562975.600   565520.600   569218.600   574024.600
   315:   574129.600   587084.600   587099.600   601122.600   601965.600
   320:   602245.600   603255.600   608733.600   610944.600   610952.600
   325:   611084.600   619082.600   640361.600   648093.600   653151.600
   330:   653216.600   656370.600   656469.600   656794.600   658744.600
   335:   671682.600   692213.600   692995.600   695388.600   695559.600
   340:   696870.600   700075.600   709597.600   709617.600   715755.600
   345:   715768.600   716952.600   717144.600   717201.600   723848.600
   350:   724676.600   726973.600   727453.600   727467.600   729099.600
   355:   737781.600   737860.600   741127.600   744161.600   744994.600
   360:   747565.600   754158.600   754643.600   756170.600   760966.600
   365:   765870.600   769828.600   772610.600   782923.600   783333.600
   370:   783342.600   788303.600   790254.600   790267.600   790272.600
   375:   790293.600   790823.600   803298.600   806827.600   809459.600
   380:   824827.650   827568.650   830647.650   834517.650   837648.650
   385:   838738.250   849699.650   849868.650   860548.650   860786.650
   390:   861466.650   861617.650   861936.650   863136.650   863407.650
   395:   863416.650   864323.650   870472.650   889602.650   906162.650
   400:   910740.400   910785.410   910805.610   910813.610   910834.410
   405:   910879.410   910928.410   910973.410   911022.410   911067.410
   410:   911116.410   911161.410   911166.420   913648.600   913661.600
   415:   913672.600   916284.600   916295.600   916318.600   917403.600
   420:   920389.600   922227.600   922257.600   922631.600   923445.600
   425:   924814.600   926389.600   926493.600   926789.600   927929.600
   430:   928039.600   928768.600   929828.600   953659.600   955353.600
   435:   966120.600   966196.600   967290.600   967942.600   974014.600
   440:   974054.600   976010.600   976346.600   982959.600   990622.600
   445:   993079.600   994428.600   994515.600  1005168.600  1005321.600
   450:  1006704.600  1007337.600  1014088.600  1014375.600  1014786.600
   455:  1018033.600  1027109.600  1028080.600  1028603.600  1032556.600
   460:  1033138.600  1033146.600  1045633.600  1045653.600  1049978.600
   465:  1058774.600  1065389.600  1065880.600  1065949.600  1066192.600
   470:  1069390.600  1069526.600  1069545.600  1070810.600  1071196.600
   475:  1072158.600  1074800.600  1076165.600  1077298.600  1078615.600
   480:  1083263.600  1084047.600  1088176.600  1091224.600  1101773.600
   485:  1103075.600  1104452.600  1106499.600  1106644.600  1106660.600
   490:  1112714.600  1113943.600  1117049.600  1118461.600  1120897.600
   495:  1121053.600  1125308.650  1126328.650  1136509.650  1141961.650
   500:  1143684.650  1143970.650  1144027.650  1144080.650  1144120.650
   505:  1156942.650  1157960.650  1159560.650  1161755.650  1168258.650
   510:  1168340.650  1168384.650  1169152.650  1169837.650  1170268.650
   515:  1170288.650  1170409.650  1175358.650  1175502.650  1175765.650
   520:  1175952.650  1176126.650  1185925.650  1189773.650  1197615.650
   525:  1204469.650  1205877.650  1206424.650  1206433.650  1207168.650
   530:  1207642.650  1208242.650  1217977.400  1218022.410  1218071.410
   535:  1218116.410  1218134.610  1218165.410  1218210.410  1218259.410
   540:  1218304.410  1218353.410  1218398.410  1218403.420  1222307.600
   545:  1223724.600  1223754.600  1224037.600  1225627.600  1226047.600
   550:  1230993.600  1232361.600  1232829.600  1233199.600  1236194.600
   555:  1236642.600  1238365.600  1241520.600  1241798.600  1243214.600
   560:  1245109.600  1245178.600  1245816.600  1245984.600  1250453.600
   565:  1260441.600  1263377.600  1265001.600  1268623.600  1272289.600
   570:  1295132.600  1306865.600  1308451.600  1308470.600  1308612.600
   575:  1313293.600  1329086.600  1333061.600  1333196.600  1333356.600
   580:  1344992.600  1348266.600  1349277.600  1350307.600  1350377.600
   585:  1353685.600  1357580.600  1362594.600  1362627.600  1365621.600
   590:  1366031.600  1366049.600  1366160.600  1366217.600  1380687.600
   595:  1383556.600  1384761.600  1386616.600  1397136.600  1397144.600
   600:  1397274.600  1412791.600  1412801.600  1423677.600  1423816.600
   605:  1424774.600  1424948.600  1425297.600  1426683.600  1426716.600
   610:  1427106.600  1431640.600  1431707.600  1433116.600  1434346.600
   615:  1438729.600  1441630.600  1441914.600  1442280.600  1442438.600
   620:  1443346.600  1448916.600  1452802.600  1455591.600  1455663.600
   625:  1458850.600  1461288.650  1461548.650  1461590.650  1462139.650
   630:  1463753.650  1465087.650  1479789.650  1482943.650  1483836.650
   635:  1491647.650  1493703.650  1501590.650  1501643.650  1504117.650
   640:  1513247.650  1538980.650  1540072.650  1540131.650  1541079.650
   645:  1550023.650  1552210.650  1553888.250  1555161.650  1556012.400
   650:  1556057.410  1556106.410  1556151.410  1556200.410  1556207.610
   655:  1556217.610  1556245.410  1556294.410  1556339.410  1556388.410
   660:  1556433.410  1556438.420  1559034.600  1559080.600  1561218.600
   665:  1561276.600  1561288.600  1561300.600  1561339.600  1561379.600
   670:  1561599.600  1561892.600  1564880.600  1565908.600  1567608.600
   675:  1573500.600  1576391.600  1576512.600  1580636.200  1586629.600
   680:  1589740.600  1590418.600  1591035.600  1591269.600  1597924.600
   685:  1598022.600  1598281.600  1600682.600  1637484.600  1637678.600
   690:  1643015.600  1679496.600  1679537.600  1681329.600  1681432.600
   695:  1682402.600  1682419.600  1685157.600  1686246.600  1686999.600
   700:  1688730.600  1690100.600  1693185.600  1696024.600  1696047.600
   705:  1700802.650  1721292.650  1723812.250  1724066.250  1724851.650
   710:  1733118.650  1735548.650  1736212.650  1746597.650  1746669.650
   715:  1746707.650  1746855.650  1748574.650  1762280.650  1762325.650
   720:  1762343.650  1766692.650  1766856.650  1772122.650  1772160.650
   725:  1779238.650  1781317.650  1781442.650  1790040.650  1790969.650
   730:  1791406.650  1791889.650  1795126.400  1795171.410  1795220.410
   735:  1795265.410  1795274.610  1795314.410  1795359.410  1795408.410
   740:  1795453.410  1795502.410  1795547.410  1795552.420  1796453.600
   745:  1796501.600  1796514.600  1796579.600  1796983.600  1797014.600
   750:  1797019.600  1797029.600  1797035.600  1797128.600  1797132.600
   755:  1797150.600  1797155.600  1797161.600  1797165.600  1797175.600
   760:  1797190.600  1797207.600  1797227.600  1797239.600  1797262.600
   765:  1797279.600  1797290.600  1797327.600  1797331.600  1797336.600
   770:  1797352.600  1797366.600  1797375.600  1797382.600  1797401.600
   775:  1797417.600  1797546.600  1797599.600  1797634.600  1798047.600
   780:  1798072.600  1799172.600  1799208.600  1800976.600  1802141.600
   785:  1802157.600  1807928.600  1808399.600  1808512.600  1810806.600
   790:  1817349.600  1817572.600  1833255.600  1851929.600  1858307.600
   795:  1864444.600  1885065.600  1890870.600  1893809.600  1897871.600
   800:  1897884.600  1905624.600  1912275.600  1925243.600  1925429.600
   805:  1935424.600  1936301.600  1944133.600  1944316.600  1945678.600
   810:  1968590.600  1976645.600  1976664.600  2000548.600  2010825.600
   815:  2034545.600  2043161.600  2094287.600  2095851.600  2096105.600
   820:  2097175.600  2097750.600  2097849.600  2098295.600  2098309.600
   825:  2100535.600  2104192.600  2104884.600  2105360.200  2111634.200
   830:  2121014.600  2135498.200  2138231.600  2138433.600  2138521.600
   835:  2138761.600  2138868.600  2142928.600  2148723.600  2175630.600
   840:  2185794.600  2185829.600  2193207.600  2215101.600  2231910.600
   845:  2235841.600  2235883.600  2240962.600  2246110.600  2246149.600
   850:  2290104.600  2290140.600  2310568.600  2311272.600  2311374.600
   855:  2311383.600  2311715.600  2380955.600  2380967.600  2381724.600
   860:  2384910.600  2412704.600  2416248.600  2423771.600  2454744.600
   865:  2456502.600  2460001.600  2464913.600  2464957.600  2499896.600
   870:  2500515.600  2500567.600  2500903.600  2500957.600  2514337.600
   875:  2524153.600  2524323.600  2530781.200  2532601.600  2555602.600
   880:  2555870.600  2556135.600  2563804.600  2563819.600  2563832.600
   885:  2569554.600  2576181.600  2576192.600  2604642.600  2614110.600
   890:  2644799.600  2646815.600  2698815.600  2698931.600  2699690.600
   895:  2701003.600  2701027.600  2701249.600  2711188.650  2718141.650
   900:  2718192.650  2771922.650  2777374.650  2785549.650  2785725.650
   905:  2789009.650  2800448.650  2801692.400  2801737.410  2801786.410
   910:  2801831.410  2801880.410  2801925.410  2801974.410  2802019.410
   915:  2802068.410  2802113.410  2802118.420  2802193.600  2802205.600
   920:  2806277.600  2813017.600  2813119.600  2813167.600  2813203.600
   925:  2813241.600  2813400.600  2831851.600  2831974.600  2911426.600
   930:  2915520.200  2915559.200  2915589.200  2915905.200  2924053.600
   935:  2938056.600  2938239.600  2938271.600  2938621.600  2938655.600
   940:  2951723.600  2951771.600  2951914.600  2957610.600  2963043.200
   945:  2963418.200  2963867.200  2964731.600  2971547.600  2975867.600
   950:  2975902.600  2976641.600  2977229.600  2977254.600  2982171.600
   955:  2982959.600  3180805.600  3327921.600  3327988.600  3687898.600
   960:  3688177.600  3688498.600  3738647.600  3739283.600  3739393.600
   965:  3771832.600  3772008.600  3785416.600  3900434.600  3914094.600
   970:  3924862.600  3931321.600  3931546.600  3931619.600  3962393.600
   975:  3962423.600  3967572.600  3967822.600  3974423.600  3976678.600
   980:  4302588.600  4304005.600  4312051.600  4315252.600  4315350.600
   985:  4317889.600  4322982.999
E:
     0:        5.200       16.300       28.800       43.200       59.900
     5:       80.100      105.300      139.300      191.600      330.300
F:
     0:        0.000        0.000        0.000        0.000        0.000
     5:        0.000
L:
     0:       66.000      324.000       64.000      156.000      194.000
     5:      147.000      500.000
M:
     0:        0.000        0.000        0.000        0.000        0.000
     5:        0.000
