File: C:\MED-PC IV\DATA\!2023-03-01_18h38m.Subject DF24


Start Date: 03/01/23
End Date: 03/02/23
Subject: DF24
Experiment: delayed_acquisition
Group: 1
Box: 4
Start Time: 18:38:32
End Time:  7:00:26
MSN: Delayed_AcquisitionYoked2_w_magmacro
G:       0.000
H:       0.000
I:       0.000
J:       0.000
K:       0.000
N:       0.000
O:       0.000
P:       0.000
Q:       0.000
R:       0.000
S:       0.000
T:       0.000
U:       0.000
V:       0.000
W:       0.000
X:      -6.000
Y:       0.000
Z:       0.000
A:
     0:        2.000       60.000  4320000.000        1.000        0.000
     5:        1.000    96000.000        1.000       10.000        0.000
    10:        0.000        0.000        0.000        0.000        0.000
    15:        0.000        0.000        0.000        0.000        0.000
    20:        0.000        0.000        0.000        0.000        0.000
    25:        0.000        0.000        0.000        0.000        0.000
    30:        0.000        0.000        0.000        0.000        0.000
    35:        0.000        0.000        0.000        0.000        0.000
    40:        0.000        0.000        0.000        0.000        0.000
    45:        0.000        0.000        0.000        0.000        0.000
    50:        0.000        0.000        0.000        0.000        0.000
    55:        0.000        0.000        0.000        0.000        0.000
    60:        0.000        0.000        0.000        0.000        0.000
    65:        0.000        0.000        0.000        0.000        0.000
    70:        0.000        0.000        0.000        0.000        0.000
    75:        0.000        0.000        0.000        0.000        0.000
    80:        0.000        0.000        0.000        0.000        0.000
    85:        0.000        0.000        0.000        0.000        0.000
    90:        0.000        0.000        0.000        0.000        0.000
    95:        0.000        0.000        0.000        0.000        0.000
   100:        0.000
B:
     0:  4320000.000  4324686.000        1.000        1.000        0.000
     5:        0.000        0.000       11.000      608.000      775.000
    10:        0.000      497.000       17.000        3.000      134.000
    15:        0.000       11.000        0.000        0.000        0.000
    20:        0.000        0.000        0.000        0.000        0.000
    25:        0.000        0.000        0.000        0.000        0.000
    30:        1.386        0.000        0.000      110.000        0.000
    35:        0.000        0.000        0.000        0.000        0.000
    40:        0.000        0.000        0.000        0.000        0.000
    45:        0.000        0.000        0.000        0.000        0.000
    50:        0.000        0.000        0.000        0.000        0.000
    55:        0.000        0.000        0.000        0.000        0.000
    60:        0.000        0.000        0.000        0.000        0.000
    65:        0.000        0.000        0.000        0.000        0.000
    70:        0.000        0.000        0.000        0.000        0.000
    75:        0.000        0.000        0.000        0.000        0.000
    80:        0.000        0.000        0.000        0.000        0.000
    85:        0.000        0.000        0.000        0.000        0.000
    90:        0.000        0.000        0.000        0.000        0.000
    95:        0.000        0.000        0.000        0.000        0.000
   100:        0.000
C:
     0:      387.300      397.300    97087.200    97087.200    97087.200
     5:    97087.200    97087.200    97087.200    97087.200    97087.200
    10:    97087.200    97087.200    97482.300    97532.300   103273.300
    15:   103711.300   103981.300   104007.300   104084.300   107014.300
    20:   107025.300   107148.300   107522.300   112774.300   113079.300
    25:   114409.300   114593.300   114677.300   116023.300   116060.300
    30:   116070.300   116133.300   117018.300   118059.300   118137.300
    35:   119933.300   120035.300   122497.300   127117.300   138358.300
    40:   236737.200   236737.200   236737.200   236737.200   236737.200
    45:   236737.200   236737.200   236737.200   236737.200   236737.200
    50:   237242.300   237270.300   237294.300   237325.300   237331.300
    55:   237352.300   237375.300   237399.300   237420.300   237446.300
    60:   237475.300   237494.300   237520.300   237545.300   237572.300
    65:   237600.300   237639.300   237664.300   237681.300   237727.300
    70:   239348.300   245944.300   246700.300   246720.300   349039.200
    75:   349039.200   349039.200   349039.200   349039.200   349039.200
    80:   349039.200   349039.200   349039.200   349039.200   349379.300
    85:   349401.300   349426.300   349448.300   349478.300   349501.300
    90:   349523.300   349545.300   349570.300   349591.300   349615.300
    95:   349637.300   349659.300   349682.300   349709.300   349728.300
   100:   349753.300   349774.300   349791.300   349814.300   349837.300
   105:   349856.300   349859.300   349882.300   349901.300   349920.300
   110:   349941.300   349957.300   349979.300   349995.300   350018.300
   115:   350037.300   350092.300   350103.300   350532.300   352529.300
   120:   352602.300   352619.300   353395.300   353557.300   353568.300
   125:   358276.300   358922.300   359214.300   365524.300   367509.300
   130:   367593.300   381097.300   381171.300   381273.300   422466.300
   135:   425348.300   426296.300   430101.300   430344.300   448343.300
   140:   464216.300   563186.200   563186.200   563186.200   563186.200
   145:   563186.200   563186.200   563186.200   563186.200   563186.200
   150:   563186.200   563358.300   563389.300   563425.300   565235.300
   155:   565874.300   565902.300   565917.300   565936.300   565983.300
   160:   566374.300   566407.300   566430.300   568828.300   568850.300
   165:   580770.300   588065.300   588084.300   588148.300   592335.300
   170:   592413.300   593314.300   599247.300   608111.300   728866.200
   175:   728866.200   728866.200   728866.200   728866.200   728866.200
   180:   728866.200   728866.200   728866.200   728866.200   729220.300
   185:   729372.300   729444.300   729448.300   729487.300   729580.300
   190:   729608.300   729631.300   729653.300   730747.300   730789.300
   195:   731432.300   731574.300   731647.300   731653.300   731667.300
   200:   731710.300   731720.300   731737.300   731746.300   731775.300
   205:   731802.300   731871.300   731894.300   731933.300   731937.300
   210:   731943.300   731964.300   731981.300   732010.300   732011.300
   215:   732026.300   732035.300   732044.300   732073.300   732112.300
   220:   732139.300   732155.300   732204.300   732231.300   732705.300
   225:   732731.300   733737.300   733854.300   733866.300   733876.300
   230:   735678.300   735688.300   746390.300   746432.300   749459.300
   235:   749678.300   753814.300   754023.300   759275.300   759566.300
   240:   759585.300   759603.300   759730.300   792109.300   792894.300
   245:   894681.200   894681.200   894681.200   894681.200   894681.200
   250:   894681.200   894681.200   894681.200   894681.200   894681.200
   255:   894982.300   896211.300   896250.300   898487.300   899173.300
   260:   899205.300   899264.300   899267.300   899272.300   899384.300
   265:   903274.300   903584.300   912591.300   918920.300   919343.300
   270:   925689.300   977107.300   992503.300   992615.300   992854.300
   275:  1004071.300  1013599.300  1041323.300  1052302.300  1052318.300
   280:  1052327.300  1052367.300  1052384.300  1053674.300  1097422.300
   285:  1107820.300  1107884.300  1108253.300  1109303.300  1141567.300
   290:  1142477.300  1142861.300  1149751.300  1154126.300  1163588.300
   295:  1163613.300  1171110.300  1178602.300  1186096.300  1186199.300
   300:  1186228.300  1213546.300  1213569.300  1219764.300  1220396.300
   305:  1237533.300  1247367.300  1247435.300  1247654.300  1247706.300
   310:  1247983.300  1248674.300  1259413.300  1275960.300  1317433.300
   315:  1357165.300  1359887.300  1359949.300  1364319.300  1367568.300
   320:  1367579.300  1367704.300  1367727.300  1376524.300  1376818.300
   325:  1376823.300  1473613.200  1473613.200  1473613.200  1473613.200
   330:  1473613.200  1473613.200  1473613.200  1473613.200  1473613.200
   335:  1473613.200  1477097.300  1478078.300  1478166.300  1478874.300
   340:  1478920.300  1580360.200  1580360.200  1580360.200  1580360.200
   345:  1580360.200  1580360.200  1580360.200  1580360.200  1580360.200
   350:  1580360.200  1580592.300  1580600.300  1580624.300  1580657.300
   355:  1582053.300  1582123.300  1582301.300  1582368.300  1584566.300
   360:  1584612.300  1584648.300  1584664.300  1584757.300  1584835.300
   365:  1584935.300  1584965.300  1584991.300  1585003.300  1644532.300
   370:  1687455.300  1688537.300  1705778.300  1724552.300  1724668.300
   375:  1724673.300  1724741.300  1749449.300  1749497.300  1753279.300
   380:  1753473.300  1753520.300  1763377.300  1763439.300  1818664.300
   385:  1827486.300  1834262.300  1840591.300  1906951.300  1953783.300
   390:  1953800.300  1954563.300  1961337.300  1961937.300  1965295.300
   395:  1982503.300  2094097.300  2280305.300  2280606.300  2280649.300
   400:  2285871.300  2288729.300  2288859.300  2296725.300  2297164.300
   405:  2297232.300  2302481.300  2302723.300  2327990.300  2433805.300
   410:  2439350.300  2440508.300  2440844.300  2447328.300  2447472.300
   415:  2457257.300  2564299.300  2583920.300  2592162.300  2600327.300
   420:  2600389.300  2620577.300  2622362.300  2622592.300  2635456.300
   425:  2740700.200  2740700.200  2740700.200  2740700.200  2740700.200
   430:  2740700.200  2740700.200  2740700.200  2740700.200  2740700.200
   435:  2740904.300  2740942.300  2740970.300  2740974.300  2741009.300
   440:  2741028.300  2741056.300  2741079.300  2741107.300  2741132.300
   445:  2741136.300  2741162.300  2741186.300  2742835.300  2742881.300
   450:  2742905.300  2743366.300  2743393.300  2752900.300  2753010.300
   455:  2758631.300  2764710.300  2764962.300  2862538.200  2862538.200
   460:  2862538.200  2862538.200  2862538.200  2862538.200  2862538.200
   465:  2862538.200  2862538.200  2862538.200  2862836.300  2862868.300
   470:  2864259.300  2865696.300  2865757.300  2865777.300  2865779.300
   475:  2865843.300  2865871.300  2865894.300  2866094.300  2866232.300
   480:  2866258.300  2866268.300  2866280.300  2866305.300  2866418.300
   485:  2870995.300  2872694.300  2873112.300  2971682.200  2971682.200
   490:  2971682.200  2971682.200  2971682.200  2971682.200  2971682.200
   495:  2971682.200  2971682.200  2971682.200  2971890.300  2971900.300
   500:  2971903.300  2971925.300  2971958.300  2971977.300  2972021.300
   505:  2972069.300  2972093.300  2972118.300  2972146.300  2972162.300
   510:  2972186.300  2972217.300  2972238.300  2972282.300  2972375.300
   515:  2972444.300  2972459.300  2972481.300  2972510.300  2972531.300
   520:  2972555.300  2972581.300  2972626.300  2972651.300  2972666.300
   525:  2972693.300  2972801.300  2972915.300  2972941.300  2972959.300
   530:  2972983.300  2973003.300  2973047.300  2973092.300  2973117.300
   535:  2973136.300  2973155.300  2973200.300  2973270.300  2973291.300
   540:  2973336.300  2973358.300  2973378.300  2973453.300  2976129.300
   545:  2976511.300  2976697.300  2976743.300  2976760.300  2976784.300
   550:  2976803.300  2976895.300  2981597.300  2981935.300  2981993.300
   555:  2982020.300  2982228.300  2985973.300  2986309.300  2986499.300
   560:  2986513.300  2986549.300  2992080.300  2999026.300  2999043.300
   565:  3006625.300  3013229.300  3013274.300  3013347.300  3013415.300
   570:  3013603.300  3017855.300  3017877.300  3019431.300  3020069.100
   575:  3024543.300  3024582.300  3024650.300  3027791.300  3027840.300
   580:  3063596.300  3142604.300  3142619.300  3143145.300  3183149.300
   585:  3231365.300  3231414.300  3236533.300  3237951.300  3238187.300
   590:  3238344.300  3238349.300  3573610.300  3575864.300  3576173.300
   595:  3576303.300  3576366.300  3576520.300  3582463.300  3867230.300
   600:  3867873.300  3867909.300  3871085.300  3875262.300  3875347.300
   605:  3878842.300  4318912.300  4318962.300
D:
     0:        0.111      387.600      397.600     3166.650     4419.250
     5:     6514.650     6617.650     7147.250    11209.650    11613.650
    10:    11725.650    11732.650    11786.650    15256.650    15305.650
    15:    15725.650    18381.650    18566.650    25321.650    41528.650
    20:    49073.650    51605.650    66867.650    70349.650    72941.650
    25:    73277.650    80525.650    80740.650    83975.650    86798.650
    30:    86956.650    97087.400    97132.410    97181.410    97226.410
    35:    97275.410    97320.410    97354.610    97369.410    97414.410
    40:    97463.410    97508.410    97513.420    97908.600    97958.600
    45:   103699.600   104137.600   104407.600   104433.600   104510.600
    50:   107440.600   107451.600   107574.600   107948.600   113200.600
    55:   113505.600   114835.600   115019.600   115103.600   116449.600
    60:   116486.600   116496.600   116559.600   117444.600   118485.600
    65:   118563.600   120359.600   120461.600   122923.600   127543.600
    70:   138784.600   149087.650   153617.650   155515.650   155845.650
    75:   161517.650   175132.650   176231.650   176303.650   209386.650
    80:   209426.650   212072.650   212978.650   213059.650   213427.650
    85:   217903.650   225389.650   234483.650   234736.650   237163.400
    90:   237208.410   237219.610   237257.410   237302.410   237314.610
    95:   237351.410   237396.410   237445.410   237490.410   237539.410
   100:   237584.410   237589.420   238094.600   238122.600   238146.600
   105:   238177.600   238183.600   238204.600   238227.600   238251.600
   110:   238272.600   238298.600   238327.600   238346.600   238372.600
   115:   238397.600   238424.600   238452.600   238491.600   238516.600
   120:   238533.600   238579.600   240200.600   246796.600   247552.600
   125:   247572.600   292515.650   292554.650   293718.650   295845.650
   130:   298625.650   310478.650   323101.650   327383.650   331652.650
   135:   331688.650   349891.400   349936.410   349985.410   350030.410
   140:   350030.610   350079.410   350124.410   350173.410   350218.410
   145:   350267.410   350312.410   350317.420   350657.600   350679.600
   150:   350704.600   350726.600   350756.600   350779.600   350801.600
   155:   350823.600   350848.600   350869.600   350893.600   350915.600
   160:   350937.600   350960.600   350987.600   351006.600   351031.600
   165:   351052.600   351069.600   351092.600   351115.600   351134.600
   170:   351137.600   351160.600   351179.600   351198.600   351219.600
   175:   351235.600   351257.600   351273.600   351296.600   351315.600
   180:   351370.600   351381.600   351810.600   353807.600   353880.600
   185:   353897.600   354673.600   354835.600   354846.600   359554.600
   190:   360200.600   360492.600   366802.600   368787.600   368871.600
   195:   382375.600   382449.600   382551.600   423744.600   426626.600
   200:   427574.600   431379.600   431622.600   449621.600   465494.600
   205:   484487.650   501672.650   501705.650   511596.650   513079.650
   210:   513140.650   513180.650   557107.650   562331.650   562737.650
   215:   563310.650   563811.650   563859.650   564464.400   564509.410
   220:   564558.410   564595.610   564603.410   564652.410   564697.410
   225:   564746.410   564791.410   564840.410   564885.410   564890.420
   230:   565062.600   565093.600   565129.600   566939.600   567578.600
   235:   567606.600   567621.600   567640.600   567687.600   568078.600
   240:   568111.600   568134.600   570532.600   570554.600   582474.600
   245:   589769.600   589788.600   589852.600   594039.600   594117.600
   250:   595018.600   600951.600   609815.600   652427.650   667541.650
   255:   668199.650   668297.650   681147.650   681344.650   692707.650
   260:   693782.650   695087.650   695257.650   729973.650   730570.400
   265:   730615.410   730632.610   730664.410   730709.410   730758.410
   270:   730803.410   730852.410   730897.410   730946.410   730991.410
   275:   730996.420   731350.600   731502.600   731574.600   731578.600
   280:   731617.600   731710.600   731738.600   731761.600   731783.600
   285:   732877.600   732919.600   733562.600   733704.600   733777.600
   290:   733783.600   733797.600   733840.600   733850.600   733867.600
   295:   733876.600   733905.600   733932.600   734001.600   734024.600
   300:   734063.600   734067.600   734073.600   734094.600   734111.600
   305:   734140.600   734141.600   734156.600   734165.600   734174.600
   310:   734203.600   734242.600   734269.600   734285.600   734334.600
   315:   734361.600   734835.600   734861.600   735867.600   735984.600
   320:   735996.600   736006.600   737808.600   737818.600   748520.600
   325:   748562.600   751589.600   751808.600   755944.600   756153.600
   330:   761405.600   761696.600   761715.600   761733.600   761860.600
   335:   794239.600   795024.600   828492.650   839458.650   858448.650
   340:   880703.650   880914.650   881179.650   885384.650   885583.650
   345:   885681.650   892387.650   892406.650   892459.650   892706.650
   350:   896811.400   896856.410   896905.410   896950.410   896967.610
   355:   896992.610   896996.610   896999.410   897005.610   897044.410
   360:   897093.410   897138.410   897187.410   897232.410   897237.420
   365:   897538.600   898767.600   898806.600   901043.600   901729.600
   370:   901761.600   901820.600   901823.600   901828.600   901940.600
   375:   905830.600   906140.600   915147.600   921476.600   921899.600
   380:   928245.600   979663.600   995059.600   995171.600   995410.600
   385:  1006627.600  1016155.600  1043879.600  1054858.600  1054874.600
   390:  1054883.600  1054923.600  1054940.600  1056230.600  1099978.600
   395:  1110376.600  1110440.600  1110809.600  1111859.600  1144123.600
   400:  1145033.600  1145417.600  1152307.600  1156682.600  1166144.600
   405:  1166169.600  1173666.600  1181158.600  1188652.600  1188755.600
   410:  1188784.600  1216102.600  1216125.600  1222320.600  1222952.600
   415:  1240089.600  1249923.600  1249991.600  1250210.600  1250262.600
   420:  1250539.600  1251230.600  1261969.600  1278516.600  1319989.600
   425:  1359721.600  1362443.600  1362505.600  1366875.600  1370124.600
   430:  1370135.600  1370260.600  1370283.600  1379080.600  1379374.600
   435:  1379379.600  1383252.650  1383287.650  1389413.250  1390013.650
   440:  1395084.650  1397683.650  1397713.650  1397720.650  1397725.650
   445:  1397773.650  1421844.650  1421921.650  1422417.650  1457843.650
   450:  1457909.650  1470424.650  1471147.650  1471228.650  1476169.400
   455:  1476214.410  1476263.410  1476308.410  1476340.610  1476357.410
   460:  1476402.410  1476451.410  1476496.410  1476545.410  1476590.410
   465:  1476595.420  1480079.600  1481060.600  1481148.600  1481856.600
   470:  1481902.600  1508444.650  1514061.650  1515540.650  1515986.650
   475:  1546545.650  1556177.650  1556317.650  1559827.650  1576028.650
   480:  1576110.650  1583342.400  1583387.410  1583436.410  1583479.610
   485:  1583481.410  1583530.410  1583575.410  1583624.410  1583669.410
   490:  1583718.410  1583763.410  1583768.420  1584000.600  1584008.600
   495:  1584032.600  1584065.600  1585461.600  1585531.600  1585709.600
   500:  1585776.600  1587974.600  1588020.600  1588056.600  1588072.600
   505:  1588165.600  1588243.600  1588343.600  1588373.600  1588399.600
   510:  1588411.600  1647940.600  1690863.600  1691945.600  1709186.600
   515:  1727960.600  1728076.600  1728081.600  1728149.600  1752857.600
   520:  1752905.600  1756687.600  1756881.600  1756928.600  1766785.600
   525:  1766847.600  1822072.600  1830894.600  1837670.600  1843999.600
   530:  1910359.600  1957191.600  1957208.600  1957971.600  1964745.600
   535:  1965345.600  1968703.600  1985911.600  2097505.600  2283713.600
   540:  2284014.600  2284057.600  2289279.600  2292137.600  2292267.600
   545:  2300133.600  2300572.600  2300640.600  2305889.600  2306131.600
   550:  2331398.600  2437213.600  2442758.600  2443916.600  2444252.600
   555:  2450736.600  2450880.600  2460665.600  2567707.600  2587328.600
   560:  2595570.600  2603735.600  2603797.600  2623985.600  2625770.600
   565:  2626000.600  2638864.600  2658777.650  2718223.650  2744108.400
   570:  2744153.410  2744202.410  2744241.610  2744247.410  2744296.410
   575:  2744341.410  2744390.410  2744435.410  2744484.410  2744529.410
   580:  2744534.420  2744738.600  2744776.600  2744804.600  2744808.600
   585:  2744843.600  2744862.600  2744890.600  2744913.600  2744941.600
   590:  2744966.600  2744970.600  2744996.600  2745020.600  2746669.600
   595:  2746715.600  2746739.600  2747200.600  2747227.600  2756734.600
   600:  2756844.600  2762465.600  2768544.600  2768796.600  2772525.650
   605:  2772581.650  2772590.650  2793593.650  2793627.650  2837942.650
   610:  2858069.650  2858286.650  2866372.400  2866417.410  2866466.410
   615:  2866511.410  2866532.610  2866535.610  2866544.610  2866560.410
   620:  2866605.410  2866654.410  2866699.410  2866748.410  2866793.410
   625:  2866798.420  2867096.600  2867128.600  2868519.600  2869956.600
   630:  2870017.600  2870037.600  2870039.600  2870103.600  2870131.600
   635:  2870154.600  2870354.600  2870492.600  2870518.600  2870528.600
   640:  2870540.600  2870565.600  2870678.600  2875255.600  2876954.600
   645:  2877372.600  2883916.650  2884092.650  2897329.650  2897578.650
   650:  2962524.650  2971009.650  2975942.400  2975987.410  2976036.410
   655:  2976066.610  2976081.410  2976130.410  2976175.410  2976224.410
   660:  2976269.410  2976318.410  2976363.410  2976368.420  2976576.600
   665:  2976586.600  2976589.600  2976611.600  2976644.600  2976663.600
   670:  2976707.600  2976755.600  2976779.600  2976804.600  2976832.600
   675:  2976848.600  2976872.600  2976903.600  2976924.600  2976968.600
   680:  2977061.600  2977130.600  2977145.600  2977167.600  2977196.600
   685:  2977217.600  2977241.600  2977267.600  2977312.600  2977337.600
   690:  2977352.600  2977379.600  2977487.600  2977601.600  2977627.600
   695:  2977645.600  2977669.600  2977689.600  2977733.600  2977778.600
   700:  2977803.600  2977822.600  2977841.600  2977886.600  2977956.600
   705:  2977977.600  2978022.600  2978044.600  2978064.600  2978139.600
   710:  2980815.600  2981197.600  2981383.600  2981429.600  2981446.600
   715:  2981470.600  2981489.600  2981581.600  2986283.600  2986621.600
   720:  2986679.600  2986706.600  2986914.600  2990659.600  2990995.600
   725:  2991185.600  2991199.600  2991235.600  2996766.600  3003712.600
   730:  3003729.600  3011311.600  3017915.600  3017960.600  3018033.600
   735:  3018101.600  3018289.600  3022541.600  3022563.600  3024117.600
   740:  3024755.200  3029229.600  3029268.600  3029336.600  3032477.600
   745:  3032526.600  3068282.600  3147290.600  3147305.600  3147831.600
   750:  3187835.600  3236051.600  3236100.600  3241219.600  3242637.600
   755:  3242873.600  3243030.600  3243035.600  3578296.600  3580550.600
   760:  3580859.600  3580989.600  3581052.600  3581206.600  3587149.600
   765:  3871916.600  3872559.600  3872595.600  3875771.600  3879948.600
   770:  3880033.600  3883528.600  4323598.600  4323648.600  4324686.999
E:
     0:        5.200       16.300       28.800       43.200       59.900
     5:       80.100      105.300      139.300      191.600      330.300
F:
     0:        0.000        0.000        0.000        0.000        0.000
     5:        0.000
L:
     0:      266.000       55.000      138.000      130.000       61.000
     5:      155.000      170.000      136.000      132.000      159.000
    10:      123.000
M:
     0:        0.000        0.000        0.000        0.000        0.000
     5:        0.000
