File: C:\MED-PC IV\DATA\!2023-02-25_18h39m.Subject DF30


Start Date: 02/25/23
End Date: 02/26/23
Subject: DF30
Experiment: delayed_acquisition
Group: 1
Box: 10
Start Time: 18:39:52
End Time:  6:58:33
MSN: Delayed_Acquisition2_w_magmacro
G:       0.000
H:       0.000
I:       0.000
J:       0.000
K:       0.000
N:       0.000
O:       0.000
P:       0.000
Q:       0.000
R:       0.000
S:       0.000
T:       0.000
U:       0.000
V:       0.000
W:       0.000
X:       0.000
Y:       0.000
Z:       0.000
A:
     0:        2.000       60.000  4320000.000        1.000        0.000
     5:        1.000    96000.000        0.000       10.000        0.000
    10:        0.000        0.000        0.000        0.000        0.000
    15:        0.000        0.000        0.000        0.000        0.000
    20:        0.000        0.000        0.000        0.000        0.000
    25:        0.000        0.000        0.000        0.000        0.000
    30:        0.000        0.000        0.000        0.000        0.000
    35:        0.000        0.000        0.000        0.000        0.000
    40:        0.000        0.000        0.000        0.000        0.000
    45:        0.000        0.000        0.000        0.000        0.000
    50:        0.000        0.000        0.000        0.000        0.000
    55:        0.000        0.000        0.000        0.000        0.000
    60:        0.000        0.000        0.000        0.000        0.000
    65:        0.000        0.000        0.000        0.000        0.000
    70:        0.000        0.000        0.000        0.000        0.000
    75:        0.000        0.000        0.000        0.000        0.000
    80:        0.000        0.000        0.000        0.000        0.000
    85:        0.000        0.000        0.000        0.000        0.000
    90:        0.000        0.000        0.000        0.000        0.000
    95:        0.000        0.000        0.000        0.000        0.000
   100:        0.000
B:
     0:  4320000.000  4321704.000        1.000        4.000        0.000
     5:        0.000        0.000        4.000      277.000      330.000
    10:        0.000      233.000        6.000        5.000       36.000
    15:        0.000        4.000        0.000        0.000        0.000
    20:        0.000        0.000        0.000        0.000        0.000
    25:        0.000        0.000        0.000        0.000        0.000
    30:        1.238        0.000        0.000       40.000        0.000
    35:        0.000        0.000        0.000        0.000        0.000
    40:        0.000        0.000        0.000        0.000        0.000
    45:        0.000        0.000        0.000        0.000        0.000
    50:        0.000        0.000        0.000        0.000        0.000
    55:        0.000        0.000        0.000        0.000        0.000
    60:        0.000        0.000        0.000        0.000        0.000
    65:        0.000        0.000        0.000        0.000        0.000
    70:        0.000        0.000        0.000        0.000        0.000
    75:        0.000        0.000        0.000        0.000        0.000
    80:        0.000        0.000        0.000        0.000        0.000
    85:        0.000        0.000        0.000        0.000        0.000
    90:        0.000        0.000        0.000        0.000        0.000
    95:        0.000        0.000        0.000        0.000        0.000
   100:        0.000
C:
     0:     2338.100    98339.200    98339.200    98339.200    98339.200
     5:    98339.200    98339.200    98339.200    98339.200    98339.200
    10:    98339.200   100069.300   101402.300   102090.300   102290.300
    15:   102304.300   102494.300   103096.300   103209.300   103549.300
    20:   103635.300   104032.300   104138.300   106024.300   106262.300
    25:   108153.300   108187.300   108300.300   118975.300   119449.300
    30:   119465.300   119469.300   119475.300   123319.300   123434.300
    35:   185322.300   185349.300   276659.300   283321.300   323105.300
    40:   323263.300   323328.300   323363.300   334777.300   373236.300
    45:   373527.300   373845.300   377899.300   378002.300   386192.300
    50:   424097.300   462575.300   563095.300   574550.300   579998.300
    55:   580061.300   580169.300   613700.300   613728.300   613763.300
    60:   626278.300   626317.300   626793.300   642135.300   642174.300
    65:   652304.300   671143.300   671200.300   692495.300   692564.300
    70:   692571.300   785415.300   785428.300   785443.300   785991.300
    75:   787206.300   798367.300   798382.300   798400.300   798418.300
    80:   798547.300   798804.300   799084.300   799100.300   799398.300
    85:   799431.300   799827.300   799940.300   810394.300   812170.300
    90:   812299.300   812396.300   828796.300   837019.300   837155.300
    95:   837213.300   875895.300   903116.300   903137.300   913863.300
   100:   926414.300   927011.300   957314.300   973084.300   991165.300
   105:   991698.300   991745.300  1003028.300  1019595.300  1019641.300
   110:  1055429.300  1100990.300  1101012.300  1146673.300  1153798.300
   115:  1153876.300  1160524.300  1161165.300  1162041.300  1197497.300
   120:  1203911.300  1225113.300  1225311.300  1238526.300  1294087.300
   125:  1294355.300  1314057.300  1314236.300  1345402.300  1360205.300
   130:  1360565.300  1360655.300  1361605.300  1374975.300  1396392.300
   135:  1411618.300  1424192.300  1424216.300  1425787.100  1521788.200
   140:  1521788.200  1521788.200  1521788.200  1521788.200  1521788.200
   145:  1521788.200  1521788.200  1521788.200  1521788.200  1523132.300
   150:  1523176.300  1523202.300  1523246.300  1523263.300  1523278.300
   155:  1523304.300  1523368.300  1523397.300  1523478.300  1524450.300
   160:  1524511.300  1525798.300  1527070.300  1527804.300  1528551.300
   165:  1533397.300  1556011.300  1699288.300  1718092.300  1718431.300
   170:  1718991.300  1741291.300  1743542.300  1759336.300  2334996.300
   175:  2351926.100  2447927.200  2447927.200  2447927.200  2447927.200
   180:  2447927.200  2447927.200  2447927.200  2447927.200  2447927.200
   185:  2447927.200  2448304.300  2448384.300  2448411.300  2448439.300
   190:  2448459.300  2448486.300  2448507.300  2448575.300  2448578.300
   195:  2449582.300  2449610.300  2450315.300  2450348.300  2450359.300
   200:  2451084.300  2451209.300  2451235.300  2451254.300  2451288.300
   205:  2451302.300  2451320.300  2451366.300  2451386.300  2451409.300
   210:  2451432.300  2451454.300  2451477.300  2451484.300  2451506.300
   215:  2451519.300  2451542.300  2451559.300  2451578.300  2451597.300
   220:  2451617.300  2451635.300  2451657.300  2451681.300  2451694.300
   225:  2451708.300  2451729.300  2451748.300  2451771.300  2451792.300
   230:  2451804.300  2451822.300  2451846.300  2451877.300  2451889.300
   235:  2451907.300  2451916.300  2451976.300  2452036.300  2452088.300
   240:  2452580.300  2452617.300  2452916.300  2453154.300  2454555.300
   245:  2454561.300  2455371.300  2455652.300  2455661.300  2464476.300
   250:  2464490.300  2528439.300  2528461.300  2578013.300  2578064.300
   255:  2578165.300  2578279.300  2683444.300  4203007.300  4203826.100
   260:  4299827.200  4299827.200  4299827.200  4299827.200  4299827.200
   265:  4299827.200  4299827.200  4299827.200  4299827.200  4299827.200
   270:  4304242.300  4304387.300  4304674.300  4304702.300  4304872.300
   275:  4305797.300  4309259.300
D:
     0:        0.111     2338.200     2413.250    14594.650    23527.650
     5:    28348.650    31574.650    31689.650    36672.250    53879.650
    10:    72005.650    72123.650    72200.650    72416.650    76303.650
    15:    98339.400    98384.410    98433.410    98452.610    98462.610
    20:    98478.410    98527.410    98572.410    98621.410    98666.410
    25:    98715.410    98760.410    98765.420   100495.600   101828.600
    30:   102516.600   102716.600   102730.600   102920.600   103522.600
    35:   103635.600   103975.600   104061.600   104458.600   104564.600
    40:   106450.600   106688.600   108579.600   108613.600   108726.600
    45:   119401.600   119875.600   119891.600   119895.600   119901.600
    50:   123745.600   123860.600   185748.600   185775.600   277085.600
    55:   283747.600   323531.600   323689.600   323754.600   323789.600
    60:   335203.600   373662.600   373953.600   374271.600   378325.600
    65:   378428.600   386618.600   424523.600   463001.600   563521.600
    70:   574976.600   580424.600   580487.600   580595.600   614126.600
    75:   614154.600   614189.600   626704.600   626743.600   627219.600
    80:   642561.600   642600.600   652730.600   671569.600   671626.600
    85:   692921.600   692990.600   692997.600   785841.600   785854.600
    90:   785869.600   786417.600   787632.600   798793.600   798808.600
    95:   798826.600   798844.600   798973.600   799230.600   799510.600
   100:   799526.600   799824.600   799857.600   800253.600   800366.600
   105:   810820.600   812596.600   812725.600   812822.600   829222.600
   110:   837445.600   837581.600   837639.600   876321.600   903542.600
   115:   903563.600   914289.600   926840.600   927437.600   957740.600
   120:   973510.600   991591.600   992124.600   992171.600  1003454.600
   125:  1020021.600  1020067.600  1055855.600  1101416.600  1101438.600
   130:  1147099.600  1154224.600  1154302.600  1160950.600  1161591.600
   135:  1162467.600  1197923.600  1204337.600  1225539.600  1225737.600
   140:  1238952.600  1294513.600  1294781.600  1314483.600  1314662.600
   145:  1345828.600  1360631.600  1360991.600  1361081.600  1362031.600
   150:  1375401.600  1396818.600  1412044.600  1424618.600  1424642.600
   155:  1426213.200  1426364.250  1426529.650  1426926.650  1426946.650
   160:  1432239.650  1432258.650  1433207.650  1440218.650  1440732.650
   165:  1440789.650  1440870.650  1440906.650  1440947.650  1440982.650
   170:  1441331.650  1442351.650  1442560.650  1445145.650  1445394.650
   175:  1445540.650  1446172.650  1511178.650  1511363.650  1522214.400
   180:  1522259.410  1522308.410  1522316.610  1522326.610  1522353.410
   185:  1522402.410  1522447.410  1522496.410  1522541.410  1522590.410
   190:  1522635.410  1522640.420  1523984.600  1524028.600  1524054.600
   195:  1524098.600  1524115.600  1524130.600  1524156.600  1524220.600
   200:  1524249.600  1524330.600  1525302.600  1525363.600  1526650.600
   205:  1527922.600  1528656.600  1529403.600  1534249.600  1556863.600
   210:  1700140.600  1718944.600  1719283.600  1719843.600  1742143.600
   215:  1744394.600  1760188.600  2335848.600  2352778.200  2353138.250
   220:  2354695.650  2430516.650  2431877.250  2448779.400  2448824.410
   225:  2448873.410  2448915.610  2448918.410  2448967.410  2449012.410
   230:  2449061.410  2449106.410  2449155.410  2449200.410  2449205.420
   235:  2449582.600  2449662.600  2449689.600  2449717.600  2449737.600
   240:  2449764.600  2449785.600  2449853.600  2449856.600  2450860.600
   245:  2450888.600  2451593.600  2451626.600  2451637.600  2452362.600
   250:  2452487.600  2452513.600  2452532.600  2452566.600  2452580.600
   255:  2452598.600  2452644.600  2452664.600  2452687.600  2452710.600
   260:  2452732.600  2452755.600  2452762.600  2452784.600  2452797.600
   265:  2452820.600  2452837.600  2452856.600  2452875.600  2452895.600
   270:  2452913.600  2452935.600  2452959.600  2452972.600  2452986.600
   275:  2453007.600  2453026.600  2453049.600  2453070.600  2453082.600
   280:  2453100.600  2453124.600  2453155.600  2453167.600  2453185.600
   285:  2453194.600  2453254.600  2453314.600  2453366.600  2453858.600
   290:  2453895.600  2454194.600  2454432.600  2455833.600  2455839.600
   295:  2456649.600  2456930.600  2456939.600  2465754.600  2465768.600
   300:  2529717.600  2529739.600  2579291.600  2579342.600  2579443.600
   305:  2579557.600  2684722.600  4204285.600  4205104.200  4228912.650
   310:  4301105.400  4301150.410  4301199.410  4301244.410  4301253.610
   315:  4301293.410  4301338.410  4301387.410  4301432.410  4301481.410
   320:  4301526.410  4301531.420  4305946.600  4306091.600  4306378.600
   325:  4306406.600  4306576.600  4307501.600  4310963.600  4321704.999
E:
     0:        5.200       16.300       28.800       43.200       59.900
     5:       80.100      105.300      139.300      191.600      330.300
F:
     0:        0.000        0.000        0.000        0.000        0.000
     5:        0.000
L:
     0:      112.000      101.000      135.000      147.000
M:
     0:        0.000        0.000        0.000        0.000        0.000
     5:        0.000
