File: C:\MED-PC IV\DATA\!2023-03-03_19h13m.Subject DF27


Start Date: 03/03/23
End Date: 03/04/23
Subject: DF27
Experiment: delayed_acquisition
Group: 1
Box: 7
Start Time: 19:13:57
End Time:  7:26:27
MSN: Delayed_Acquisition2_w_magmacro
G:       0.000
H:       0.000
I:       0.000
J:       0.000
K:       0.000
N:       0.000
O:       0.000
P:       0.000
Q:       0.000
R:       0.000
S:       0.000
T:       0.000
U:       0.000
V:       0.000
W:       0.000
X:       0.000
Y:       0.000
Z:       0.000
A:
     0:        2.000       60.000  4320000.000        1.000        0.000
     5:        1.000    96000.000        0.000       10.000        0.000
    10:        0.000        0.000        0.000        0.000        0.000
    15:        0.000        0.000        0.000        0.000        0.000
    20:        0.000        0.000        0.000        0.000        0.000
    25:        0.000        0.000        0.000        0.000        0.000
    30:        0.000        0.000        0.000        0.000        0.000
    35:        0.000        0.000        0.000        0.000        0.000
    40:        0.000        0.000        0.000        0.000        0.000
    45:        0.000        0.000        0.000        0.000        0.000
    50:        0.000        0.000        0.000        0.000        0.000
    55:        0.000        0.000        0.000        0.000        0.000
    60:        0.000        0.000        0.000        0.000        0.000
    65:        0.000        0.000        0.000        0.000        0.000
    70:        0.000        0.000        0.000        0.000        0.000
    75:        0.000        0.000        0.000        0.000        0.000
    80:        0.000        0.000        0.000        0.000        0.000
    85:        0.000        0.000        0.000        0.000        0.000
    90:        0.000        0.000        0.000        0.000        0.000
    95:        0.000        0.000        0.000        0.000        0.000
   100:        0.000
B:
     0:  4320000.000  4322556.000        1.000        6.000        0.000
     5:        0.000        0.000        6.000      420.000      533.000
    10:        0.000      354.000        7.000       12.000       86.000
    15:        0.000        6.000        0.000        0.000        0.000
    20:        0.000        0.000        0.000        0.000        0.000
    25:        0.000        0.000        0.000        0.000        0.000
    30:        1.285        0.000        0.000       60.000        0.000
    35:        0.000        0.000        0.000        0.000        0.000
    40:        0.000        0.000        0.000        0.000        0.000
    45:        0.000        0.000        0.000        0.000        0.000
    50:        0.000        0.000        0.000        0.000        0.000
    55:        0.000        0.000        0.000        0.000        0.000
    60:        0.000        0.000        0.000        0.000        0.000
    65:        0.000        0.000        0.000        0.000        0.000
    70:        0.000        0.000        0.000        0.000        0.000
    75:        0.000        0.000        0.000        0.000        0.000
    80:        0.000        0.000        0.000        0.000        0.000
    85:        0.000        0.000        0.000        0.000        0.000
    90:        0.000        0.000        0.000        0.000        0.000
    95:        0.000        0.000        0.000        0.000        0.000
   100:        0.000
C:
     0:     3117.300     6603.300     6755.100   102756.200   102756.200
     5:   102756.200   102756.200   102756.200   102756.200   102756.200
    10:   102756.200   102756.200   102756.200   103212.300   103225.300
    15:   103239.300   103249.300   103471.300   103814.300   104944.300
    20:   106224.300   106323.300   109671.300   109821.300   109898.300
    25:   109913.300   110405.300   110891.300   118895.300   118958.300
    30:   119088.300   119187.300   131671.300   131731.300   131830.300
    35:   176237.300   176618.300   176995.300   177058.300   177459.300
    40:   233675.300   298962.300   298998.300   299063.300   299073.300
    45:   333178.300   333453.300   333802.300   334205.300   334500.300
    50:   340883.300   341272.300   341439.300   341457.300   341494.300
    55:   341781.300   345176.300   345218.300   351019.300   351081.300
    60:   355451.300   369261.300   451871.300   451991.300   452011.300
    65:   466120.300   518861.300   519881.100   615882.200   615882.200
    70:   615882.200   615882.200   615882.200   615882.200   615882.200
    75:   615882.200   615882.200   615882.200   619859.300   619869.300
    80:   619872.300   619890.300   619903.300   619935.300   619953.300
    85:   619974.300   619999.300   620022.300   620029.300   620034.300
    90:   620047.300   620091.300   620111.300   620131.300   620147.300
    95:   620167.300   620197.300   620214.300   620223.300   620638.300
   100:   620677.300   620684.300   620694.300   620708.300   621717.300
   105:   621748.300   621815.300   621873.300   622193.300   622198.300
   110:   622271.300   622391.300   622764.300   623082.300   623197.300
   115:   623270.300   623315.300   623426.300   623543.300   623925.300
   120:   623972.300   624027.300   624127.300   624343.300   624402.300
   125:   629252.300   629709.300   629739.300   629760.300   629814.300
   130:   629819.300   629833.300   629850.300   629869.300   630233.300
   135:   630582.300   630772.300   635905.300   635923.300   646242.300
   140:   693034.300   693108.300   693135.300   693281.300   693981.300
   145:   848505.300   848592.300   848747.300   848852.300   849466.300
   150:   855551.300   856294.300   900968.300   901398.300   907377.300
   155:  1009431.300  1009590.300  1009634.300  1009752.300  1016130.300
   160:  1016494.300  1016636.300  1102390.300  1102457.300  1102801.300
   165:  1102866.300  1102897.300  1107969.100  1203970.200  1203970.200
   170:  1203970.200  1203970.200  1203970.200  1203970.200  1203970.200
   175:  1203970.200  1203970.200  1203970.200  1205028.300  1205043.300
   180:  1205047.300  1205670.300  1206561.300  1210080.300  1212536.300
   185:  1295581.300  1295604.300  1295924.300  1304556.300  1444380.300
   190:  1444450.300  1447704.300  1451463.300  1458683.300  1604203.300
   195:  1604477.300  1705079.300  1766995.300  1767544.300  1776946.300
   200:  1777489.300  1794589.300  1795101.300  1795415.300  1850457.300
   205:  1850530.300  1850706.300  1888864.300  1888911.300  1889139.300
   210:  1889299.300  1889802.300  1890204.300  1898236.100  1994237.200
   215:  1994237.200  1994237.200  1994237.200  1994237.200  1994237.200
   220:  1994237.200  1994237.200  1994237.200  1994237.200  1994385.300
   225:  1994594.300  1994614.300  1994638.300  1994650.300  1994667.300
   230:  1994679.300  1994691.300  1994708.300  1994712.300  1994718.300
   235:  1994729.300  1994740.300  1994755.300  1994760.300  1994783.300
   240:  1997174.300  2000059.300  2000072.300  2000659.300  2000815.300
   245:  2000840.300  2000867.300  2001314.300  2001603.300  2001837.300
   250:  2001929.300  2002150.300  2003054.300  2003069.300  2012946.300
   255:  2027110.300  2222333.300  2222346.300  2222463.300  2222499.300
   260:  2222576.300  2222887.300  2222945.300  2224190.300  2224240.300
   265:  2343776.300  2344683.300  2352765.300  2359145.300  2370486.300
   270:  2370511.300  2370797.300  2370927.300  2370967.300  2370974.300
   275:  2459973.300  2628980.300  2629035.300  2629129.300  2629161.300
   280:  2629167.300  2629295.300  2630671.300  2630802.300  2630906.300
   285:  2647662.300  2647737.300  2647791.300  2647854.300  2647871.300
   290:  2648011.300  2648050.300  2648065.300  2648098.300  2648112.300
   295:  2653554.300  2757486.300  3420597.300  3424238.100  3520239.200
   300:  3520239.200  3520239.200  3520239.200  3520239.200  3520239.200
   305:  3520239.200  3520239.200  3520239.200  3520239.200  3520517.300
   310:  3520546.300  3520568.300  3520587.300  3520597.300  3520694.300
   315:  3522093.300  3522096.300  3524029.300  3532273.300  3532301.300
   320:  3534275.300  3534303.300  3534404.300  3536380.300  3536457.300
   325:  3536593.300  3536710.300  3536892.300  3537184.300  3537474.300
   330:  3537686.300  3537755.300  3539054.300  3539105.300  3539118.300
   335:  3539122.300  3539130.300  3559316.300  3559372.300  3559556.300
   340:  3559634.300  3560467.300  3560505.300  3566784.300  3566810.300
   345:  3640665.100  3736666.200  3736666.200  3736666.200  3736666.200
   350:  3736666.200  3736666.200  3736666.200  3736666.200  3736666.200
   355:  3736666.200  3737446.300  3737455.300  3737472.300  3737485.300
   360:  3737495.300  3737508.300  3737540.300  3737554.300  3737588.300
   365:  3737606.300  3738463.300  3739257.300  3742088.300  3742620.300
   370:  3742850.300  3742892.300  3745199.300  3745223.300  3745413.300
   375:  3745416.300  3752031.300  3752095.300  3752282.300  3764374.300
   380:  3764610.300  3843631.300  3843702.300  3843976.300  3849903.300
   385:  3850044.300  3850165.300  3865026.300  3865028.300  3866228.300
   390:  3866319.300  3888741.300  3889462.300  3889527.300  3915682.300
   395:  3922345.300  3922400.300  3922652.300  3922959.300  3923866.300
   400:  3933230.300  3976887.300  3977005.300  3977050.300  4006535.300
   405:  4007015.300  4007024.300  4018984.300  4019096.300  4047155.300
   410:  4077059.300  4081785.300  4098154.300  4098237.300  4104073.300
   415:  4265183.300  4285383.300  4285578.300  4285608.300  4285668.300
D:
     0:        0.111     3117.600     6603.600     6755.200     6952.250
     5:     6988.250     7049.250    13258.650    13591.650    20242.650
    10:    22750.650    22764.650    23188.650    23631.650    23669.650
    15:    23812.650    26636.650    26651.650    32204.650    32217.650
    20:    32604.650    50667.650    50851.650    59185.250    61182.650
    25:    61305.650    61446.650    61456.650    61467.650    61485.650
    30:   102756.400   102801.410   102850.410   102893.610   102895.410
    35:   102900.610   102944.410   102989.410   103038.410   103083.410
    40:   103132.410   103177.410   103182.420   103638.600   103651.600
    45:   103665.600   103675.600   103897.600   104240.600   105370.600
    50:   106650.600   106749.600   110097.600   110247.600   110324.600
    55:   110339.600   110831.600   111317.600   119321.600   119384.600
    60:   119514.600   119613.600   132097.600   132157.600   132256.600
    65:   176663.600   177044.600   177421.600   177484.600   177885.600
    70:   234101.600   299388.600   299424.600   299489.600   299499.600
    75:   333604.600   333879.600   334228.600   334631.600   334926.600
    80:   341309.600   341698.600   341865.600   341883.600   341920.600
    85:   342207.600   345602.600   345644.600   351445.600   351507.600
    90:   355877.600   369687.600   452297.600   452417.600   452437.600
    95:   466546.600   519287.600   520307.200   561136.650   579163.650
   100:   594982.650   595024.650   596044.650   596285.650   596628.650
   105:   596758.650   597114.650   597216.650   597327.650   597501.650
   110:   597580.650   600778.650   600825.650   600874.650   600886.650
   115:   600894.650   600924.650   601104.650   601234.650   601243.650
   120:   601397.650   616308.400   616353.410   616402.410   616411.610
   125:   616447.410   616496.410   616541.410   616590.410   616635.410
   130:   616684.410   616729.410   616734.420   620711.600   620721.600
   135:   620724.600   620742.600   620755.600   620787.600   620805.600
   140:   620826.600   620851.600   620874.600   620881.600   620886.600
   145:   620899.600   620943.600   620963.600   620983.600   620999.600
   150:   621019.600   621049.600   621066.600   621075.600   621490.600
   155:   621529.600   621536.600   621546.600   621560.600   622569.600
   160:   622600.600   622667.600   622725.600   623045.600   623050.600
   165:   623123.600   623243.600   623616.600   623934.600   624049.600
   170:   624122.600   624167.600   624278.600   624395.600   624777.600
   175:   624824.600   624879.600   624979.600   625195.600   625254.600
   180:   630104.600   630561.600   630591.600   630612.600   630666.600
   185:   630671.600   630685.600   630702.600   630721.600   631085.600
   190:   631434.600   631624.600   636757.600   636775.600   647094.600
   195:   693886.600   693960.600   693987.600   694133.600   694833.600
   200:   849357.600   849444.600   849599.600   849704.600   850318.600
   205:   856403.600   857146.600   901820.600   902250.600   908229.600
   210:  1010283.600  1010442.600  1010486.600  1010604.600  1016982.600
   215:  1017346.600  1017488.600  1103242.600  1103309.600  1103653.600
   220:  1103718.600  1103749.600  1108821.200  1110413.650  1123367.650
   225:  1123760.650  1124132.650  1124201.650  1124263.650  1130092.650
   230:  1130658.650  1131446.650  1131478.650  1204822.400  1204867.410
   235:  1204916.410  1204961.410  1205007.610  1205010.410  1205055.410
   240:  1205104.410  1205149.410  1205198.410  1205243.410  1205248.420
   245:  1206306.600  1206321.600  1206325.600  1206948.600  1207839.600
   250:  1211358.600  1213814.600  1296859.600  1296882.600  1297202.600
   255:  1305834.600  1445658.600  1445728.600  1448982.600  1452741.600
   260:  1459961.600  1605481.600  1605755.600  1706357.600  1768273.600
   265:  1768822.600  1778224.600  1778767.600  1795867.600  1796379.600
   270:  1796693.600  1851735.600  1851808.600  1851984.600  1890142.600
   275:  1890189.600  1890417.600  1890577.600  1891080.600  1891482.600
   280:  1899514.200  1899565.250  1899598.250  1916105.650  1917080.650
   285:  1925221.650  1925559.650  1929413.250  1961918.650  1961991.650
   290:  1962273.650  1962280.650  1962311.650  1962441.650  1962489.650
   295:  1995515.400  1995560.410  1995609.410  1995654.410  1995658.610
   300:  1995703.410  1995748.410  1995797.410  1995842.410  1995891.410
   305:  1995936.410  1995941.420  1996089.600  1996298.600  1996318.600
   310:  1996342.600  1996354.600  1996371.600  1996383.600  1996395.600
   315:  1996412.600  1996416.600  1996422.600  1996433.600  1996444.600
   320:  1996459.600  1996464.600  1996487.600  1998878.600  2001763.600
   325:  2001776.600  2002363.600  2002519.600  2002544.600  2002571.600
   330:  2003018.600  2003307.600  2003541.600  2003633.600  2003854.600
   335:  2004758.600  2004773.600  2014650.600  2028814.600  2224037.600
   340:  2224050.600  2224167.600  2224203.600  2224280.600  2224591.600
   345:  2224649.600  2225894.600  2225944.600  2345480.600  2346387.600
   350:  2354469.600  2360849.600  2372190.600  2372215.600  2372501.600
   355:  2372631.600  2372671.600  2372678.600  2461677.600  2630684.600
   360:  2630739.600  2630833.600  2630865.600  2630871.600  2630999.600
   365:  2632375.600  2632506.600  2632610.600  2649366.600  2649441.600
   370:  2649495.600  2649558.600  2649575.600  2649715.600  2649754.600
   375:  2649769.600  2649802.600  2649816.600  2655258.600  2759190.600
   380:  3422301.600  3425942.200  3426441.650  3427055.650  3427219.650
   385:  3427254.650  3427496.650  3427524.650  3430664.650  3430791.650
   390:  3430823.650  3430898.650  3430983.650  3434583.250  3434995.250
   395:  3435494.650  3435755.650  3504621.650  3504674.650  3505044.650
   400:  3505882.650  3521943.400  3521988.410  3522037.410  3522060.610
   405:  3522082.410  3522131.410  3522176.410  3522225.410  3522270.410
   410:  3522319.410  3522364.410  3522369.420  3522647.600  3522676.600
   415:  3522698.600  3522717.600  3522727.600  3522824.600  3524223.600
   420:  3524226.600  3526159.600  3534403.600  3534431.600  3536405.600
   425:  3536433.600  3536534.600  3538510.600  3538587.600  3538723.600
   430:  3538840.600  3539022.600  3539314.600  3539604.600  3539816.600
   435:  3539885.600  3541184.600  3541235.600  3541248.600  3541252.600
   440:  3541260.600  3561446.600  3561502.600  3561686.600  3561764.600
   445:  3562597.600  3562635.600  3568914.600  3568940.600  3642795.200
   450:  3642880.250  3642921.250  3643012.250  3643145.650  3646188.650
   455:  3647393.650  3738796.400  3738841.410  3738888.610  3738890.410
   460:  3738935.410  3738984.410  3739029.410  3739078.410  3739123.410
   465:  3739172.410  3739217.410  3739222.420  3740002.600  3740011.600
   470:  3740028.600  3740041.600  3740051.600  3740064.600  3740096.600
   475:  3740110.600  3740144.600  3740162.600  3741019.600  3741813.600
   480:  3744644.600  3745176.600  3745406.600  3745448.600  3747755.600
   485:  3747779.600  3747969.600  3747972.600  3754587.600  3754651.600
   490:  3754838.600  3766930.600  3767166.600  3846187.600  3846258.600
   495:  3846532.600  3852459.600  3852600.600  3852721.600  3867582.600
   500:  3867584.600  3868784.600  3868875.600  3891297.600  3892018.600
   505:  3892083.600  3918238.600  3924901.600  3924956.600  3925208.600
   510:  3925515.600  3926422.600  3935786.600  3979443.600  3979561.600
   515:  3979606.600  4009091.600  4009571.600  4009580.600  4021540.600
   520:  4021652.600  4049711.600  4079615.600  4084341.600  4100710.600
   525:  4100793.600  4106629.600  4267739.600  4287939.600  4288134.600
   530:  4288164.600  4288224.600  4322556.999
E:
     0:        5.200       16.300       28.800       43.200       59.900
     5:       80.100      105.300      139.300      191.600      330.300
F:
     0:        0.000        0.000        0.000        0.000        0.000
     5:        0.000
L:
     0:      136.000      102.000      184.000      142.000      116.000
     5:       91.000
M:
     0:        0.000        0.000        0.000        0.000        0.000
     5:        0.000
