File: C:\MED-PC IV\DATA\!2023-02-23_18h49m.Subject DF25


Start Date: 02/23/23
End Date: 02/24/23
Subject: DF25
Experiment: delayed_acquisition
Group: 1
Box: 5
Start Time: 18:49:06
End Time:  7:11:11
MSN: Delayed_AcquisitionYoked2_w_magmacro
G:       0.000
H:       0.000
I:       0.000
J:       0.000
K:       0.000
N:       0.000
O:       0.000
P:       0.000
Q:       0.000
R:       0.000
S:       0.000
T:       0.000
U:       0.000
V:       0.000
W:       0.000
X:      -3.000
Y:       0.000
Z:       0.000
A:
     0:        2.000       60.000  4320000.000        2.000        0.000
     5:        1.000    96000.000        1.000       10.000        0.000
    10:        0.000        0.000        0.000        0.000        0.000
    15:        0.000        0.000        0.000        0.000        0.000
    20:        0.000        0.000        0.000        0.000        0.000
    25:        0.000        0.000        0.000        0.000        0.000
    30:        0.000        0.000        0.000        0.000        0.000
    35:        0.000        0.000        0.000        0.000        0.000
    40:        0.000        0.000        0.000        0.000        0.000
    45:        0.000        0.000        0.000        0.000        0.000
    50:        0.000        0.000        0.000        0.000        0.000
    55:        0.000        0.000        0.000        0.000        0.000
    60:        0.000        0.000        0.000        0.000        0.000
    65:        0.000        0.000        0.000        0.000        0.000
    70:        0.000        0.000        0.000        0.000        0.000
    75:        0.000        0.000        0.000        0.000        0.000
    80:        0.000        0.000        0.000        0.000        0.000
    85:        0.000        0.000        0.000        0.000        0.000
    90:        0.000        0.000        0.000        0.000        0.000
    95:        0.000        0.000        0.000        0.000        0.000
   100:        0.000
B:
     0:  4320000.000  4324260.000        1.000        4.000        0.000
     5:        0.000        0.000       10.000      536.000      666.000
    10:        0.000      432.000       13.000        1.000      104.000
    15:        0.000       10.000        0.000        0.000        0.000
    20:        0.000        0.000        0.000        0.000        0.000
    25:        0.000        0.000        0.000        0.000        0.000
    30:        1.646        0.000        0.000      100.000        0.000
    35:        0.000        0.000        0.000        0.000        0.000
    40:        0.000        0.000        0.000        0.000        0.000
    45:        0.000        0.000        0.000        0.000        0.000
    50:        0.000        0.000        0.000        0.000        0.000
    55:        0.000        0.000        0.000        0.000        0.000
    60:        0.000        0.000        0.000        0.000        0.000
    65:        0.000        0.000        0.000        0.000        0.000
    70:        0.000        0.000        0.000        0.000        0.000
    75:        0.000        0.000        0.000        0.000        0.000
    80:        0.000        0.000        0.000        0.000        0.000
    85:        0.000        0.000        0.000        0.000        0.000
    90:        0.000        0.000        0.000        0.000        0.000
    95:        0.000        0.000        0.000        0.000        0.000
   100:        0.000
C:
     0:     2407.100     2906.100     8675.100     9081.300     9087.300
     5:    14198.300    14401.300    14405.300    14419.300    14445.300
    10:    15016.300    15052.300    15058.300    15748.300   112157.200
    15:   112157.200   112157.200   112157.200   112157.200   112157.200
    20:   112157.200   112157.200   112157.200   112157.200   112323.300
    25:   112338.300   112390.300   112398.300   112969.300   113028.300
    30:   113049.300   113060.300   113109.300   113181.300   113240.300
    35:   113341.300   113458.300   113555.300   113782.300   114160.300
    40:   114853.300   115526.300   115552.300   115691.300   115753.300
    45:   116300.300   116330.300   116698.300   116777.300   116806.300
    50:   116827.300   117526.300   118170.300   118213.300   118992.300
    55:   119010.300   119187.300   120050.300   120131.300   120228.300
    60:   120479.300   120513.300   120899.300   120964.300   121297.300
    65:   121323.300   121481.300   126945.300   149056.300   149293.300
    70:   149297.300   150235.300   150265.300   152490.300   152573.300
    75:   152626.300   152677.300   152822.300   156204.300   156273.300
    80:   156322.300   156927.300   157384.300   157490.300   158699.300
    85:   162984.300   163055.300   163899.300   163909.300   166926.300
    90:   168394.300   168420.300   169330.300   169465.300   169622.300
    95:   172737.300   172811.300   172821.300   172834.300   173411.300
   100:   173929.300   174034.300   174112.300   174157.300   179159.300
   105:   179440.300   179601.300   179604.300   180007.300   180027.300
   110:   180538.300   183176.300   190935.300   193005.300   193064.300
   115:   193876.300   204911.300   204928.300   232330.300   232350.300
   120:   344668.200   344668.200   344668.200   344668.200   344668.200
   125:   344668.200   344668.200   344668.200   344668.200   344668.200
   130:   348818.300   348896.300   348976.300   351261.300   351326.300
   135:   351360.300   351423.300   358239.300   362568.300   362890.300
   140:   429582.300   436013.300   437183.300   437330.300   437786.300
   145:   437834.300   445217.300   445227.300   445241.300   445409.300
   150:   445453.300   448071.300   448087.300   448140.300   448150.300
   155:   526035.300   543633.300   543641.300   543655.300   543717.300
   160:   569032.300   569044.300   583420.300   583500.300   583532.300
   165:   589884.300   695887.200   695887.200   695887.200   695887.200
   170:   695887.200   695887.200   695887.200   695887.200   695887.200
   175:   695887.200   696234.300   696258.300   698422.300   698985.300
   180:   699101.300   699349.300   700034.300   700044.300   700369.300
   185:   700384.300   700454.300   702939.300   703231.300   706006.300
   190:   706010.300   707697.300   707704.300   710283.300   710317.300
   195:   710797.300   710830.300   710878.300   710904.300   710917.300
   200:   710930.300   727436.300   727454.300   836394.200   836394.200
   205:   836394.200   836394.200   836394.200   836394.200   836394.200
   210:   836394.200   836394.200   836394.200   837306.300   839890.300
   215:   840002.300   840042.300   840107.300   840173.300   840399.300
   220:   840825.300   840835.300   841385.300   842004.300   842940.300
   225:   843882.300   843891.300   844661.300   844855.300   952778.200
   230:   952778.200   952778.200   952778.200   952778.200   952778.200
   235:   952778.200   952778.200   952778.200   952778.200   960714.300
   240:   960773.300  1060128.200  1060128.200  1060128.200  1060128.200
   245:  1060128.200  1060128.200  1060128.200  1060128.200  1060128.200
   250:  1060128.200  1064065.300  1064319.300  1064340.300  1065293.300
   255:  1111573.300  1111792.300  1111924.300  1139134.300  1192392.300
   260:  1192424.300  1205483.300  1205741.300  1205928.300  1206293.100
   265:  1207618.300  1211014.300  1213202.300  1369189.300  1465215.200
   270:  1465215.200  1465215.200  1465215.200  1465215.200  1465215.200
   275:  1465215.200  1465215.200  1465215.200  1465215.200  1468400.300
   280:  1468479.300  1468513.300  1469393.300  1469439.300  1469496.300
   285:  1469791.300  1469801.300  1471455.300  1471566.300  1472526.300
   290:  1472535.300  1474611.300  1474620.300  1478858.300  1478896.300
   295:  1479409.300  1479426.300  1632189.300  1677432.300  1759878.300
   300:  1760077.300  1761541.300  1761829.300  1761901.300  1766083.300
   305:  1769648.300  1771148.300  1784953.300  1834031.300  1866645.300
   310:  1887381.300  1888253.300  1891706.300  1891714.300  1891753.300
   315:  1891901.300  2065226.200  2065226.200  2065226.200  2065226.200
   320:  2065226.200  2065226.200  2065226.200  2065226.200  2065226.200
   325:  2065226.200  2067068.300  2067135.300  2067146.300  2067159.300
   330:  2067220.300  2067281.300  2067437.300  2067446.300  2067604.300
   335:  2067797.300  2068154.300  2068296.300  2068424.300  2069173.300
   340:  2069677.300  2070080.300  2070152.300  2070177.300  2070202.300
   345:  2071260.300  2072861.300  2072906.300  2072940.300  2160655.300
   350:  2166094.300  2166784.300  2167531.300  2268678.200  2268678.200
   355:  2268678.200  2268678.200  2268678.200  2268678.200  2268678.200
   360:  2268678.200  2268678.200  2268678.200  2268882.300  2268980.300
   365:  2269006.300  2269053.300  2269390.300  2270272.300  2270288.300
   370:  2270320.300  2270342.300  2270419.300  2270450.300  2270501.300
   375:  2270528.300  2270569.300  2270578.300  2270589.300  2270978.300
   380:  2273516.300  2275138.300  2275892.300  2276007.300  2276193.300
   385:  2276249.300  2276323.300  2368617.300  2368625.300  2412493.300
   390:  2425420.300  2434215.300  2515372.300  2614034.300  2626713.300
   395:  2707774.300  2708010.300  2795108.300  2821355.300  2826846.300
   400:  2827161.300  2829331.300  2998151.300  2998180.300  3032395.300
   405:  3052109.300  3053084.300  3065861.300  3102870.300  3108927.300
   410:  3143131.300  3143238.300  3143256.300  3143272.300  3189128.300
   415:  3189752.300  3205932.300  3241550.300  3241914.300  3241966.300
   420:  3242080.300  3242092.300  3242719.300  3243485.300  3249104.300
   425:  3259392.300  3264298.300  3264316.300  3278298.300  3283154.300
   430:  3283201.300  3292785.300  3428796.200  3428796.200  3428796.200
   435:  3428796.200  3428796.200  3428796.200  3428796.200  3428796.200
   440:  3428796.200  3428796.200  3428909.300  3429070.300  3429116.300
   445:  3429173.300  3429230.300  3429295.300  3429301.300  3429304.300
   450:  3429386.300  3429415.300  3429437.300  3431718.300  3433011.300
   455:  3433392.300  3433950.300  3435170.300  3435175.300  3436235.300
   460:  3436971.300  3443243.300  3495263.300  3508118.300  3508128.300
   465:  3508135.300  3508137.300  3523966.300  3580034.300  3583309.300
   470:  3584034.300  3594990.300  3603576.300  3614931.300  3615083.300
   475:  3616007.300  3616170.300  3616204.300  3647596.300  3647729.300
   480:  3647868.300  3660713.300  3661302.300  3661397.300  3661650.300
   485:  3661883.300  3662032.300  3662332.300  3682233.300  3682268.300
   490:  3766941.300  3767202.300  3767260.300  3795664.300  3805081.300
   495:  3805193.300  3805202.300  3808793.300  3808850.300  3809932.300
   500:  3810315.300  3810320.300  3831864.300  3831878.300  3831933.300
   505:  3831976.300  3831993.300  3844644.300  3845892.300  3871914.300
   510:  3882385.300  3883023.300  3913858.300  3916092.300  3916163.300
   515:  3956287.300  3962300.300  4007094.300  4007251.300  4007315.300
   520:  4007327.300  4007363.300  4015271.300  4015434.300  4015492.300
   525:  4016402.300  4016789.300  4046554.300  4053599.300  4053644.300
   530:  4053664.300  4087391.300  4089247.300  4097808.300  4160841.300
   535:  4160854.300
D:
     0:        0.111     2407.200     2906.200     8675.200     9081.600
     5:     9087.600    14198.600    14401.600    14405.600    14419.600
    10:    14445.600    15016.600    15052.600    15058.600    15748.600
    15:    16198.650    16218.650    17566.650    18024.650    19276.650
    20:    19435.650    19479.650    20007.650    20059.650    23852.650
    25:    24677.650    24700.650    25000.650    25342.650    28207.650
    30:    28438.650    31020.650    31688.650    31709.650    31773.650
    35:    37704.650    37712.650    55549.650    64466.650    76218.650
    40:    76456.650    79543.250    80666.650    81900.650   112157.400
    45:   112202.410   112251.410   112294.610   112296.410   112345.410
    50:   112390.410   112439.410   112484.410   112533.410   112578.410
    55:   112583.420   112749.600   112764.600   112816.600   112824.600
    60:   113395.600   113454.600   113475.600   113486.600   113535.600
    65:   113607.600   113666.600   113767.600   113884.600   113981.600
    70:   114208.600   114586.600   115279.600   115952.600   115978.600
    75:   116117.600   116179.600   116726.600   116756.600   117124.600
    80:   117203.600   117232.600   117253.600   117952.600   118596.600
    85:   118639.600   119418.600   119436.600   119613.600   120476.600
    90:   120557.600   120654.600   120905.600   120939.600   121325.600
    95:   121390.600   121723.600   121749.600   121907.600   127371.600
   100:   149482.600   149719.600   149723.600   150661.600   150691.600
   105:   152916.600   152999.600   153052.600   153103.600   153248.600
   110:   156630.600   156699.600   156748.600   157353.600   157810.600
   115:   157916.600   159125.600   163410.600   163481.600   164325.600
   120:   164335.600   167352.600   168820.600   168846.600   169756.600
   125:   169891.600   170048.600   173163.600   173237.600   173247.600
   130:   173260.600   173837.600   174355.600   174460.600   174538.600
   135:   174583.600   179585.600   179866.600   180027.600   180030.600
   140:   180433.600   180453.600   180964.600   183602.600   191361.600
   145:   193431.600   193490.600   194302.600   205337.600   205354.600
   150:   232756.600   232776.600   272280.650   272531.650   289939.650
   155:   289970.650   290810.650   291591.650   291635.650   291639.650
   160:   318267.650   318312.650   322217.650   322412.650   322471.650
   165:   322496.650   322705.650   323038.650   332915.650   340048.650
   170:   343715.650   343844.650   343861.650   343869.650   345094.400
   175:   345139.410   345188.410   345233.410   345282.410   345289.610
   180:   345327.410   345376.410   345421.410   345470.410   345515.410
   185:   345520.420   349670.600   349748.600   349828.600   352113.600
   190:   352178.600   352212.600   352275.600   359091.600   363420.600
   195:   363742.600   430434.600   436865.600   438035.600   438182.600
   200:   438638.600   438686.600   446069.600   446079.600   446093.600
   205:   446261.600   446305.600   448923.600   448939.600   448992.600
   210:   449002.600   526887.600   544485.600   544493.600   544507.600
   215:   544569.600   569884.600   569896.600   584272.600   584352.600
   220:   584384.600   590736.600   613118.650   640725.650   640739.650
   225:   658129.650   663133.650   663152.650   696739.400   696784.410
   230:   696833.410   696878.410   696927.410   696929.610   696937.610
   235:   696972.410   697021.410   697066.410   697115.410   697160.410
   240:   697165.420   697512.600   697536.600   699700.600   700263.600
   245:   700379.600   700627.600   701312.600   701322.600   701647.600
   250:   701662.600   701732.600   704217.600   704509.600   707284.600
   255:   707288.600   708975.600   708982.600   711561.600   711595.600
   260:   712075.600   712108.600   712156.600   712182.600   712195.600
   265:   712208.600   728714.600   728732.600   768043.650   768084.650
   270:   768650.650   768694.650   769787.650   827721.650   827766.650
   275:   831448.650   837672.400   837717.410   837766.410   837811.410
   280:   837821.610   837860.410   837905.410   837954.410   837999.410
   285:   838048.410   838093.410   838098.420   839010.600   841594.600
   290:   841706.600   841746.600   841811.600   841877.600   842103.600
   295:   842529.600   842539.600   843089.600   843708.600   844644.600
   300:   845586.600   845595.600   846365.600   846559.600   866987.650
   305:   954482.400   954527.410   954576.410   954620.610   954621.410
   310:   954670.410   954715.410   954764.410   954809.410   954858.410
   315:   954903.410   954908.420   962844.600   962903.600   969101.650
   320:   969442.650   991449.650   992308.650  1062258.400  1062303.410
   325:  1062352.410  1062397.410  1062409.610  1062417.610  1062446.410
   330:  1062491.410  1062540.410  1062585.410  1062634.410  1062679.410
   335:  1062684.420  1066621.600  1066875.600  1066896.600  1067849.600
   340:  1114129.600  1114348.600  1114480.600  1141690.600  1194948.600
   345:  1194980.600  1208039.600  1208297.600  1208484.600  1208849.200
   350:  1210174.600  1213570.600  1215758.600  1371745.600  1416853.650
   355:  1416891.650  1424357.650  1424432.650  1424439.650  1424605.650
   360:  1424978.650  1425577.650  1451341.650  1451627.650  1452598.650
   365:  1467771.400  1467816.410  1467865.410  1467910.410  1467911.610
   370:  1467959.410  1468004.410  1468053.410  1468098.410  1468147.410
   375:  1468192.410  1468197.420  1471382.600  1471461.600  1471495.600
   380:  1472375.600  1472421.600  1472478.600  1472773.600  1472783.600
   385:  1474437.600  1474548.600  1475508.600  1475517.600  1477593.600
   390:  1477602.600  1481840.600  1481878.600  1482391.600  1482408.600
   395:  1635171.600  1680414.600  1762860.600  1763059.600  1764523.600
   400:  1764811.600  1764883.600  1769065.600  1772630.600  1774130.600
   405:  1787935.600  1837013.600  1869627.600  1890363.600  1891235.600
   410:  1894688.600  1894696.600  1894735.600  1894883.600  2049234.650
   415:  2049541.650  2049593.650  2049602.650  2051439.650  2068208.400
   420:  2068253.410  2068302.410  2068347.410  2068396.410  2068406.610
   425:  2068441.410  2068490.410  2068535.410  2068584.410  2068629.410
   430:  2068634.420  2070476.600  2070543.600  2070554.600  2070567.600
   435:  2070628.600  2070689.600  2070845.600  2070854.600  2071012.600
   440:  2071205.600  2071562.600  2071704.600  2071832.600  2072581.600
   445:  2073085.600  2073488.600  2073560.600  2073585.600  2073610.600
   450:  2074668.600  2076269.600  2076314.600  2076348.600  2164063.600
   455:  2169502.600  2170192.600  2170939.600  2229695.650  2229747.650
   460:  2270649.650  2270817.650  2272086.400  2272131.410  2272180.410
   465:  2272225.410  2272274.410  2272319.410  2272321.610  2272368.410
   470:  2272413.410  2272462.410  2272507.410  2272512.420  2272716.600
   475:  2272814.600  2272840.600  2272887.600  2273224.600  2274106.600
   480:  2274122.600  2274154.600  2274176.600  2274253.600  2274284.600
   485:  2274335.600  2274362.600  2274403.600  2274412.600  2274423.600
   490:  2274812.600  2277350.600  2278972.600  2279726.600  2279841.600
   495:  2280027.600  2280083.600  2280157.600  2372451.600  2372459.600
   500:  2416327.600  2429254.600  2438049.600  2519206.600  2617868.600
   505:  2630547.600  2711608.600  2711844.600  2798942.600  2825189.600
   510:  2830680.600  2830995.600  2833165.600  3001985.600  3002014.600
   515:  3036229.600  3055943.600  3056918.600  3069695.600  3106704.600
   520:  3112761.600  3146965.600  3147072.600  3147090.600  3147106.600
   525:  3192962.600  3193586.600  3209766.600  3245384.600  3245748.600
   530:  3245800.600  3245914.600  3245926.600  3246553.600  3247319.600
   535:  3252938.600  3263226.600  3268132.600  3268150.600  3282132.600
   540:  3286988.600  3287035.600  3296619.600  3342676.650  3376303.650
   545:  3393366.650  3393606.650  3402078.650  3402320.650  3402475.650
   550:  3402480.650  3402499.650  3402505.650  3403418.650  3403501.650
   555:  3403505.650  3403941.650  3421755.650  3432630.400  3432675.410
   560:  3432724.410  3432753.610  3432769.410  3432818.410  3432863.410
   565:  3432912.410  3432957.410  3433006.410  3433047.610  3433051.410
   570:  3433056.420  3433169.600  3433330.600  3433376.600  3433433.600
   575:  3433490.600  3433555.600  3433561.600  3433564.600  3433646.600
   580:  3433675.600  3433697.600  3435978.600  3437271.600  3437652.600
   585:  3438210.600  3439430.600  3439435.600  3440495.600  3441231.600
   590:  3447503.600  3499523.600  3512378.600  3512388.600  3512395.600
   595:  3512397.600  3528226.600  3584294.600  3587569.600  3588294.600
   600:  3599250.600  3607836.600  3619191.600  3619343.600  3620267.600
   605:  3620430.600  3620464.600  3651856.600  3651989.600  3652128.600
   610:  3664973.600  3665562.600  3665657.600  3665910.600  3666143.600
   615:  3666292.600  3666592.600  3686493.600  3686528.600  3771201.600
   620:  3771462.600  3771520.600  3799924.600  3809341.600  3809453.600
   625:  3809462.600  3813053.600  3813110.600  3814192.600  3814575.600
   630:  3814580.600  3836124.600  3836138.600  3836193.600  3836236.600
   635:  3836253.600  3848904.600  3850152.600  3876174.600  3886645.600
   640:  3887283.600  3918118.600  3920352.600  3920423.600  3960547.600
   645:  3966560.600  4011354.600  4011511.600  4011575.600  4011587.600
   650:  4011623.600  4019531.600  4019694.600  4019752.600  4020662.600
   655:  4021049.600  4050814.600  4057859.600  4057904.600  4057924.600
   660:  4091651.600  4093507.600  4102068.600  4165101.600  4165114.600
   665:  4324260.999
E:
     0:        5.200       16.300       28.800       43.200       59.900
     5:       80.100      105.300      139.300      191.600      330.300
F:
     0:        0.000        0.000        0.000        0.000        0.000
     5:        0.000
L:
     0:      136.000      194.000      189.000      148.000      137.000
     5:      150.000      139.000      197.000      234.000      122.000
M:
     0:        0.000        0.000        0.000        0.000        0.000
     5:        0.000
