File: C:\MED-PC IV\DATA\!2023-03-03_19h13m.Subject DF29


Start Date: 03/03/23
End Date: 03/04/23
Subject: DF29
Experiment: delayed_acquisition
Group: 1
Box: 9
Start Time: 19:13:59
End Time:  7:26:06
MSN: Delayed_AcquisitionYoked2_w_magmacro
G:       0.000
H:       0.000
I:       0.000
J:       0.000
K:       0.000
N:       0.000
O:       0.000
P:       0.000
Q:       0.000
R:       0.000
S:       0.000
T:       0.000
U:       0.000
V:       0.000
W:       0.000
X:       7.000
Y:       0.000
Z:       0.000
A:
     0:        2.000       60.000  4320000.000        2.000        0.000
     5:        1.000    96000.000        1.000       10.000        0.000
    10:        0.000        0.000        0.000        0.000        0.000
    15:        0.000        0.000        0.000        0.000        0.000
    20:        0.000        0.000        0.000        0.000        0.000
    25:        0.000        0.000        0.000        0.000        0.000
    30:        0.000        0.000        0.000        0.000        0.000
    35:        0.000        0.000        0.000        0.000        0.000
    40:        0.000        0.000        0.000        0.000        0.000
    45:        0.000        0.000        0.000        0.000        0.000
    50:        0.000        0.000        0.000        0.000        0.000
    55:        0.000        0.000        0.000        0.000        0.000
    60:        0.000        0.000        0.000        0.000        0.000
    65:        0.000        0.000        0.000        0.000        0.000
    70:        0.000        0.000        0.000        0.000        0.000
    75:        0.000        0.000        0.000        0.000        0.000
    80:        0.000        0.000        0.000        0.000        0.000
    85:        0.000        0.000        0.000        0.000        0.000
    90:        0.000        0.000        0.000        0.000        0.000
    95:        0.000        0.000        0.000        0.000        0.000
   100:        0.000
B:
     0:  4320000.000  4320426.000        1.000       19.000        0.000
     5:        0.000        0.000        1.000      329.000      343.000
    10:        0.000      300.000        1.000        0.000       10.000
    15:        0.000        1.000        0.000        0.000        0.000
    20:        0.000        0.000        0.000        0.000        0.000
    25:        0.000        0.000        0.000        0.000        0.000
    30:        1.200        0.000        0.000       10.000        0.000
    35:        0.000        0.000        0.000        0.000        0.000
    40:        0.000        0.000        0.000        0.000        0.000
    45:        0.000        0.000        0.000        0.000        0.000
    50:        0.000        0.000        0.000        0.000        0.000
    55:        0.000        0.000        0.000        0.000        0.000
    60:        0.000        0.000        0.000        0.000        0.000
    65:        0.000        0.000        0.000        0.000        0.000
    70:        0.000        0.000        0.000        0.000        0.000
    75:        0.000        0.000        0.000        0.000        0.000
    80:        0.000        0.000        0.000        0.000        0.000
    85:        0.000        0.000        0.000        0.000        0.000
    90:        0.000        0.000        0.000        0.000        0.000
    95:        0.000        0.000        0.000        0.000        0.000
   100:        0.000
C:
     0:      802.300      893.300     1979.300     5397.300     5476.300
     5:     5664.300     9141.300    12045.300    15082.300    15215.300
    10:    15225.300    15351.300    15515.300    23949.300    23970.300
    15:    24041.300    24053.300    27428.100    30779.300    30888.300
    20:    30953.300    39365.300    39377.300    39770.300    41290.100
    25:    42435.300    45026.300    45080.300    45111.300    45137.300
    30:    45307.300    45474.300    45498.300    45588.300    48863.300
    35:    49283.300    49447.300    62551.300    62620.300    62693.300
    40:    62966.300    63384.300    63485.300    63567.300    63603.300
    45:    63649.300    63766.300    63791.300    66648.300    67319.300
    50:    68288.300    68399.300    68818.300    74515.300    74539.300
    55:    86746.300    88803.300    89512.300    89850.300    89882.300
    60:    96414.100    97135.300   100310.300   120970.300   121280.300
    65:   128083.300   130855.300   130888.300   161983.100   165182.300
    70:   172488.300   172747.300   172902.300   176904.300   181865.300
    75:   193943.300   195758.300   195876.300   195933.300   195949.300
    80:   195961.300   195977.300   195995.300   196026.300   196042.300
    85:   196065.300   196074.300   196091.300   196093.300   196104.300
    90:   196129.300   196144.300   196168.300   196173.300   196195.300
    95:   196211.300   206565.300   206628.300   207111.300   208180.300
   100:   209670.300   211036.300   248161.300   248713.300   248875.300
   105:   248995.300   249104.300   279755.300   280523.300   308132.100
   110:   311191.100   342572.300   342885.300   394872.300   394925.300
   115:   395110.300   397871.100   398742.100   405665.300   405750.300
   120:   405972.300   407257.300   408097.300   460859.300   460944.300
   125:   495122.300   496225.300   497322.300   500219.300   500294.300
   130:   500708.300   501295.300   501402.300   507599.100   519544.300
   135:   525205.100   525994.100   526600.100   636146.300   725298.300
   140:   744900.300   744956.300   745294.300   745603.300   766625.300
   145:   766725.300   768064.300   768560.300   768701.300   781729.300
   150:   781776.300   800483.300   808919.300   841490.300   841555.300
   155:   888220.300   888896.300   889023.300   891544.300   893001.300
   160:   896046.300   896210.300   896222.300   897109.300   897611.300
   165:   898914.300   901635.300   903450.300   911667.300   937051.100
   170:   943390.300   943694.300   943740.300   943793.300   969474.300
   175:   970009.300   974086.300   982543.300  1000372.300  1009785.300
   180:  1009796.300  1009830.300  1009880.300  1009901.300  1012484.300
   185:  1012677.300  1013179.300  1013258.300  1013294.300  1013307.300
   190:  1019485.300  1019529.300  1021195.300  1041616.300  1043263.300
   195:  1043306.300  1044055.100  1047913.300  1051353.100  1059920.300
   200:  1068911.300  1068958.300  1069061.300  1069075.300  1069162.300
   205:  1069191.300  1113737.100  1133857.300  1134104.300  1136270.300
   210:  1136850.300  1150867.300  1151578.300  1155964.300  1156008.300
   215:  1157834.300  1158084.300  1159618.300  1159752.300  1160622.300
   220:  1169583.300  1171182.300  1196877.300  1306716.300  1554941.300
   225:  1559478.300  1559483.300  1574874.300  1574921.300  1589039.300
   230:  1600643.300  1600678.300  1600693.300  1602146.300  1602547.300
   235:  1603701.300  1608473.300  1609090.300  1609101.300  1887536.300
   240:  1887723.300  1887764.300  1890708.300  1896949.300  1978021.300
   245:  1978115.300  1978121.300  2098966.300  2106910.300  2106984.300
   250:  2114044.300  2114103.300  2114128.300  2114164.300  2114179.300
   255:  2114223.300  2114293.300  2114939.300  2115223.300  2115296.300
   260:  2115420.300  2116216.300  2116451.300  2117283.300  2117336.300
   265:  2117391.300  2117462.300  2118600.300  2126567.300  2131035.300
   270:  2187224.300  2222234.300  2222323.300  2222366.300  2222562.300
   275:  2222639.300  2222694.300  2222708.300  2228734.300  2228892.300
   280:  2229435.300  2380489.200  2380489.200  2380489.200  2380489.200
   285:  2380489.200  2380489.200  2380489.200  2380489.200  2380489.200
   290:  2380489.200  2380791.300  2383254.300  2386135.300  2387069.300
   295:  2388243.300  2388912.300  2389147.300  2393802.300  2472199.300
   300:  2472499.300  2487984.300  2488354.300  2492314.100  2497536.300
   305:  2497704.300  2511432.300  2511557.300  2514998.100  2570684.300
   310:  2570830.300  2571152.300  2571415.300  2641390.300  2656436.300
   315:  3366923.300  3728262.300  3731715.300  3731962.300  4003616.300
   320:  4003678.300  4013160.300  4013228.300  4031231.300  4031248.300
   325:  4031265.300  4072357.300  4082494.100  4084038.300
D:
     0:        0.111      802.600      893.600     1979.600     5397.600
     5:     5476.600     5664.600     9141.600    12045.600    15082.600
    10:    15215.600    15225.600    15351.600    15515.600    23949.600
    15:    23970.600    24041.600    24053.600    27428.200    30779.600
    20:    30888.600    30953.600    39365.600    39377.600    39770.600
    25:    41290.200    42435.600    45026.600    45080.600    45111.600
    30:    45137.600    45307.600    45474.600    45498.600    45588.600
    35:    48863.600    49283.600    49447.600    62551.600    62620.600
    40:    62693.600    62966.600    63384.600    63485.600    63567.600
    45:    63603.600    63649.600    63766.600    63791.600    66648.600
    50:    67319.600    68288.600    68399.600    68818.600    74515.600
    55:    74539.600    86746.600    88803.600    89512.600    89850.600
    60:    89882.600    96414.200    97135.600   100310.600   120970.600
    65:   121280.600   128083.600   130855.600   130888.600   161983.200
    70:   165182.600   172488.600   172747.600   172902.600   176904.600
    75:   181865.600   193943.600   195758.600   195876.600   195933.600
    80:   195949.600   195961.600   195977.600   195995.600   196026.600
    85:   196042.600   196065.600   196074.600   196091.600   196093.600
    90:   196104.600   196129.600   196144.600   196168.600   196173.600
    95:   196195.600   196211.600   206565.600   206628.600   207111.600
   100:   208180.600   209670.600   211036.600   248161.600   248713.600
   105:   248875.600   248995.600   249104.600   279755.600   280523.600
   110:   308132.200   311191.200   342572.600   342885.600   394872.600
   115:   394925.600   395110.600   397871.200   398742.200   405665.600
   120:   405750.600   405972.600   407257.600   408097.600   460859.600
   125:   460944.600   495122.600   496225.600   497322.600   500219.600
   130:   500294.600   500708.600   501295.600   501402.600   507599.200
   135:   519544.600   525205.200   525994.200   526600.200   636146.600
   140:   725298.600   744900.600   744956.600   745294.600   745603.600
   145:   766625.600   766725.600   768064.600   768560.600   768701.600
   150:   781729.600   781776.600   800483.600   808919.600   841490.600
   155:   841555.600   888220.600   888896.600   889023.600   891544.600
   160:   893001.600   896046.600   896210.600   896222.600   897109.600
   165:   897611.600   898914.600   901635.600   903450.600   911667.600
   170:   937051.200   943390.600   943694.600   943740.600   943793.600
   175:   969474.600   970009.600   974086.600   982543.600  1000372.600
   180:  1009785.600  1009796.600  1009830.600  1009880.600  1009901.600
   185:  1012484.600  1012677.600  1013179.600  1013258.600  1013294.600
   190:  1013307.600  1019485.600  1019529.600  1021195.600  1041616.600
   195:  1043263.600  1043306.600  1044055.200  1047913.600  1051353.200
   200:  1059920.600  1068911.600  1068958.600  1069061.600  1069075.600
   205:  1069162.600  1069191.600  1113737.200  1133857.600  1134104.600
   210:  1136270.600  1136850.600  1150867.600  1151578.600  1155964.600
   215:  1156008.600  1157834.600  1158084.600  1159618.600  1159752.600
   220:  1160622.600  1169583.600  1171182.600  1196877.600  1306716.600
   225:  1554941.600  1559478.600  1559483.600  1574874.600  1574921.600
   230:  1589039.600  1600643.600  1600678.600  1600693.600  1602146.600
   235:  1602547.600  1603701.600  1608473.600  1609090.600  1609101.600
   240:  1887536.600  1887723.600  1887764.600  1890708.600  1896949.600
   245:  1978021.600  1978115.600  1978121.600  2098966.600  2106910.600
   250:  2106984.600  2114044.600  2114103.600  2114128.600  2114164.600
   255:  2114179.600  2114223.600  2114293.600  2114939.600  2115223.600
   260:  2115296.600  2115420.600  2116216.600  2116451.600  2117283.600
   265:  2117336.600  2117391.600  2117462.600  2118600.600  2126567.600
   270:  2131035.600  2187224.600  2222234.600  2222323.600  2222366.600
   275:  2222562.600  2222639.600  2222694.600  2222708.600  2228734.600
   280:  2228892.600  2229435.600  2305512.650  2313632.650  2319135.650
   285:  2324684.650  2364628.650  2365511.650  2366341.650  2366566.650
   290:  2367137.650  2367251.650  2380489.400  2380534.410  2380583.410
   295:  2380610.610  2380628.410  2380677.410  2380722.410  2380771.410
   300:  2380816.410  2380865.410  2380910.410  2380915.420  2381217.600
   305:  2383680.600  2386561.600  2387495.600  2388669.600  2389338.600
   310:  2389573.600  2394228.600  2472625.600  2472925.600  2488410.600
   315:  2488780.600  2492740.200  2497962.600  2498130.600  2511858.600
   320:  2511983.600  2515424.200  2571110.600  2571256.600  2571578.600
   325:  2571841.600  2641816.600  2656862.600  3367349.600  3728688.600
   330:  3732141.600  3732388.600  4004042.600  4004104.600  4013586.600
   335:  4013654.600  4031657.600  4031674.600  4031691.600  4072783.600
   340:  4082920.200  4084464.600  4320426.999
E:
     0:        5.200       16.300       28.800       43.200       59.900
     5:       80.100      105.300      139.300      191.600      330.300
F:
     0:        0.000        0.000        0.000        0.000        0.000
     5:        0.000
L:
     0:      120.000
M:
     0:        0.000        0.000        0.000        0.000        0.000
     5:        0.000
