File: C:\MED-PC IV\DATA\!2023-02-25_18h39m.Subject DF24


Start Date: 02/25/23
End Date: 02/26/23
Subject: DF24
Experiment: delayed_acquisition
Group: 1
Box: 4
Start Time: 18:39:49
End Time:  6:58:33
MSN: Delayed_AcquisitionYoked2_w_magmacro
G:       0.000
H:       0.000
I:       0.000
J:       0.000
K:       0.000
N:       0.000
O:       0.000
P:       0.000
Q:       0.000
R:       0.000
S:       0.000
T:       0.000
U:       0.000
V:       0.000
W:       0.000
X:      -6.000
Y:       0.000
Z:       0.000
A:
     0:        2.000       60.000  4320000.000        1.000        0.000
     5:        1.000    96000.000        1.000       10.000        0.000
    10:        0.000        0.000        0.000        0.000        0.000
    15:        0.000        0.000        0.000        0.000        0.000
    20:        0.000        0.000        0.000        0.000        0.000
    25:        0.000        0.000        0.000        0.000        0.000
    30:        0.000        0.000        0.000        0.000        0.000
    35:        0.000        0.000        0.000        0.000        0.000
    40:        0.000        0.000        0.000        0.000        0.000
    45:        0.000        0.000        0.000        0.000        0.000
    50:        0.000        0.000        0.000        0.000        0.000
    55:        0.000        0.000        0.000        0.000        0.000
    60:        0.000        0.000        0.000        0.000        0.000
    65:        0.000        0.000        0.000        0.000        0.000
    70:        0.000        0.000        0.000        0.000        0.000
    75:        0.000        0.000        0.000        0.000        0.000
    80:        0.000        0.000        0.000        0.000        0.000
    85:        0.000        0.000        0.000        0.000        0.000
    90:        0.000        0.000        0.000        0.000        0.000
    95:        0.000        0.000        0.000        0.000        0.000
   100:        0.000
B:
     0:  4320000.000  4321704.000        1.000        8.000        0.000
     5:        0.000        0.000        4.000      517.000      572.000
    10:        0.000      469.000        4.000       10.000       35.000
    15:        0.000        4.000        0.000        0.000        0.000
    20:        0.000        0.000        0.000        0.000        0.000
    25:        0.000        0.000        0.000        0.000        0.000
    30:        1.778        0.000        0.000       40.000        0.000
    35:        0.000        0.000        0.000        0.000        0.000
    40:        0.000        0.000        0.000        0.000        0.000
    45:        0.000        0.000        0.000        0.000        0.000
    50:        0.000        0.000        0.000        0.000        0.000
    55:        0.000        0.000        0.000        0.000        0.000
    60:        0.000        0.000        0.000        0.000        0.000
    65:        0.000        0.000        0.000        0.000        0.000
    70:        0.000        0.000        0.000        0.000        0.000
    75:        0.000        0.000        0.000        0.000        0.000
    80:        0.000        0.000        0.000        0.000        0.000
    85:        0.000        0.000        0.000        0.000        0.000
    90:        0.000        0.000        0.000        0.000        0.000
    95:        0.000        0.000        0.000        0.000        0.000
   100:        0.000
C:
     0:      183.300      195.300      419.100     1301.300     1313.300
     5:    98346.200    98346.200    98346.200    98346.200    98346.200
    10:    98346.200    98346.200    98346.200    98346.200    98346.200
    15:    98753.300    98782.300    98811.300    98833.300    98853.300
    20:   100680.300   100707.300   102841.300   102869.300   103040.300
    25:   103156.300   103224.300   103551.300   103605.300   103829.300
    30:   104156.300   104215.300   104226.300   104240.300   104287.300
    35:   105271.300   105838.300   109171.300   109811.300   109815.300
    40:   112774.300   113433.300   116316.300   116415.300   117003.300
    45:   118277.300   118987.300   119744.300   122806.300   126735.300
    50:   126916.300   130737.300   130921.300   131620.300   132657.300
    55:   132753.300   133324.300   133515.300   135817.300   137812.300
    60:   142019.300   142916.300   143912.300   158395.300   162078.300
    65:   162137.300   162159.300   170766.300   175907.300   180519.300
    70:   184012.300   184034.300   189522.300   189557.300   189620.300
    75:   190580.300   190715.300   191666.300   191742.300   202439.300
    80:   202547.300   208963.300   211530.300   212691.300   212719.300
    85:   219760.300   220398.300   224853.300   228269.300   237609.300
    90:   238203.300   239237.300   245271.300   250069.300   250112.300
    95:   264233.300   268268.300   269351.300   269441.300   269580.300
   100:   302831.300   305381.300   309722.300   309811.300   309882.300
   105:   309937.300   311930.300   312565.300   330055.300   330071.300
   110:   331828.300   336577.300   343122.300   349432.300   353332.300
   115:   354436.300   360390.300   362476.300   362697.300   366534.300
   120:   367925.300   367967.300   396836.300   397017.300   403735.300
   125:   404053.300   410774.300   410811.300   411452.300   420557.300
   130:   431847.300   450809.300   451621.300   455400.300   455427.300
   135:   455543.300   455711.300   455773.300   455987.300   457252.300
   140:   457567.300   462695.300   462709.300   464356.300   464810.300
   145:   465428.300   465591.300   467425.300   484008.300   488070.300
   150:   500714.300   506995.300   507061.300   524719.300   526237.300
   155:   528687.300   529119.300   541127.300   545145.300   546961.300
   160:   548157.300   548427.300   548456.300   548469.300   556666.300
   165:   556681.300   571043.300   573320.300   573329.300   573841.300
   170:   573988.300   574853.300   589008.300   592032.300   600520.300
   175:   603087.300   614128.300   621987.300   643687.300   647753.300
   180:   660729.300   667545.300   669622.300   669839.300   674585.300
   185:   674660.300   676381.300   680808.300   681198.300   692284.300
   190:   700409.300   718923.300   721870.300   721967.300   723803.300
   195:   728400.100   730328.300   730499.300   734280.300   736599.300
   200:   736740.300   742307.300   750384.300   758453.300   759866.300
   205:   760100.300   761942.300   764009.300   781300.300   782536.300
   210:   783349.300   788429.300   788507.300   788625.300   788775.300
   215:   797613.300   801906.300   808111.300   810017.300   814413.300
   220:   814932.300   817574.300   822908.300   823958.300   825999.300
   225:   826293.300   829128.300   830226.100   833653.300   834041.300
   230:   835131.300   836780.300   841482.300   846181.300   846198.300
   235:   847498.300   862733.300   870340.300   870492.300   870672.300
   240:   888937.300   890338.300   923030.300   929777.300   935453.300
   245:   938540.300   939453.300   949837.300   949864.300   950436.300
   250:   954748.300   957863.300   963001.300   971833.300   972027.300
   255:   975947.300   975964.300   980014.300   984859.300   985946.100
   260:   991424.300   993712.300   994551.300   997752.300   998851.300
   265:   999071.300   999122.300   999340.300   999371.300  1000721.300
   270:  1005054.300  1008089.300  1008266.300  1011663.300  1022896.300
   275:  1022969.300  1023005.300  1028702.300  1029281.300  1032190.300
   280:  1032236.300  1032273.300  1035324.300  1037735.300  1039815.300
   285:  1041585.300  1059847.300  1063744.300  1092481.300  1095622.300
   290:  1095680.300  1100026.300  1104070.300  1104992.300  1105078.300
   295:  1105398.300  1118359.300  1118795.300  1118890.300  1118915.300
   300:  1119126.300  1119325.300  1129847.300  1137592.300  1137614.300
   305:  1139174.300  1150056.300  1152696.300  1159229.300  1176556.300
   310:  1215504.300  1215600.300  1225201.300  1234185.300  1234258.300
   315:  1234272.300  1234367.300  1234630.300  1256831.300  1284399.300
   320:  1290200.300  1290269.300  1300324.300  1300372.300  1310795.300
   325:  1313094.300  1314085.300  1337848.300  1337988.300  1356577.300
   330:  1386959.300  1389777.300  1389867.300  1521795.200  1521795.200
   335:  1521795.200  1521795.200  1521795.200  1521795.200  1521795.200
   340:  1521795.200  1521795.200  1521795.200  1523531.300  1523562.300
   345:  1523633.300  1523655.300  1525146.300  1525168.300  1525228.300
   350:  1528453.300  1528466.300  1528481.300  1530437.300  1531533.300
   355:  1537042.300  1537524.300  1537632.300  1537635.300  1537660.300
   360:  1537760.300  1538308.300  1541238.300  1541556.300  1556139.300
   365:  1586959.300  1588620.300  1588682.300  1589145.100  1621578.300
   370:  1658915.300  1680166.300  1682209.300  1682344.300  1716583.300
   375:  1722683.300  1723281.100  1741367.300  1745211.300  1796380.300
   380:  1805346.300  1805389.300  2027674.300  2032384.300  2122563.300
   385:  2126158.300  2134849.300  2135751.300  2135771.300  2136107.300
   390:  2137901.300  2229094.300  2235171.300  2249465.300  2267263.300
   395:  2268444.300  2268554.300  2275240.300  2297201.300  2305761.300
   400:  2306286.300  2316711.300  2329443.300  2329673.300  2329751.300
   405:  2329802.300  2447934.200  2447934.200  2447934.200  2447934.200
   410:  2447934.200  2447934.200  2447934.200  2447934.200  2447934.200
   415:  2447934.200  2448396.300  2448420.300  2448424.300  2450692.300
   420:  2450728.300  2455441.300  2455523.300  2471713.300  2472500.300
   425:  2489471.300  2491830.300  2491933.300  2491950.300  2496314.300
   430:  2496341.300  2496354.300  2499660.300  2500085.300  2500887.300
   435:  2500909.300  2583395.300  2586745.300  2587038.300  2594412.300
   440:  2599345.300  2599902.300  2600463.300  2601291.300  2601309.300
   445:  2601339.300  2601350.300  2601374.300  2601506.300  2602541.300
   450:  2651902.300  2656314.300  2657453.300  2659748.300  2663942.300
   455:  2681568.300  2681638.300  2681703.300  2681731.300  2681743.300
   460:  2681780.300  2700405.300  2720724.300  2724384.300  2724431.300
   465:  2725251.300  2731080.300  2731152.300  2731283.300  2731465.300
   470:  2750556.300  2751474.300  2753424.300  2758004.100  2762756.300
   475:  2777960.300  2778471.300  2778500.300  2778970.300  3175666.300
   480:  3175757.300  3175767.300  3175806.300  3182058.300  3182171.300
   485:  3501848.300  3501912.300  3508104.300  3784645.300  3930274.300
   490:  3931589.300  3948529.300  3962547.300  3962591.300  3962821.300
   495:  4299834.200  4299834.200  4299834.200  4299834.200  4299834.200
   500:  4299834.200  4299834.200  4299834.200  4299834.200  4299834.200
   505:  4300273.300  4300310.300  4303101.300  4303129.300  4307012.300
   510:  4307047.300  4310041.300  4310459.300  4311614.300  4314542.300
   515:  4314941.300  4316919.100
D:
     0:        0.111      183.600      195.600      419.200     1301.600
     5:     1313.600     8435.250     8741.650     9365.650     9531.650
    10:    10005.650    12232.650    12302.650    12776.250    13940.650
    15:    13995.650    14025.650    19715.650    19912.650    20523.250
    20:    28702.650    28796.650    30040.650    45900.250    46178.250
    25:    46673.250    46908.650    47115.650    55224.650    57935.250
    30:    58398.250    58530.650    58811.650    59104.650    62017.650
    35:    62144.650    62371.650    62392.650    93495.650    97963.650
    40:    98112.650    98346.400    98391.410    98425.610    98440.410
    45:    98485.410    98534.410    98579.410    98628.410    98673.410
    50:    98722.410    98767.410    98772.420    99179.600    99208.600
    55:    99237.600    99259.600    99279.600   101106.600   101133.600
    60:   103267.600   103295.600   103466.600   103582.600   103650.600
    65:   103977.600   104031.600   104255.600   104582.600   104641.600
    70:   104652.600   104666.600   104713.600   105697.600   106264.600
    75:   109597.600   110237.600   110241.600   113200.600   113859.600
    80:   116742.600   116841.600   117429.600   118703.600   119413.600
    85:   120170.600   123232.600   127161.600   127342.600   131163.600
    90:   131347.600   132046.600   133083.600   133179.600   133750.600
    95:   133941.600   136243.600   138238.600   142445.600   143342.600
   100:   144338.600   158821.600   162504.600   162563.600   162585.600
   105:   171192.600   176333.600   180945.600   184438.600   184460.600
   110:   189948.600   189983.600   190046.600   191006.600   191141.600
   115:   192092.600   192168.600   202865.600   202973.600   209389.600
   120:   211956.600   213117.600   213145.600   220186.600   220824.600
   125:   225279.600   228695.600   238035.600   238629.600   239663.600
   130:   245697.600   250495.600   250538.600   264659.600   268694.600
   135:   269777.600   269867.600   270006.600   303257.600   305807.600
   140:   310148.600   310237.600   310308.600   310363.600   312356.600
   145:   312991.600   330481.600   330497.600   332254.600   337003.600
   150:   343548.600   349858.600   353758.600   354862.600   360816.600
   155:   362902.600   363123.600   366960.600   368351.600   368393.600
   160:   397262.600   397443.600   404161.600   404479.600   411200.600
   165:   411237.600   411878.600   420983.600   432273.600   451235.600
   170:   452047.600   455826.600   455853.600   455969.600   456137.600
   175:   456199.600   456413.600   457678.600   457993.600   463121.600
   180:   463135.600   464782.600   465236.600   465854.600   466017.600
   185:   467851.600   484434.600   488496.600   501140.600   507421.600
   190:   507487.600   525145.600   526663.600   529113.600   529545.600
   195:   541553.600   545571.600   547387.600   548583.600   548853.600
   200:   548882.600   548895.600   557092.600   557107.600   571469.600
   205:   573746.600   573755.600   574267.600   574414.600   575279.600
   210:   589434.600   592458.600   600946.600   603513.600   614554.600
   215:   622413.600   644113.600   648179.600   661155.600   667971.600
   220:   670048.600   670265.600   675011.600   675086.600   676807.600
   225:   681234.600   681624.600   692710.600   700835.600   719349.600
   230:   722296.600   722393.600   724229.600   728826.200   730754.600
   235:   730925.600   734706.600   737025.600   737166.600   742733.600
   240:   750810.600   758879.600   760292.600   760526.600   762368.600
   245:   764435.600   781726.600   782962.600   783775.600   788855.600
   250:   788933.600   789051.600   789201.600   798039.600   802332.600
   255:   808537.600   810443.600   814839.600   815358.600   818000.600
   260:   823334.600   824384.600   826425.600   826719.600   829554.600
   265:   830652.200   834079.600   834467.600   835557.600   837206.600
   270:   841908.600   846607.600   846624.600   847924.600   863159.600
   275:   870766.600   870918.600   871098.600   889363.600   890764.600
   280:   923456.600   930203.600   935879.600   938966.600   939879.600
   285:   950263.600   950290.600   950862.600   955174.600   958289.600
   290:   963427.600   972259.600   972453.600   976373.600   976390.600
   295:   980440.600   985285.600   986372.200   991850.600   994138.600
   300:   994977.600   998178.600   999277.600   999497.600   999548.600
   305:   999766.600   999797.600  1001147.600  1005480.600  1008515.600
   310:  1008692.600  1012089.600  1023322.600  1023395.600  1023431.600
   315:  1029128.600  1029707.600  1032616.600  1032662.600  1032699.600
   320:  1035750.600  1038161.600  1040241.600  1042011.600  1060273.600
   325:  1064170.600  1092907.600  1096048.600  1096106.600  1100452.600
   330:  1104496.600  1105418.600  1105504.600  1105824.600  1118785.600
   335:  1119221.600  1119316.600  1119341.600  1119552.600  1119751.600
   340:  1130273.600  1138018.600  1138040.600  1139600.600  1150482.600
   345:  1153122.600  1159655.600  1176982.600  1215930.600  1216026.600
   350:  1225627.600  1234611.600  1234684.600  1234698.600  1234793.600
   355:  1235056.600  1257257.600  1284825.600  1290626.600  1290695.600
   360:  1300750.600  1300798.600  1311221.600  1313520.600  1314511.600
   365:  1338274.600  1338414.600  1357003.600  1387385.600  1390203.600
   370:  1390293.600  1430493.650  1444825.650  1446980.650  1447102.650
   375:  1447209.650  1452555.650  1473875.250  1474281.650  1475885.650
   380:  1521493.250  1522221.400  1522266.410  1522315.410  1522360.410
   385:  1522409.410  1522454.410  1522503.410  1522506.610  1522548.410
   390:  1522597.410  1522642.410  1522647.420  1524383.600  1524414.600
   395:  1524485.600  1524507.600  1525998.600  1526020.600  1526080.600
   400:  1529305.600  1529318.600  1529333.600  1531289.600  1532385.600
   405:  1537894.600  1538376.600  1538484.600  1538487.600  1538512.600
   410:  1538612.600  1539160.600  1542090.600  1542408.600  1556991.600
   415:  1587811.600  1589472.600  1589534.600  1589997.200  1622430.600
   420:  1659767.600  1681018.600  1683061.600  1683196.600  1717435.600
   425:  1723535.600  1724133.200  1742219.600  1746063.600  1797232.600
   430:  1806198.600  1806241.600  2028526.600  2033236.600  2123415.600
   435:  2127010.600  2135701.600  2136603.600  2136623.600  2136959.600
   440:  2138753.600  2229946.600  2236023.600  2250317.600  2268115.600
   445:  2269296.600  2269406.600  2276092.600  2298053.600  2306613.600
   450:  2307138.600  2317563.600  2330295.600  2330525.600  2330603.600
   455:  2330654.600  2448786.400  2448831.410  2448880.410  2448925.410
   460:  2448951.610  2448974.410  2449019.410  2449068.410  2449113.410
   465:  2449162.410  2449207.410  2449212.420  2449674.600  2449698.600
   470:  2449702.600  2451970.600  2452006.600  2456719.600  2456801.600
   475:  2472991.600  2473778.600  2490749.600  2493108.600  2493211.600
   480:  2493228.600  2497592.600  2497619.600  2497632.600  2500938.600
   485:  2501363.600  2502165.600  2502187.600  2584673.600  2588023.600
   490:  2588316.600  2595690.600  2600623.600  2601180.600  2601741.600
   495:  2602569.600  2602587.600  2602617.600  2602628.600  2602652.600
   500:  2602784.600  2603819.600  2653180.600  2657592.600  2658731.600
   505:  2661026.600  2665220.600  2682846.600  2682916.600  2682981.600
   510:  2683009.600  2683021.600  2683058.600  2701683.600  2722002.600
   515:  2725662.600  2725709.600  2726529.600  2732358.600  2732430.600
   520:  2732561.600  2732743.600  2751834.600  2752752.600  2754702.600
   525:  2759282.200  2764034.600  2779238.600  2779749.600  2779778.600
   530:  2780248.600  3176944.600  3177035.600  3177045.600  3177084.600
   535:  3183336.600  3183449.600  3503126.600  3503190.600  3509382.600
   540:  3785923.600  3931552.600  3932867.600  3949807.600  3963825.600
   545:  3963869.600  3964099.600  4301112.400  4301157.410  4301206.410
   550:  4301251.410  4301298.610  4301300.410  4301345.410  4301394.410
   555:  4301439.410  4301488.410  4301533.410  4301538.420  4301977.600
   560:  4302014.600  4304805.600  4304833.600  4308716.600  4308751.600
   565:  4311745.600  4312163.600  4313318.600  4316246.600  4316645.600
   570:  4318623.200  4321704.999
E:
     0:        5.200       16.300       28.800       43.200       59.900
     5:       80.100      105.300      139.300      191.600      330.300
F:
     0:        0.000        0.000        0.000        0.000        0.000
     5:        0.000
L:
     0:       78.000      284.000      164.000      185.000
M:
     0:        0.000        0.000        0.000        0.000        0.000
     5:        0.000
