File: C:\MED-PC IV\DATA\!2023-03-07_18h55m.Subject DF27


Start Date: 03/07/23
End Date: 03/08/23
Subject: DF27
Experiment: delayed_acquisition
Group: 1
Box: 7
Start Time: 18:55:49
End Time:  7:11:49
MSN: Delayed_Acquisition2_w_magmacro
G:       0.000
H:       0.000
I:       0.000
J:       0.000
K:       0.000
N:       0.000
O:       0.000
P:       0.000
Q:       0.000
R:       0.000
S:       0.000
T:       0.000
U:       0.000
V:       0.000
W:       0.000
X:       0.000
Y:       0.000
Z:       0.000
A:
     0:        2.000       60.000  4320000.000        1.000        0.000
     5:        1.000    96000.000        0.000       10.000        0.000
    10:        0.000        0.000        0.000        0.000        0.000
    15:        0.000        0.000        0.000        0.000        0.000
    20:        0.000        0.000        0.000        0.000        0.000
    25:        0.000        0.000        0.000        0.000        0.000
    30:        0.000        0.000        0.000        0.000        0.000
    35:        0.000        0.000        0.000        0.000        0.000
    40:        0.000        0.000        0.000        0.000        0.000
    45:        0.000        0.000        0.000        0.000        0.000
    50:        0.000        0.000        0.000        0.000        0.000
    55:        0.000        0.000        0.000        0.000        0.000
    60:        0.000        0.000        0.000        0.000        0.000
    65:        0.000        0.000        0.000        0.000        0.000
    70:        0.000        0.000        0.000        0.000        0.000
    75:        0.000        0.000        0.000        0.000        0.000
    80:        0.000        0.000        0.000        0.000        0.000
    85:        0.000        0.000        0.000        0.000        0.000
    90:        0.000        0.000        0.000        0.000        0.000
    95:        0.000        0.000        0.000        0.000        0.000
   100:        0.000
B:
     0:  4320000.000  4320852.000        1.000        2.000        0.000
     5:        0.000        0.000        2.000      247.000      284.000
    10:        0.000      225.000        2.000        4.000       27.000
    15:        0.000        2.000        0.000        0.000        0.000
    20:        0.000        0.000        0.000        0.000        0.000
    25:        0.000        0.000        0.000        0.000        0.000
    30:        1.140        0.000        0.000       20.000        0.000
    35:        0.000        0.000        0.000        0.000        0.000
    40:        0.000        0.000        0.000        0.000        0.000
    45:        0.000        0.000        0.000        0.000        0.000
    50:        0.000        0.000        0.000        0.000        0.000
    55:        0.000        0.000        0.000        0.000        0.000
    60:        0.000        0.000        0.000        0.000        0.000
    65:        0.000        0.000        0.000        0.000        0.000
    70:        0.000        0.000        0.000        0.000        0.000
    75:        0.000        0.000        0.000        0.000        0.000
    80:        0.000        0.000        0.000        0.000        0.000
    85:        0.000        0.000        0.000        0.000        0.000
    90:        0.000        0.000        0.000        0.000        0.000
    95:        0.000        0.000        0.000        0.000        0.000
   100:        0.000
C:
     0:    11882.300    13766.100   109767.200   109767.200   109767.200
     5:   109767.200   109767.200   109767.200   109767.200   109767.200
    10:   109767.200   109767.200   110100.300   110107.300   112036.300
    15:   113253.300   113405.300   114119.300   114508.300   114710.300
    20:   114738.300   114770.300   118678.300   118855.300   119172.300
    25:   119668.300   120966.300   132680.300   133313.300   133406.300
    30:   190283.300   190337.300   190409.300   213721.300   260663.300
    35:   270559.300   270606.300   270626.300   270638.300   270749.300
    40:   270760.300   270834.300   271337.300   318799.300   433668.300
    45:   433725.300   433780.300   434622.300   435133.300   470158.300
    50:   517218.300   517964.300   518184.300   518680.300   518834.300
    55:   519100.300   527484.300   562204.100   658205.200   658205.200
    60:   658205.200   658205.200   658205.200   658205.200   658205.200
    65:   658205.200   658205.200   658205.200   658427.300   658687.300
    70:   659888.300   661004.300   661055.300   661313.300   661322.300
    75:   661344.300   663345.300   663355.300   663421.300   663704.300
    80:   664113.300   664131.300   665466.300   665473.300   665511.300
    85:   665641.300   678118.300   678278.300   678398.300   678504.300
    90:   718396.300   723786.300   724262.300   762465.300   762666.300
    95:   762840.300   762912.300   762928.300   762947.300   762965.300
   100:   762978.300   763105.300   763147.300   763157.300   772351.300
   105:   785514.300   790136.300   839107.300   842876.300   842905.300
   110:   849616.300   849831.300   914907.300   973978.300   974090.300
   115:   974860.300  1020513.300  1021019.300  1021029.300  1085130.300
   120:  1109055.300  1116343.300  1128120.300  1128709.300  1144307.300
   125:  1144839.300  1144853.300  1144928.300  1145012.300  1180100.300
   130:  1194230.300  1250913.300  1294260.300  1294503.300  1376526.300
   135:  1381256.300  1381274.300  1381697.300  1386932.300  1425998.300
   140:  1426162.300  1435665.300  1435905.300  1450015.300  1501656.300
   145:  1501679.300  1501886.300  1501903.300  1501931.300  1501979.300
   150:  1501992.300  1515706.300  1515910.300  1516001.300  1516080.300
   155:  1516090.300  1516186.300  1598442.300  1599430.300  1599550.300
   160:  1599580.300  1602595.300  1602751.300  1651762.300  1665001.300
   165:  1671347.300  1720926.300  1729603.300  1773223.300  1773229.300
   170:  1780439.300  1829516.300  1832182.300  1832535.300  1832591.300
   175:  1837345.300  1837444.300  1904013.300  1904062.300  1972074.300
   180:  1974721.300  1974814.300  1979131.300  1979510.300  1979812.300
   185:  1985162.300  2012411.300  2012504.300  2012585.300  2217019.300
   190:  2233229.300  2233305.300  2378194.300  2382346.300  2395973.300
   195:  2397352.300  2406268.300  2476372.300  2476405.300  2476451.300
   200:  2526402.300  2543678.300  2606609.300  2671231.300  2721167.300
   205:  2739753.300  2739819.300  2744734.300  2759417.300  2759672.300
   210:  2760059.300  2760189.300  2760365.300  2760375.300  3228318.300
   215:  3228435.300  3228482.300  3258561.300  3395174.300  3396032.300
   220:  3400109.300  3405847.300  3415326.300  3424924.300  3427632.300
   225:  3427782.300  3428008.300  3428050.300  3428136.300  3428154.300
   230:  3458277.300  3458339.300  3458581.300  3458611.300  3514328.300
   235:  3529473.300  3535175.300  3535970.300  3536084.300  3576009.300
   240:  3578658.300  4119831.300  4198349.300  4202870.300  4202944.300
   245:  4224147.300  4304637.300
D:
     0:        0.111    11882.600    13766.200    13833.250    13872.250
     5:    13961.250    14292.650    41696.650    42361.650    50488.650
    10:    50564.650    57645.650    57752.650    57877.650    63725.650
    15:    63804.650    63855.650    63867.650    63964.650    64949.650
    20:    71097.250   101540.650   101619.650   102074.650   109767.400
    25:   109808.610   109812.410   109861.410   109906.410   109955.410
    30:   110000.410   110049.410   110094.410   110143.410   110188.410
    35:   110193.420   110526.600   110533.600   112462.600   113679.600
    40:   113831.600   114545.600   114934.600   115136.600   115164.600
    45:   115196.600   119104.600   119281.600   119598.600   120094.600
    50:   121392.600   133106.600   133739.600   133832.600   190709.600
    55:   190763.600   190835.600   214147.600   261089.600   270985.600
    60:   271032.600   271052.600   271064.600   271175.600   271186.600
    65:   271260.600   271763.600   319225.600   434094.600   434151.600
    70:   434206.600   435048.600   435559.600   470584.600   517644.600
    75:   518390.600   518610.600   519106.600   519260.600   519526.600
    80:   527910.600   562630.200   570560.650   570913.650   571164.650
    85:   571181.650   571568.650   572298.650   572463.650   572690.650
    90:   572845.650   573347.650   658631.400   658676.410   658725.410
    95:   658770.410   658819.410   658820.610   658864.410   658913.410
   100:   658958.410   659007.410   659052.410   659057.420   659279.600
   105:   659539.600   660740.600   661856.600   661907.600   662165.600
   110:   662174.600   662196.600   664197.600   664207.600   664273.600
   115:   664556.600   664965.600   664983.600   666318.600   666325.600
   120:   666363.600   666493.600   678970.600   679130.600   679250.600
   125:   679356.600   719248.600   724638.600   725114.600   763317.600
   130:   763518.600   763692.600   763764.600   763780.600   763799.600
   135:   763817.600   763830.600   763957.600   763999.600   764009.600
   140:   773203.600   786366.600   790988.600   839959.600   843728.600
   145:   843757.600   850468.600   850683.600   915759.600   974830.600
   150:   974942.600   975712.600  1021365.600  1021871.600  1021881.600
   155:  1085982.600  1109907.600  1117195.600  1128972.600  1129561.600
   160:  1145159.600  1145691.600  1145705.600  1145780.600  1145864.600
   165:  1180952.600  1195082.600  1251765.600  1295112.600  1295355.600
   170:  1377378.600  1382108.600  1382126.600  1382549.600  1387784.600
   175:  1426850.600  1427014.600  1436517.600  1436757.600  1450867.600
   180:  1502508.600  1502531.600  1502738.600  1502755.600  1502783.600
   185:  1502831.600  1502844.600  1516558.600  1516762.600  1516853.600
   190:  1516932.600  1516942.600  1517038.600  1599294.600  1600282.600
   195:  1600402.600  1600432.600  1603447.600  1603603.600  1652614.600
   200:  1665853.600  1672199.600  1721778.600  1730455.600  1774075.600
   205:  1774081.600  1781291.600  1830368.600  1833034.600  1833387.600
   210:  1833443.600  1838197.600  1838296.600  1904865.600  1904914.600
   215:  1972926.600  1975573.600  1975666.600  1979983.600  1980362.600
   220:  1980664.600  1986014.600  2013263.600  2013356.600  2013437.600
   225:  2217871.600  2234081.600  2234157.600  2379046.600  2383198.600
   230:  2396825.600  2398204.600  2407120.600  2477224.600  2477257.600
   235:  2477303.600  2527254.600  2544530.600  2607461.600  2672083.600
   240:  2722019.600  2740605.600  2740671.600  2745586.600  2760269.600
   245:  2760524.600  2760911.600  2761041.600  2761217.600  2761227.600
   250:  3229170.600  3229287.600  3229334.600  3259413.600  3396026.600
   255:  3396884.600  3400961.600  3406699.600  3416178.600  3425776.600
   260:  3428484.600  3428634.600  3428860.600  3428902.600  3428988.600
   265:  3429006.600  3459129.600  3459191.600  3459433.600  3459463.600
   270:  3515180.600  3530325.600  3536027.600  3536822.600  3536936.600
   275:  3576861.600  3579510.600  4120683.600  4199201.600  4203722.600
   280:  4203796.600  4224999.600  4305489.600  4320852.999
E:
     0:        5.200       16.300       28.800       43.200       59.900
     5:       80.100      105.300      139.300      191.600      330.300
F:
     0:        0.000        0.000        0.000        0.000        0.000
     5:        0.000
L:
     0:       40.000      188.000
M:
     0:        0.000        0.000        0.000        0.000        0.000
     5:        0.000
