File: C:\MED-PC IV\DATA\!2023-03-05_18h44m.Subject DF29


Start Date: 03/05/23
End Date: 03/06/23
Subject: DF29
Experiment: delayed_acquisition
Group: 1
Box: 9
Start Time: 18:44:35
End Time:  6:57:24
MSN: Delayed_AcquisitionYoked2_w_magmacro
G:       0.000
H:       0.000
I:       0.000
J:       0.000
K:       0.000
N:       0.000
O:       0.000
P:       0.000
Q:       0.000
R:       0.000
S:       0.000
T:       0.000
U:       0.000
V:       0.000
W:       0.000
X:       7.000
Y:       0.000
Z:       0.000
A:
     0:        2.000       60.000  4320000.000        2.000        0.000
     5:        1.000    96000.000        1.000       10.000        0.000
    10:        0.000        0.000        0.000        0.000        0.000
    15:        0.000        0.000        0.000        0.000        0.000
    20:        0.000        0.000        0.000        0.000        0.000
    25:        0.000        0.000        0.000        0.000        0.000
    30:        0.000        0.000        0.000        0.000        0.000
    35:        0.000        0.000        0.000        0.000        0.000
    40:        0.000        0.000        0.000        0.000        0.000
    45:        0.000        0.000        0.000        0.000        0.000
    50:        0.000        0.000        0.000        0.000        0.000
    55:        0.000        0.000        0.000        0.000        0.000
    60:        0.000        0.000        0.000        0.000        0.000
    65:        0.000        0.000        0.000        0.000        0.000
    70:        0.000        0.000        0.000        0.000        0.000
    75:        0.000        0.000        0.000        0.000        0.000
    80:        0.000        0.000        0.000        0.000        0.000
    85:        0.000        0.000        0.000        0.000        0.000
    90:        0.000        0.000        0.000        0.000        0.000
    95:        0.000        0.000        0.000        0.000        0.000
   100:        0.000
B:
     0:  4320000.000  4320852.000        1.000       48.000        0.000
     5:        0.000        0.000        2.000      604.000      616.000
    10:        0.000      536.000        2.000        0.000        6.000
    15:        0.000        2.000        0.000        0.000        0.000
    20:        0.000        0.000        0.000        0.000        0.000
    25:        0.000        0.000        0.000        0.000        0.000
    30:        1.245        0.000        0.000       20.000        0.000
    35:        0.000        0.000        0.000        0.000        0.000
    40:        0.000        0.000        0.000        0.000        0.000
    45:        0.000        0.000        0.000        0.000        0.000
    50:        0.000        0.000        0.000        0.000        0.000
    55:        0.000        0.000        0.000        0.000        0.000
    60:        0.000        0.000        0.000        0.000        0.000
    65:        0.000        0.000        0.000        0.000        0.000
    70:        0.000        0.000        0.000        0.000        0.000
    75:        0.000        0.000        0.000        0.000        0.000
    80:        0.000        0.000        0.000        0.000        0.000
    85:        0.000        0.000        0.000        0.000        0.000
    90:        0.000        0.000        0.000        0.000        0.000
    95:        0.000        0.000        0.000        0.000        0.000
   100:        0.000
C:
     0:     2225.300     2373.300     8650.300     9388.300     9449.300
     5:     9877.300    10120.300    11920.300    14045.300    14150.300
    10:    14188.300    14450.100    18180.300    22403.300    22539.300
    15:    22622.300    26094.300    26251.300    36851.300    43777.300
    20:    44378.300    44510.300    44547.300    53640.300    54652.300
    25:    54697.300    54894.300    54920.300    55026.300    56814.300
    30:    57259.300    57457.300    57784.300    57926.300    57969.300
    35:    58020.300    58561.300    58619.300    58994.300    59088.300
    40:    59289.300    62444.300    75157.300    75243.300    75592.300
    45:    83433.300    92138.300    92463.300    92717.300    95249.300
    50:    95740.300    95789.300    95829.300    95909.300    95959.300
    55:    96646.300   107395.100   144950.300   145927.300   147395.300
    60:   147400.300   147488.300   147771.300   147802.300   148002.300
    65:   148052.300   148485.300   149005.300   149287.300   149348.300
    70:   177196.300   177249.300   177494.300   188001.300   188636.300
    75:   189720.300   189787.300   190050.300   190103.300   190161.300
    80:   190456.300   195799.300   210591.300   211853.300   211941.300
    85:   212120.300   213921.300   214003.300   221991.300   221997.300
    90:   222369.300   226093.300   226168.300   226582.300   226656.300
    95:   226715.300   226763.300   270822.300   317185.300   317369.300
   100:   317488.300   317572.300   317579.300   328445.100   329374.300
   105:   329570.300   329651.300   334911.100   335493.300   335529.300
   110:   335725.300   335794.300   335865.300   336126.300   343094.300
   115:   371972.300   372755.300   373019.300   373162.300   413081.300
   120:   413119.300   413198.300   415786.300   479094.300   481589.100
   125:   482137.300   553982.300   554706.300   557762.100   557856.100
   130:   558337.100   558660.100   559800.100   560554.300   561287.100
   135:   566221.300   566332.300   566461.300   566511.300   568968.100
   140:   573338.100   573441.100   573925.300   574006.300   575060.300
   145:   575267.300   583021.100   583600.300   583636.300   605143.300
   150:   632702.300   632713.300   632848.300   634029.300   634113.300
   155:   634194.300   635429.300   637385.300   653094.300   653249.300
   160:   653292.300   653298.300   653315.300   653334.300   653354.300
   165:   653376.300   653501.300   653516.300   653536.300   653646.300
   170:   677675.300   808804.300   810044.300   810279.300   810329.300
   175:   810374.300   810488.300   810537.300   811130.300   815984.300
   180:   903357.300   907913.100   908859.300   909505.300   916567.100
   185:   931820.300   931877.300   934709.100   935475.100   936012.300
   190:   936174.300   937471.300   938430.300   938514.300   938689.300
   195:   939080.300   940708.300   940811.300   941296.300   942505.300
   200:   942535.300   942629.300   942661.300   942800.300   943328.300
   205:   943341.300   943444.300   943852.300   943877.300   944740.300
   210:   944810.300   944820.300   944920.300  1005876.300  1005987.300
   215:  1007197.300  1011584.300  1011634.300  1017038.300  1024485.300
   220:  1025387.300  1025389.300  1025491.300  1025499.300  1045128.100
   225:  1052544.300  1053204.300  1057921.300  1109495.300  1138835.300
   230:  1138986.300  1139039.300  1139047.300  1139080.300  1139266.300
   235:  1139281.300  1209535.300  1225349.300  1225377.300  1228947.300
   240:  1230706.300  1233392.300  1239091.300  1242531.300  1242584.300
   245:  1242613.300  1242706.300  1242766.300  1242825.300  1248254.300
   250:  1249735.300  1251757.300  1254015.300  1254334.300  1254481.300
   255:  1254568.300  1254856.300  1255825.300  1256088.300  1256096.300
   260:  1256100.300  1256143.300  1256170.300  1256189.300  1256197.300
   265:  1256251.300  1256287.300  1256291.300  1256297.300  1256307.300
   270:  1256836.300  1257564.300  1258715.300  1258924.300  1259738.300
   275:  1260199.300  1260818.300  1260966.300  1260998.300  1261089.300
   280:  1261415.300  1263718.300  1264637.300  1264796.300  1269503.300
   285:  1269559.300  1269829.300  1270333.300  1270497.300  1271640.300
   290:  1272289.300  1272346.300  1272623.300  1273229.300  1273594.300
   295:  1275465.300  1276215.300  1277081.300  1279864.300  1280289.300
   300:  1280339.300  1280764.300  1281829.300  1281944.300  1281968.300
   305:  1281984.300  1282144.300  1282179.300  1282569.300  1283714.300
   310:  1284265.300  1285365.300  1285598.300  1286709.300  1287023.300
   315:  1287860.300  1291410.300  1291661.300  1291949.300  1292047.300
   320:  1293046.300  1293113.300  1294009.300  1294151.300  1298398.300
   325:  1298437.300  1298459.300  1298473.300  1298508.300  1299041.300
   330:  1299624.300  1299822.300  1300035.300  1307819.300  1310256.300
   335:  1311404.300  1312596.300  1319619.300  1320237.300  1321295.300
   340:  1321354.300  1321653.300  1321904.100  1324275.300  1324456.300
   345:  1364954.300  1365118.300  1369430.300  1370905.300  1398470.300
   350:  1398508.300  1399373.300  1400654.300  1403475.300  1403970.300
   355:  1404595.300  1413716.300  1413918.300  1415269.300  1443946.300
   360:  1444168.300  1445658.300  1445713.300  1445721.300  1445841.300
   365:  1445878.300  1461305.300  1461340.300  1480349.300  1499387.300
   370:  1499439.300  1499515.300  1499540.300  1499606.300  1508400.300
   375:  1611784.200  1611784.200  1611784.200  1611784.200  1611784.200
   380:  1611784.200  1611784.200  1611784.200  1611784.200  1611784.200
   385:  1612084.300  1614946.300  1616148.300  1616344.300  1616396.300
   390:  1616436.300  1616680.300  1617362.300  1617368.300  1617543.300
   395:  1617895.300  1617920.300  1617946.300  1618074.300  1618080.300
   400:  1618159.300  1619936.300  1622583.300  1626153.300  1626174.300
   405:  1626214.300  1626535.300  1633342.300  1633389.300  1640986.300
   410:  1641207.300  1643167.300  1643216.300  1671636.300  1672336.300
   415:  1672884.300  1674297.300  1675775.300  1736492.300  1739897.300
   420:  1742363.300  1748472.300  1749455.300  1749491.300  1751091.300
   425:  1755996.100  1756521.300  1759883.100  1760011.100  1760978.300
   430:  1762249.300  1763370.100  1763752.300  1779467.300  1779722.300
   435:  1781164.300  1840568.300  1840623.300  1840651.300  1841075.300
   440:  1841886.300  1842030.300  1842325.300  1885181.300  1894928.300
   445:  1895109.300  1949201.300  1981368.100  1984848.300  1986471.300
   450:  1986578.300  1986609.300  2158115.300  2158818.300  2256841.200
   455:  2256841.200  2256841.200  2256841.200  2256841.200  2256841.200
   460:  2256841.200  2256841.200  2256841.200  2256841.200  2257613.300
   465:  2258962.300  2259141.300  2259267.300  2259286.300  2259883.300
   470:  2259922.300  2259956.300  2260306.300  2260315.300  2260346.300
   475:  2260417.300  2260453.300  2260459.300  2260552.300  2260564.300
   480:  2260622.300  2260684.300  2261324.300  2261332.300  2261334.300
   485:  2261355.300  2261463.300  2261545.300  2261764.300  2261789.300
   490:  2263216.300  2263235.300  2263257.300  2263809.300  2263824.300
   495:  2264090.300  2264598.300  2267592.300  2268086.300  2279096.100
   500:  2280063.100  2280143.100  2289104.300  2309422.300  2537874.300
   505:  3152854.300  3181542.300  3182655.100  3195249.300  3243486.300
   510:  3243546.300  3247438.300  3252012.300  3284746.300  3570587.300
   515:  3570611.300  3645204.300  3645283.300  3645352.300  3654797.300
   520:  3655650.100  3658491.100  3663682.300  3663733.300  3663830.300
   525:  3795434.300  3799553.300  3804026.100  3804041.100  3804095.100
   530:  3804666.100  3805659.100  3806360.100  3806601.300  3807095.300
   535:  3807168.300  3814043.100  3814058.100  3835049.300  3851568.300
   540:  3851947.300  3854319.300  3855938.300  3857839.300  3858024.300
   545:  3858098.300  3858440.300  3858630.300  3901170.300  3906625.100
   550:  3907265.100  3910558.300  3910705.300  3912382.300  3913624.300
   555:  3913816.300  3934287.300  3934352.300  3934430.300  3934629.300
   560:  4003241.300  4004004.300  4005216.300  4006881.300  4007688.300
   565:  4008236.300  4008321.300  4011857.300  4011867.300  4011870.300
   570:  4012224.300  4013186.300  4013228.300  4013942.300  4014034.300
   575:  4014138.300  4014397.300  4014427.300  4015469.300  4016376.300
   580:  4027399.300  4148863.100  4148903.100  4161477.300  4222218.300
   585:  4223568.300  4223746.300  4223832.300  4229717.300  4230256.300
   590:  4241875.300  4245794.100  4247868.300  4252961.300  4253113.300
   595:  4269231.300  4269347.300  4271327.100  4271548.100  4277480.300
   600:  4283363.100  4284386.300  4284442.300  4305768.300
D:
     0:        0.111     2225.600     2373.600     8650.600     9388.600
     5:     9449.600     9877.600    10120.600    11920.600    14045.600
    10:    14150.600    14188.600    14450.200    18180.600    22403.600
    15:    22539.600    22622.600    26094.600    26251.600    36851.600
    20:    43777.600    44378.600    44510.600    44547.600    53640.600
    25:    54652.600    54697.600    54894.600    54920.600    55026.600
    30:    56814.600    57259.600    57457.600    57784.600    57926.600
    35:    57969.600    58020.600    58561.600    58619.600    58994.600
    40:    59088.600    59289.600    62444.600    75157.600    75243.600
    45:    75592.600    83433.600    92138.600    92463.600    92717.600
    50:    95249.600    95740.600    95789.600    95829.600    95909.600
    55:    95959.600    96646.600   107395.200   144950.600   145927.600
    60:   147395.600   147400.600   147488.600   147771.600   147802.600
    65:   148002.600   148052.600   148485.600   149005.600   149287.600
    70:   149348.600   177196.600   177249.600   177494.600   188001.600
    75:   188636.600   189720.600   189787.600   190050.600   190103.600
    80:   190161.600   190456.600   195799.600   210591.600   211853.600
    85:   211941.600   212120.600   213921.600   214003.600   221991.600
    90:   221997.600   222369.600   226093.600   226168.600   226582.600
    95:   226656.600   226715.600   226763.600   270822.600   317185.600
   100:   317369.600   317488.600   317572.600   317579.600   328445.200
   105:   329374.600   329570.600   329651.600   334911.200   335493.600
   110:   335529.600   335725.600   335794.600   335865.600   336126.600
   115:   343094.600   371972.600   372755.600   373019.600   373162.600
   120:   413081.600   413119.600   413198.600   415786.600   479094.600
   125:   481589.200   482137.600   553982.600   554706.600   557762.200
   130:   557856.200   558337.200   558660.200   559800.200   560554.600
   135:   561287.200   566221.600   566332.600   566461.600   566511.600
   140:   568968.200   573338.200   573441.200   573925.600   574006.600
   145:   575060.600   575267.600   583021.200   583600.600   583636.600
   150:   605143.600   632702.600   632713.600   632848.600   634029.600
   155:   634113.600   634194.600   635429.600   637385.600   653094.600
   160:   653249.600   653292.600   653298.600   653315.600   653334.600
   165:   653354.600   653376.600   653501.600   653516.600   653536.600
   170:   653646.600   677675.600   808804.600   810044.600   810279.600
   175:   810329.600   810374.600   810488.600   810537.600   811130.600
   180:   815984.600   903357.600   907913.200   908859.600   909505.600
   185:   916567.200   931820.600   931877.600   934709.200   935475.200
   190:   936012.600   936174.600   937471.600   938430.600   938514.600
   195:   938689.600   939080.600   940708.600   940811.600   941296.600
   200:   942505.600   942535.600   942629.600   942661.600   942800.600
   205:   943328.600   943341.600   943444.600   943852.600   943877.600
   210:   944740.600   944810.600   944820.600   944920.600  1005876.600
   215:  1005987.600  1007197.600  1011584.600  1011634.600  1017038.600
   220:  1024485.600  1025387.600  1025389.600  1025491.600  1025499.600
   225:  1045128.200  1052544.600  1053204.600  1057921.600  1109495.600
   230:  1138835.600  1138986.600  1139039.600  1139047.600  1139080.600
   235:  1139266.600  1139281.600  1209535.600  1225349.600  1225377.600
   240:  1228947.600  1230706.600  1233392.600  1239091.600  1242531.600
   245:  1242584.600  1242613.600  1242706.600  1242766.600  1242825.600
   250:  1248254.600  1249735.600  1251757.600  1254015.600  1254334.600
   255:  1254481.600  1254568.600  1254856.600  1255825.600  1256088.600
   260:  1256096.600  1256100.600  1256143.600  1256170.600  1256189.600
   265:  1256197.600  1256251.600  1256287.600  1256291.600  1256297.600
   270:  1256307.600  1256836.600  1257564.600  1258715.600  1258924.600
   275:  1259738.600  1260199.600  1260818.600  1260966.600  1260998.600
   280:  1261089.600  1261415.600  1263718.600  1264637.600  1264796.600
   285:  1269503.600  1269559.600  1269829.600  1270333.600  1270497.600
   290:  1271640.600  1272289.600  1272346.600  1272623.600  1273229.600
   295:  1273594.600  1275465.600  1276215.600  1277081.600  1279864.600
   300:  1280289.600  1280339.600  1280764.600  1281829.600  1281944.600
   305:  1281968.600  1281984.600  1282144.600  1282179.600  1282569.600
   310:  1283714.600  1284265.600  1285365.600  1285598.600  1286709.600
   315:  1287023.600  1287860.600  1291410.600  1291661.600  1291949.600
   320:  1292047.600  1293046.600  1293113.600  1294009.600  1294151.600
   325:  1298398.600  1298437.600  1298459.600  1298473.600  1298508.600
   330:  1299041.600  1299624.600  1299822.600  1300035.600  1307819.600
   335:  1310256.600  1311404.600  1312596.600  1319619.600  1320237.600
   340:  1321295.600  1321354.600  1321653.600  1321904.200  1324275.600
   345:  1324456.600  1364954.600  1365118.600  1369430.600  1370905.600
   350:  1398470.600  1398508.600  1399373.600  1400654.600  1403475.600
   355:  1403970.600  1404595.600  1413716.600  1413918.600  1415269.600
   360:  1443946.600  1444168.600  1445658.600  1445713.600  1445721.600
   365:  1445841.600  1445878.600  1461305.600  1461340.600  1480349.600
   370:  1499387.600  1499439.600  1499515.600  1499540.600  1499606.600
   375:  1508400.600  1527150.650  1527338.650  1533275.650  1611784.400
   380:  1611829.410  1611878.410  1611914.610  1611923.410  1611972.410
   385:  1612017.410  1612066.410  1612111.410  1612160.410  1612205.410
   390:  1612210.420  1612510.600  1615372.600  1616574.600  1616770.600
   395:  1616822.600  1616862.600  1617106.600  1617788.600  1617794.600
   400:  1617969.600  1618321.600  1618346.600  1618372.600  1618500.600
   405:  1618506.600  1618585.600  1620362.600  1623009.600  1626579.600
   410:  1626600.600  1626640.600  1626961.600  1633768.600  1633815.600
   415:  1641412.600  1641633.600  1643593.600  1643642.600  1672062.600
   420:  1672762.600  1673310.600  1674723.600  1676201.600  1736918.600
   425:  1740323.600  1742789.600  1748898.600  1749881.600  1749917.600
   430:  1751517.600  1756422.200  1756947.600  1760309.200  1760437.200
   435:  1761404.600  1762675.600  1763796.200  1764178.600  1779893.600
   440:  1780148.600  1781590.600  1840994.600  1841049.600  1841077.600
   445:  1841501.600  1842312.600  1842456.600  1842751.600  1885607.600
   450:  1895354.600  1895535.600  1949627.600  1981794.200  1985274.600
   455:  1986897.600  1987004.600  1987035.600  2158541.600  2159244.600
   460:  2246188.650  2246399.650  2246447.650  2257267.400  2257312.410
   465:  2257361.410  2257388.610  2257406.410  2257455.410  2257500.410
   470:  2257549.410  2257594.410  2257643.410  2257688.410  2257693.420
   475:  2258465.600  2259814.600  2259993.600  2260119.600  2260138.600
   480:  2260735.600  2260774.600  2260808.600  2261158.600  2261167.600
   485:  2261198.600  2261269.600  2261305.600  2261311.600  2261404.600
   490:  2261416.600  2261474.600  2261536.600  2262176.600  2262184.600
   495:  2262186.600  2262207.600  2262315.600  2262397.600  2262616.600
   500:  2262641.600  2264068.600  2264087.600  2264109.600  2264661.600
   505:  2264676.600  2264942.600  2265450.600  2268444.600  2268938.600
   510:  2279948.200  2280915.200  2280995.200  2289956.600  2310274.600
   515:  2538726.600  3153706.600  3182394.600  3183507.200  3196101.600
   520:  3244338.600  3244398.600  3248290.600  3252864.600  3285598.600
   525:  3571439.600  3571463.600  3646056.600  3646135.600  3646204.600
   530:  3655649.600  3656502.200  3659343.200  3664534.600  3664585.600
   535:  3664682.600  3796286.600  3800405.600  3804878.200  3804893.200
   540:  3804947.200  3805518.200  3806511.200  3807212.200  3807453.600
   545:  3807947.600  3808020.600  3814895.200  3814910.200  3835901.600
   550:  3852420.600  3852799.600  3855171.600  3856790.600  3858691.600
   555:  3858876.600  3858950.600  3859292.600  3859482.600  3902022.600
   560:  3907477.200  3908117.200  3911410.600  3911557.600  3913234.600
   565:  3914476.600  3914668.600  3935139.600  3935204.600  3935282.600
   570:  3935481.600  4004093.600  4004856.600  4006068.600  4007733.600
   575:  4008540.600  4009088.600  4009173.600  4012709.600  4012719.600
   580:  4012722.600  4013076.600  4014038.600  4014080.600  4014794.600
   585:  4014886.600  4014990.600  4015249.600  4015279.600  4016321.600
   590:  4017228.600  4028251.600  4149715.200  4149755.200  4162329.600
   595:  4223070.600  4224420.600  4224598.600  4224684.600  4230569.600
   600:  4231108.600  4242727.600  4246646.200  4248720.600  4253813.600
   605:  4253965.600  4270083.600  4270199.600  4272179.200  4272400.200
   610:  4278332.600  4284215.200  4285238.600  4285294.600  4306620.600
   615:  4320852.999
E:
     0:        5.200       16.300       28.800       43.200       59.900
     5:       80.100      105.300      139.300      191.600      330.300
F:
     0:        0.000        0.000        0.000        0.000        0.000
     5:        0.000
L:
     0:      129.000      120.000
M:
     0:        0.000        0.000        0.000        0.000        0.000
     5:        0.000
