File: C:\MED-PC IV\DATA\!2023-02-23_18h49m.Subject DF28


Start Date: 02/23/23
End Date: 02/24/23
Subject: DF28
Experiment: delayed_acquisition
Group: 1
Box: 8
Start Time: 18:49:07
End Time:  7:11:11
MSN: Delayed_Acquisition2_w_magmacro
G:       0.000
H:       0.000
I:       0.000
J:       0.000
K:       0.000
N:       0.000
O:       0.000
P:       0.000
Q:       0.000
R:       0.000
S:       0.000
T:       0.000
U:       0.000
V:       0.000
W:       0.000
X:       0.000
Y:       0.000
Z:       0.000
A:
     0:        2.000       60.000  4320000.000        2.000        0.000
     5:        1.000    96000.000        0.000       10.000        0.000
    10:        0.000        0.000        0.000        0.000        0.000
    15:        0.000        0.000        0.000        0.000        0.000
    20:        0.000        0.000        0.000        0.000        0.000
    25:        0.000        0.000        0.000        0.000        0.000
    30:        0.000        0.000        0.000        0.000        0.000
    35:        0.000        0.000        0.000        0.000        0.000
    40:        0.000        0.000        0.000        0.000        0.000
    45:        0.000        0.000        0.000        0.000        0.000
    50:        0.000        0.000        0.000        0.000        0.000
    55:        0.000        0.000        0.000        0.000        0.000
    60:        0.000        0.000        0.000        0.000        0.000
    65:        0.000        0.000        0.000        0.000        0.000
    70:        0.000        0.000        0.000        0.000        0.000
    75:        0.000        0.000        0.000        0.000        0.000
    80:        0.000        0.000        0.000        0.000        0.000
    85:        0.000        0.000        0.000        0.000        0.000
    90:        0.000        0.000        0.000        0.000        0.000
    95:        0.000        0.000        0.000        0.000        0.000
   100:        0.000
B:
     0:  4320000.000  4324260.000        1.000       10.000        0.000
     5:        0.000        0.000       10.000     1274.000     1870.000
    10:        0.000     1164.000       11.000        9.000      564.000
    15:        0.000       10.000        0.000        0.000        0.000
    20:        0.000        0.000        0.000        0.000        0.000
    25:        0.000        0.000        0.000        0.000        0.000
    30:        1.054        0.000        0.000      100.000        0.000
    35:        0.000        0.000        0.000        0.000        0.000
    40:        0.000        0.000        0.000        0.000        0.000
    45:        0.000        0.000        0.000        0.000        0.000
    50:        0.000        0.000        0.000        0.000        0.000
    55:        0.000        0.000        0.000        0.000        0.000
    60:        0.000        0.000        0.000        0.000        0.000
    65:        0.000        0.000        0.000        0.000        0.000
    70:        0.000        0.000        0.000        0.000        0.000
    75:        0.000        0.000        0.000        0.000        0.000
    80:        0.000        0.000        0.000        0.000        0.000
    85:        0.000        0.000        0.000        0.000        0.000
    90:        0.000        0.000        0.000        0.000        0.000
    95:        0.000        0.000        0.000        0.000        0.000
   100:        0.000
C:
     0:     2335.300     2350.300    10721.300    10728.300    16152.100
     5:   112153.200   112153.200   112153.200   112153.200   112153.200
    10:   112153.200   112153.200   112153.200   112153.200   112153.200
    15:   115130.300   115139.300   116652.300   116672.300   116767.300
    20:   118417.300   118573.300   119998.300   120709.300   124250.300
    25:   126805.300   126987.300   127021.300   127162.300   128038.300
    30:   130110.300   134495.300   134846.300   141524.300   141731.300
    35:   141757.300   143087.300   143385.300   143891.300   145448.300
    40:   145679.300   145873.300   161584.300   161700.300   161715.300
    45:   161993.300   163344.300   171503.300   171546.300   177597.300
    50:   177613.300   177691.300   198448.300   212185.300   212490.300
    55:   224553.300   224625.300   234501.300   238040.300   241976.300
    60:   242700.300   243257.300   247208.300   248663.100   344664.200
    65:   344664.200   344664.200   344664.200   344664.200   344664.200
    70:   344664.200   344664.200   344664.200   344664.200   346772.300
    75:   348707.300   349739.300   349965.300   351709.300   354521.300
    80:   359481.300   359808.300   360096.300   361040.300   364282.300
    85:   371086.300   371193.300   374432.300   374738.300   374753.300
    90:   375056.300   376709.300   376873.300   376963.300   387697.300
    95:   388011.300   388052.300   388435.300   391009.300   391200.300
   100:   391317.300   391802.300   391953.300   392549.300   393841.300
   105:   394199.300   394634.300   396737.300   397656.300   397802.300
   110:   400067.300   400485.300   400868.300   406732.300   406981.300
   115:   407008.300   407020.300   407036.300   407066.300   407899.300
   120:   408658.300   411061.300   411797.300   413237.300   413829.300
   125:   413865.300   413908.300   413997.300   414032.300   414037.300
   130:   414170.300   414262.300   414347.300   414368.300   414401.300
   135:   414437.300   416039.300   417611.300   417634.300   417653.300
   140:   417664.300   427991.300   428325.300   435036.300   439889.300
   145:   444722.300   449589.300   449659.300   449680.300   449705.300
   150:   449847.300   452362.300   452713.300   453527.300   454161.300
   155:   455200.300   457913.300   458155.300   459241.300   459985.300
   160:   460596.300   462291.300   462564.300   463582.300   464015.300
   165:   464466.300   464698.300   465974.300   467590.300   467834.300
   170:   469064.300   477606.300   477694.300   477731.300   477836.300
   175:   479280.300   479337.300   481457.300   487588.300   488081.300
   180:   488619.300   488706.300   489368.300   491545.300   491851.300
   185:   492023.300   492040.300   492064.300   492073.300   492111.300
   190:   492137.300   492161.300   507626.300   507722.300   507728.300
   195:   508291.300   508340.300   510366.300   510523.300   514198.300
   200:   514217.300   516969.300   521527.300   522985.300   523236.300
   205:   523284.300   525207.300   525271.300   525317.300   525362.300
   210:   525398.300   525419.300   525436.300   525505.300   525524.300
   215:   525546.300   525566.300   526999.300   527295.300   527311.300
   220:   528317.300   528535.300   532034.300   532164.300   532179.300
   225:   532738.300   532766.300   533105.300   535970.300   536220.300
   230:   536909.300   537530.300   538544.300   538971.300   541129.300
   235:   542275.300   543499.300   545478.300   546268.300   546914.300
   240:   547302.300   547430.300   547449.300   547477.300   547502.300
   245:   547543.300   547563.300   547593.300   547630.300   547665.300
   250:   547689.300   547706.300   550988.300   556084.300   557455.300
   255:   557472.300   557747.300   559023.300   560193.300   560263.300
   260:   562352.300   562569.300   564447.300   565418.300   567013.300
   265:   568270.300   569175.300   569835.300   569850.300   572397.300
   270:   576929.300   580117.300   580666.300   582252.300   583801.300
   275:   585521.300   587573.300   588227.300   588424.300   593941.300
   280:   594527.300   594547.300   594630.300   595623.300   595738.300
   285:   595814.300   595879.300   595944.300   595949.300   596343.300
   290:   596504.300   597237.300   599882.100   695883.200   695883.200
   295:   695883.200   695883.200   695883.200   695883.200   695883.200
   300:   695883.200   695883.200   695883.200   696312.300   696332.300
   305:   696339.300   696352.300   696398.300   696715.300   696718.300
   310:   699401.300   700279.300   701174.300   701211.300   701232.300
   315:   701751.300   702341.300   702525.300   702801.300   703693.300
   320:   707994.300   708114.300   711145.300   711214.300   711278.300
   325:   713222.300   716852.300   717913.300   718120.300   719581.300
   330:   729508.300   729759.300   730727.300   731842.300   732619.300
   335:   733907.300   737904.300   738260.300   738569.300   738994.300
   340:   740389.100   836390.200   836390.200   836390.200   836390.200
   345:   836390.200   836390.200   836390.200   836390.200   836390.200
   350:   836390.200   840269.300   840300.300   840608.300   841508.300
   355:   841543.300   841582.300   841597.300   841613.300   841649.300
   360:   841678.300   841711.300   842079.300   842228.300   843156.300
   365:   843171.300   843239.300   843780.300   845126.300   845271.300
   370:   845528.300   848010.300   848221.300   849630.300   849882.300
   375:   853173.300   856773.100   952774.200   952774.200   952774.200
   380:   952774.200   952774.200   952774.200   952774.200   952774.200
   385:   952774.200   952774.200   953243.300   953748.300   955112.300
   390:   955320.300   955760.300   958954.300   960919.300   960964.300
   395:   961426.300   961736.300   961865.300   963876.300   964123.100
   400:  1060124.200  1060124.200  1060124.200  1060124.200  1060124.200
   405:  1060124.200  1060124.200  1060124.200  1060124.200  1060124.200
   410:  1062903.300  1063629.300  1064384.300  1064750.300  1065079.300
   415:  1065351.300  1065517.300  1067889.300  1070441.300  1070693.300
   420:  1073750.300  1076283.300  1078424.300  1079599.300  1083361.300
   425:  1084755.300  1084821.300  1088653.300  1088704.300  1092433.300
   430:  1096139.300  1096153.300  1100693.300  1100702.300  1105925.300
   435:  1108466.300  1108869.300  1110271.300  1115930.300  1116474.300
   440:  1118567.300  1119264.300  1121944.300  1121957.300  1136567.300
   445:  1139276.300  1143095.300  1143835.300  1145694.300  1145701.300
   450:  1145946.300  1146072.300  1146203.300  1146239.300  1146335.300
   455:  1146511.300  1152952.300  1153014.300  1153019.300  1153023.300
   460:  1153037.300  1153051.300  1153060.300  1153088.300  1153110.300
   465:  1153117.300  1153136.300  1153161.300  1153188.300  1153212.300
   470:  1153241.300  1153260.300  1153267.300  1153323.300  1153348.300
   475:  1153363.300  1153382.300  1153391.300  1153496.300  1153614.300
   480:  1157564.300  1163073.300  1163464.300  1164635.300  1168028.300
   485:  1170406.300  1170449.300  1173359.300  1174813.300  1174839.300
   490:  1176167.300  1181017.300  1181359.300  1181564.300  1181709.300
   495:  1185279.300  1185282.300  1185432.300  1188133.300  1188336.300
   500:  1189041.300  1189054.300  1189073.300  1191968.300  1192291.300
   505:  1196120.300  1197005.300  1198539.300  1200183.300  1200219.300
   510:  1200250.300  1200487.300  1201534.300  1201620.300  1201676.300
   515:  1201789.300  1203456.300  1203741.300  1204852.300  1205105.300
   520:  1207651.300  1208304.300  1220078.300  1221427.300  1223707.300
   525:  1223779.300  1223783.300  1223870.300  1234261.300  1234398.300
   530:  1240621.300  1242256.300  1246145.300  1246326.300  1252142.300
   535:  1252969.300  1259297.300  1259758.300  1260796.300  1260864.300
   540:  1263654.300  1267327.300  1268398.300  1268883.300  1270370.300
   545:  1270404.300  1270736.300  1272710.300  1273268.300  1273309.300
   550:  1276634.300  1277344.300  1277379.300  1277420.300  1277596.300
   555:  1277671.300  1277704.300  1277755.300  1277777.300  1278724.300
   560:  1280852.300  1283656.300  1284063.300  1284480.300  1288431.300
   565:  1288555.300  1288752.300  1289063.300  1289116.300  1289859.300
   570:  1289961.300  1290017.300  1290095.300  1293322.300  1293614.300
   575:  1293900.300  1294265.300  1294281.300  1297417.300  1297627.300
   580:  1300850.300  1302844.300  1307399.300  1307515.300  1307540.300
   585:  1307580.300  1307654.300  1307722.300  1307751.300  1307781.300
   590:  1307808.300  1307904.300  1307921.300  1307949.300  1307969.300
   595:  1307977.300  1308033.300  1319318.300  1320278.300  1321921.300
   600:  1322280.300  1325602.300  1325665.300  1326512.300  1326890.300
   605:  1329709.300  1329882.300  1330122.300  1333014.300  1333143.300
   610:  1333781.300  1333824.300  1336464.300  1336851.300  1337445.300
   615:  1337659.300  1339963.300  1340624.300  1340806.300  1341012.300
   620:  1341059.300  1341377.300  1347356.300  1347458.300  1347768.300
   625:  1348759.300  1349877.300  1350616.300  1351388.300  1351519.300
   630:  1353326.300  1355578.300  1361572.300  1361627.300  1364749.300
   635:  1365236.300  1365364.300  1365659.300  1365663.300  1365680.300
   640:  1369210.100  1465211.200  1465211.200  1465211.200  1465211.200
   645:  1465211.200  1465211.200  1465211.200  1465211.200  1465211.200
   650:  1465211.200  1468987.300  1469588.300  1469619.300  1470354.300
   655:  1470368.300  1470538.300  1470722.300  1470942.300  1471015.300
   660:  1471134.300  1471198.300  1471632.300  1471770.300  1471815.300
   665:  1471918.300  1472046.300  1472389.300  1472553.300  1472804.300
   670:  1472885.300  1473108.300  1473977.300  1474132.300  1475097.300
   675:  1476031.300  1476340.300  1476373.300  1476910.300  1476965.300
   680:  1477828.300  1478152.300  1480089.300  1480238.300  1485447.300
   685:  1485611.300  1485877.300  1487502.300  1487747.300  1487774.300
   690:  1491617.300  1491790.300  1491884.300  1495880.300  1499680.300
   695:  1499702.300  1499712.300  1499775.300  1499854.300  1508842.300
   700:  1509084.300  1511328.300  1511352.300  1511396.300  1511450.300
   705:  1511474.300  1511483.300  1511505.300  1511526.300  1511547.300
   710:  1511569.300  1511583.300  1511960.300  1512296.300  1514150.300
   715:  1516295.300  1516625.300  1517009.300  1517184.300  1523725.300
   720:  1523980.300  1525550.300  1531615.300  1531980.300  1533340.300
   725:  1535083.300  1535719.300  1536985.300  1537434.300  1537562.300
   730:  1539926.300  1540291.300  1540753.300  1545090.300  1546857.300
   735:  1551382.300  1557153.300  1566398.300  1567148.300  1567446.300
   740:  1570892.300  1572496.300  1573497.300  1576614.300  1576666.300
   745:  1577957.300  1578290.300  1583543.300  1583696.300  1583759.300
   750:  1587794.300  1587968.300  1588011.300  1591226.300  1591863.300
   755:  1592215.300  1592754.300  1593271.300  1593881.300  1596391.300
   760:  1600635.300  1601434.300  1601501.300  1601626.300  1605373.300
   765:  1605427.300  1605913.300  1613966.300  1614007.300  1614650.300
   770:  1615793.300  1617024.300  1618900.300  1623398.300  1623611.300
   775:  1625123.300  1629731.300  1631790.300  1633745.300  1637790.300
   780:  1638439.300  1638607.300  1649020.300  1649880.300  1653117.300
   785:  1655108.300  1655925.300  1656693.300  1656952.300  1657084.300
   790:  1657092.300  1657772.300  1657882.300  1665143.300  1665769.300
   795:  1665929.300  1667315.300  1667798.300  1667876.300  1670817.300
   800:  1673219.300  1673228.300  1673371.300  1677732.300  1678874.300
   805:  1679887.300  1680632.300  1680667.300  1683009.300  1690182.300
   810:  1692104.300  1699561.300  1699616.300  1700247.300  1701467.300
   815:  1703777.300  1704926.300  1705362.300  1708309.300  1709519.300
   820:  1709877.300  1710547.300  1711098.300  1711205.300  1711598.300
   825:  1713415.300  1717529.300  1727308.300  1727440.300  1727510.300
   830:  1727539.300  1727561.300  1727600.300  1727841.300  1727877.300
   835:  1728109.300  1728226.300  1728260.300  1728572.300  1732213.300
   840:  1743845.300  1743987.300  1752522.300  1753282.300  1758070.300
   845:  1759051.300  1760826.300  1771336.300  1771474.300  1771816.300
   850:  1777980.300  1778029.300  1778155.300  1778242.300  1778252.300
   855:  1778333.300  1780701.300  1785343.300  1785805.300  1789616.300
   860:  1789728.300  1795394.300  1795481.300  1795547.300  1795652.300
   865:  1795668.300  1796097.300  1796124.300  1819510.300  1830304.300
   870:  1839066.300  1839091.300  1839594.300  1839927.300  1842279.300
   875:  1842309.300  1853574.300  1854068.300  1855400.300  1856096.300
   880:  1856244.300  1856283.300  1856568.300  1857041.300  1858488.300
   885:  1858750.300  1859062.300  1859242.300  1860157.300  1861050.300
   890:  1865441.300  1867098.300  1868172.300  1873555.300  1873824.300
   895:  1874446.300  1874793.300  1875197.300  1876775.300  1877721.300
   900:  1884947.300  1888680.300  1892650.300  1903904.300  1925810.300
   905:  1926417.300  1931320.300  1931861.300  1933458.300  1939018.300
   910:  1939157.300  1939207.300  1939223.300  1939243.300  1939263.300
   915:  1939282.300  1939332.300  1939360.300  1939374.300  1939447.300
   920:  1939491.300  1939548.300  1939598.300  1939613.300  1939644.300
   925:  1939668.300  1939713.300  1939737.300  1939773.300  1945712.300
   930:  1957682.300  1958049.300  1958205.300  1968759.300  1968840.300
   935:  1968860.300  1968880.300  1968903.300  1968916.300  1969221.100
   940:  2065222.200  2065222.200  2065222.200  2065222.200  2065222.200
   945:  2065222.200  2065222.200  2065222.200  2065222.200  2065222.200
   950:  2068596.300  2068999.300  2069397.300  2069606.300  2069636.300
   955:  2069999.300  2070239.300  2071683.300  2072729.300  2076763.300
   960:  2079653.300  2079865.300  2080776.300  2086942.300  2087287.300
   965:  2088250.300  2088486.300  2090029.300  2102926.300  2103549.300
   970:  2103559.300  2105354.300  2115615.300  2125304.300  2130512.300
   975:  2130552.300  2130904.300  2131056.300  2131371.300  2132006.300
   980:  2133268.300  2134741.300  2134998.300  2135417.300  2136734.300
   985:  2150192.300  2151440.300  2151866.300  2151996.300  2152637.300
   990:  2152932.300  2153376.300  2153562.300  2153590.300  2157459.300
   995:  2157478.300  2157494.300  2157541.300  2157563.300  2157612.300
  1000:  2157628.300  2157644.300  2157661.300  2166267.300  2166404.300
  1005:  2167833.300  2168844.300  2169689.300  2169699.300  2169717.300
  1010:  2169734.300  2170057.300  2171198.300  2171314.300  2172673.100
  1015:  2268674.200  2268674.200  2268674.200  2268674.200  2268674.200
  1020:  2268674.200  2268674.200  2268674.200  2268674.200  2268674.200
  1025:  2271933.300  2271936.300  2271976.300  2272557.300  2273269.300
  1030:  2273681.300  2273698.300  2274721.300  2275266.300  2280589.300
  1035:  2283100.300  2288064.300  2288118.300  2288439.300  2289635.300
  1040:  2292073.300  2295998.300  2296045.300  2296126.300  2296216.300
  1045:  2296476.300  2299112.300  2299211.300  2302390.300  2302543.300
  1050:  2304506.300  2305105.300  2305195.300  2308038.300  2323909.300
  1055:  2324795.300  2333455.300  2334580.300  2334614.300  2335343.300
  1060:  2335541.300  2336286.300  2336624.300  2336764.300  2338458.300
  1065:  2339303.300  2339318.300  2341110.300  2346045.300  2346190.300
  1070:  2346582.300  2347491.300  2347818.300  2347827.300  2347956.300
  1075:  2347986.300  2348048.300  2348072.300  2348113.300  2348742.300
  1080:  2348911.300  2348933.300  2348950.300  2349225.300  2373869.300
  1085:  2373905.300  2376822.300  2463790.300  2463969.300  2464152.300
  1090:  2467204.300  2467860.300  2467866.300  2470049.300  2551416.300
  1095:  2554086.300  2554137.300  2559303.300  2560225.300  2564647.300
  1100:  2568899.300  2569038.300  2569045.300  2569137.300  2579417.300
  1105:  2594093.300  2606074.300  2610312.300  2618030.300  2624814.300
  1110:  2648817.300  2648989.300  2649028.300  2740479.300  2770567.300
  1115:  2774678.300  2774958.300  2779384.300  2779466.300  2793702.300
  1120:  2794394.300  2819079.300  2819131.300  2819680.300  2819964.300
  1125:  2820215.300  2824081.300  2827845.300  2827858.300  2827920.300
  1130:  2870717.300  2883665.300  2886316.300  2886855.300  2887026.300
  1135:  2887086.300  2887101.300  2887105.300  2887153.300  2887578.300
  1140:  2887834.300  2887837.300  2887846.300  2893059.300  2895348.300
  1145:  2903915.300  2912651.300  2912690.300  2915425.300  2915614.300
  1150:  2924139.300  2930973.300  2930987.300  2931146.300  2931177.300
  1155:  2931262.300  2931673.300  2931754.300  2932714.300  2932817.300
  1160:  2933274.300  2938555.300  2938578.300  2938641.300  2938743.300
  1165:  2942544.300  2945405.300  2961426.300  2961692.300  2962391.300
  1170:  2962776.300  2969413.300  2971169.300  2971391.300  2991934.300
  1175:  3037520.300  3051116.300  3321356.300  3321432.300  3321589.300
  1180:  3322359.300  3322383.300  3325956.300  3332390.300  3332791.100
  1185:  3428792.200  3428792.200  3428792.200  3428792.200  3428792.200
  1190:  3428792.200  3428792.200  3428792.200  3428792.200  3428792.200
  1195:  3430310.300  3430329.300  3430362.300  3431311.300  3431316.300
  1200:  3431336.300  3431357.300  3431416.300  3431437.300  3431454.300
  1205:  3431461.300  3431464.300  3431515.300  3431552.300  3431589.300
  1210:  3432906.300  3432913.300  3439281.300  3439369.300  3439420.300
  1215:  3442084.300  3442109.300  3442310.300  3443032.300  3444803.300
  1220:  3444828.300  3445540.300  3624301.300  3626223.300  3626337.300
  1225:  3632685.300  3632792.300  3634654.300  3634855.300  3656552.300
  1230:  3656592.300  3656615.300  3657036.300  3658379.300  3722759.300
  1235:  3722780.300  3722840.300  3722849.300  3722877.300  3722936.300
  1240:  3723096.300  3723179.300  3723199.300  3723247.300  3723262.300
  1245:  3723323.300  3750288.300  3750331.300  3750456.300  3751634.300
  1250:  3752039.300  3756302.300  3756841.300  4254445.300  4271367.300
  1255:  4271854.300  4272456.300  4274218.300  4293086.300  4293794.300
  1260:  4298550.300  4299716.300  4304043.300  4305234.300  4306720.300
  1265:  4308953.300  4308966.300  4313536.300  4314204.300  4314299.300
  1270:  4314302.300  4314321.300  4316261.300  4317674.300
D:
     0:        0.111     2335.600     2350.600    10721.600    10728.600
     5:    16152.200    16348.250    19595.650    21262.650    21660.650
    10:    21797.650    22353.650    22977.650    23305.650    23324.650
    15:    23325.650    23344.650    23642.650    29067.650    31931.650
    20:    32534.650    32656.650    36940.650    38770.650    48521.650
    25:    48602.650    49213.650    54737.650    54754.650    54916.650
    30:    60541.650    60782.650    60827.650    64424.650    64734.650
    35:    65200.650    65734.650    65847.650    66077.650    66152.650
    40:    66786.650    67329.650    67463.650    86775.650    86789.650
    45:    87250.650    92291.650    95278.650    95687.650    95988.650
    50:    96594.650    98113.650    99222.650   100469.650   100965.650
    55:   101010.650   101495.650   102179.650   112153.400   112198.410
    60:   112222.610   112247.410   112292.410   112341.410   112386.410
    65:   112435.410   112480.410   112529.410   112574.410   112579.420
    70:   115556.600   115565.600   117078.600   117098.600   117193.600
    75:   118843.600   118999.600   120424.600   121135.600   124676.600
    80:   127231.600   127413.600   127447.600   127588.600   128464.600
    85:   130536.600   134921.600   135272.600   141950.600   142157.600
    90:   142183.600   143513.600   143811.600   144317.600   145874.600
    95:   146105.600   146299.600   162010.600   162126.600   162141.600
   100:   162419.600   163770.600   171929.600   171972.600   178023.600
   105:   178039.600   178117.600   198874.600   212611.600   212916.600
   110:   224979.600   225051.600   234927.600   238466.600   242402.600
   115:   243126.600   243683.600   247634.600   249089.200   249241.250
   120:   249790.250   250273.650   256007.650   262322.650   262438.650
   125:   263026.650   267417.250   268164.250   268406.250   270058.650
   130:   271074.650   271969.650   273739.650   273780.650   274078.650
   135:   274095.650   274192.650   283211.650   283249.650   288261.650
   140:   288268.650   288602.650   296407.650   298958.650   298974.650
   145:   299097.650   315033.650   327604.650   345090.400   345135.410
   150:   345145.610   345184.410   345229.410   345278.410   345323.410
   155:   345372.410   345417.410   345466.410   345511.410   345516.420
   160:   347624.600   349559.600   350591.600   350817.600   352561.600
   165:   355373.600   360333.600   360660.600   360948.600   361892.600
   170:   365134.600   371938.600   372045.600   375284.600   375590.600
   175:   375605.600   375908.600   377561.600   377725.600   377815.600
   180:   388549.600   388863.600   388904.600   389287.600   391861.600
   185:   392052.600   392169.600   392654.600   392805.600   393401.600
   190:   394693.600   395051.600   395486.600   397589.600   398508.600
   195:   398654.600   400919.600   401337.600   401720.600   407584.600
   200:   407833.600   407860.600   407872.600   407888.600   407918.600
   205:   408751.600   409510.600   411913.600   412649.600   414089.600
   210:   414681.600   414717.600   414760.600   414849.600   414884.600
   215:   414889.600   415022.600   415114.600   415199.600   415220.600
   220:   415253.600   415289.600   416891.600   418463.600   418486.600
   225:   418505.600   418516.600   428843.600   429177.600   435888.600
   230:   440741.600   445574.600   450441.600   450511.600   450532.600
   235:   450557.600   450699.600   453214.600   453565.600   454379.600
   240:   455013.600   456052.600   458765.600   459007.600   460093.600
   245:   460837.600   461448.600   463143.600   463416.600   464434.600
   250:   464867.600   465318.600   465550.600   466826.600   468442.600
   255:   468686.600   469916.600   478458.600   478546.600   478583.600
   260:   478688.600   480132.600   480189.600   482309.600   488440.600
   265:   488933.600   489471.600   489558.600   490220.600   492397.600
   270:   492703.600   492875.600   492892.600   492916.600   492925.600
   275:   492963.600   492989.600   493013.600   508478.600   508574.600
   280:   508580.600   509143.600   509192.600   511218.600   511375.600
   285:   515050.600   515069.600   517821.600   522379.600   523837.600
   290:   524088.600   524136.600   526059.600   526123.600   526169.600
   295:   526214.600   526250.600   526271.600   526288.600   526357.600
   300:   526376.600   526398.600   526418.600   527851.600   528147.600
   305:   528163.600   529169.600   529387.600   532886.600   533016.600
   310:   533031.600   533590.600   533618.600   533957.600   536822.600
   315:   537072.600   537761.600   538382.600   539396.600   539823.600
   320:   541981.600   543127.600   544351.600   546330.600   547120.600
   325:   547766.600   548154.600   548282.600   548301.600   548329.600
   330:   548354.600   548395.600   548415.600   548445.600   548482.600
   335:   548517.600   548541.600   548558.600   551840.600   556936.600
   340:   558307.600   558324.600   558599.600   559875.600   561045.600
   345:   561115.600   563204.600   563421.600   565299.600   566270.600
   350:   567865.600   569122.600   570027.600   570687.600   570702.600
   355:   573249.600   577781.600   580969.600   581518.600   583104.600
   360:   584653.600   586373.600   588425.600   589079.600   589276.600
   365:   594793.600   595379.600   595399.600   595482.600   596475.600
   370:   596590.600   596666.600   596731.600   596796.600   596801.600
   375:   597195.600   597356.600   598089.600   600734.200   602288.650
   380:   605267.650   605785.650   612499.650   612527.650   612669.650
   385:   614170.650   624990.650   625455.650   627820.650   628746.650
   390:   628772.650   628782.650   628920.650   629408.650   629414.650
   395:   629562.650   629600.650   635967.650   636844.650   639232.650
   400:   639892.650   643509.650   643587.650   643625.650   643824.650
   405:   644582.650   644642.650   646145.650   646308.650   646327.650
   410:   646373.650   646439.650   646535.650   646567.650   646627.650
   415:   646670.650   647274.650   647299.650   648460.650   648906.650
   420:   649623.650   651235.650   651523.650   655382.650   655533.650
   425:   655550.650   655560.650   656232.650   657059.650   658551.650
   430:   661923.650   662172.650   667112.650   667137.650   669429.650
   435:   671049.650   671058.650   671205.650   672828.650   676945.650
   440:   684311.650   686803.650   693617.650   693628.650   693639.650
   445:   693698.650   693725.650   693728.650   696735.400   696780.410
   450:   696781.610   696829.410   696874.410   696923.410   696968.410
   455:   697017.410   697062.410   697111.410   697156.410   697161.420
   460:   697590.600   697610.600   697617.600   697630.600   697676.600
   465:   697993.600   697996.600   700679.600   701557.600   702452.600
   470:   702489.600   702510.600   703029.600   703619.600   703803.600
   475:   704079.600   704971.600   709272.600   709392.600   712423.600
   480:   712492.600   712556.600   714500.600   718130.600   719191.600
   485:   719398.600   720859.600   730786.600   731037.600   732005.600
   490:   733120.600   733897.600   735185.600   739182.600   739538.600
   495:   739847.600   740272.600   741667.200   742393.650   745352.650
   500:   745798.650   746283.650   746885.650   747637.650   750390.650
   505:   752387.650   754073.650   754105.650   754987.650   755045.650
   510:   758524.650   760658.650   760693.650   760747.650   761066.650
   515:   761086.650   761309.650   764868.650   765332.650   766845.650
   520:   768904.650   775696.650   775902.650   776997.650   777340.650
   525:   779088.650   779146.650   779344.650   779362.650   780822.650
   530:   781371.650   781991.650   782147.650   782197.650   783197.650
   535:   783463.650   783660.650   784843.650   785012.650   785804.650
   540:   786334.650   787052.650   787298.650   788648.650   789115.650
   545:   789282.650   790668.650   791517.650   792204.650   793713.650
   550:   793850.650   794092.650   794098.650   794823.650   797676.650
   555:   798493.650   801015.650   802862.650   805875.650   806958.650
   560:   808395.650   813604.650   814229.650   815052.650   815103.650
   565:   815647.650   820061.650   822391.650   827610.650   830367.650
   570:   836005.650   836154.650   837047.650   837476.650   837668.400
   575:   837713.410   837721.610   837762.410   837807.410   837856.410
   580:   837901.410   837950.410   837995.410   838044.410   838089.410
   585:   838094.420   841973.600   842004.600   842312.600   843212.600
   590:   843247.600   843286.600   843301.600   843317.600   843353.600
   595:   843382.600   843415.600   843783.600   843932.600   844860.600
   600:   844875.600   844943.600   845484.600   846830.600   846975.600
   605:   847232.600   849714.600   849925.600   851334.600   851586.600
   610:   854877.600   858477.200   858632.250   859920.650   860165.650
   615:   864533.650   864830.650   864851.650   864887.650   864902.650
   620:   864955.650   866879.650   867143.650   870566.650   871908.650
   625:   871917.650   872022.650   874165.650   875020.650   875282.650
   630:   875353.650   875383.650   875455.650   875528.650   875640.650
   635:   875917.650   876102.650   876106.650   876172.650   876249.650
   640:   876442.650   877135.650   877348.650   878954.650   878984.650
   645:   879014.650   879029.650   879034.650   879058.650   879078.650
   650:   881671.650   883540.650   884609.650   884641.650   886996.650
   655:   888446.650   889768.650   891755.650   892560.650   892572.650
   660:   892753.650   892777.650   892797.650   892840.650   892853.650
   665:   892871.650   892894.650   892930.650   892968.650   892990.650
   670:   893012.650   893073.650   893099.650   893146.650   893171.650
   675:   893192.650   894920.650   896498.650   898195.650   899168.650
   680:   901067.650   902058.650   905264.650   907185.650   907226.650
   685:   907243.650   908822.650   910501.650   911053.650   911305.650
   690:   915779.650   917054.650   919296.650   921118.650   923032.650
   695:   925684.650   926355.650   926376.650   926399.650   926766.650
   700:   928374.650   928403.650   928462.650   931203.650   933003.650
   705:   933989.650   936940.650   938762.650   939944.650   942148.650
   710:   944262.650   945304.650   945783.650   947360.650   947928.650
   715:   949420.650   950396.650   950773.650   950987.650   951037.650
   720:   953211.650   954478.400   954523.410   954572.410   954586.610
   725:   954617.410   954666.410   954711.410   954760.410   954805.410
   730:   954854.410   954899.410   954904.420   955373.600   955878.600
   735:   957242.600   957450.600   957890.600   961084.600   963049.600
   740:   963094.600   963556.600   963866.600   963995.600   966006.600
   745:   966253.200   966292.250   966577.650   966594.650   966798.650
   750:   966939.650   968683.650   968694.650   969051.650   969693.650
   755:   970009.650   971852.650   972372.650   972398.650   972623.650
   760:   972828.650   973074.650   973534.650   973814.650   975467.650
   765:   975646.650   975973.650   976062.650   976102.650   977197.650
   770:   986385.650   989674.650   989790.650   992015.650   993224.650
   775:   993266.650   996391.650  1009374.650  1010992.650  1011283.650
   780:  1012946.650  1018178.650  1032721.650  1033871.650  1034288.650
   785:  1037655.650  1038827.650  1041347.650  1044681.650  1044774.650
   790:  1045004.650  1045022.650  1045029.650  1046793.650  1048584.650
   795:  1048652.650  1050889.650  1050967.650  1050971.650  1051609.650
   800:  1051672.650  1051734.650  1051821.650  1052227.650  1053089.650
   805:  1054066.650  1055757.650  1055871.650  1058758.650  1059042.650
   810:  1060205.650  1062254.400  1062299.410  1062348.410  1062365.610
   815:  1062393.410  1062442.410  1062487.410  1062536.410  1062581.410
   820:  1062630.410  1062675.410  1062680.420  1065459.600  1066185.600
   825:  1066940.600  1067306.600  1067635.600  1067907.600  1068073.600
   830:  1070445.600  1072997.600  1073249.600  1076306.600  1078839.600
   835:  1080980.600  1082155.600  1085917.600  1087311.600  1087377.600
   840:  1091209.600  1091260.600  1094989.600  1098695.600  1098709.600
   845:  1103249.600  1103258.600  1108481.600  1111022.600  1111425.600
   850:  1112827.600  1118486.600  1119030.600  1121123.600  1121820.600
   855:  1124500.600  1124513.600  1139123.600  1141832.600  1145651.600
   860:  1146391.600  1148250.600  1148257.600  1148502.600  1148628.600
   865:  1148759.600  1148795.600  1148891.600  1149067.600  1155508.600
   870:  1155570.600  1155575.600  1155579.600  1155593.600  1155607.600
   875:  1155616.600  1155644.600  1155666.600  1155673.600  1155692.600
   880:  1155717.600  1155744.600  1155768.600  1155797.600  1155816.600
   885:  1155823.600  1155879.600  1155904.600  1155919.600  1155938.600
   890:  1155947.600  1156052.600  1156170.600  1160120.600  1165629.600
   895:  1166020.600  1167191.600  1170584.600  1172962.600  1173005.600
   900:  1175915.600  1177369.600  1177395.600  1178723.600  1183573.600
   905:  1183915.600  1184120.600  1184265.600  1187835.600  1187838.600
   910:  1187988.600  1190689.600  1190892.600  1191597.600  1191610.600
   915:  1191629.600  1194524.600  1194847.600  1198676.600  1199561.600
   920:  1201095.600  1202739.600  1202775.600  1202806.600  1203043.600
   925:  1204090.600  1204176.600  1204232.600  1204345.600  1206012.600
   930:  1206297.600  1207408.600  1207661.600  1210207.600  1210860.600
   935:  1222634.600  1223983.600  1226263.600  1226335.600  1226339.600
   940:  1226426.600  1236817.600  1236954.600  1243177.600  1244812.600
   945:  1248701.600  1248882.600  1254698.600  1255525.600  1261853.600
   950:  1262314.600  1263352.600  1263420.600  1266210.600  1269883.600
   955:  1270954.600  1271439.600  1272926.600  1272960.600  1273292.600
   960:  1275266.600  1275824.600  1275865.600  1279190.600  1279900.600
   965:  1279935.600  1279976.600  1280152.600  1280227.600  1280260.600
   970:  1280311.600  1280333.600  1281280.600  1283408.600  1286212.600
   975:  1286619.600  1287036.600  1290987.600  1291111.600  1291308.600
   980:  1291619.600  1291672.600  1292415.600  1292517.600  1292573.600
   985:  1292651.600  1295878.600  1296170.600  1296456.600  1296821.600
   990:  1296837.600  1299973.600  1300183.600  1303406.600  1305400.600
   995:  1309955.600  1310071.600  1310096.600  1310136.600  1310210.600
  1000:  1310278.600  1310307.600  1310337.600  1310364.600  1310460.600
  1005:  1310477.600  1310505.600  1310525.600  1310533.600  1310589.600
  1010:  1321874.600  1322834.600  1324477.600  1324836.600  1328158.600
  1015:  1328221.600  1329068.600  1329446.600  1332265.600  1332438.600
  1020:  1332678.600  1335570.600  1335699.600  1336337.600  1336380.600
  1025:  1339020.600  1339407.600  1340001.600  1340215.600  1342519.600
  1030:  1343180.600  1343362.600  1343568.600  1343615.600  1343933.600
  1035:  1349912.600  1350014.600  1350324.600  1351315.600  1352433.600
  1040:  1353172.600  1353944.600  1354075.600  1355882.600  1358134.600
  1045:  1364128.600  1364183.600  1367305.600  1367792.600  1367920.600
  1050:  1368215.600  1368219.600  1368236.600  1371766.200  1374654.650
  1055:  1374715.650  1375348.650  1375386.650  1375468.650  1375724.650
  1060:  1375756.650  1375774.650  1377862.650  1378769.650  1380291.650
  1065:  1380874.650  1381364.250  1381555.650  1381779.650  1386061.650
  1070:  1387571.650  1389176.650  1389520.650  1389778.650  1389940.650
  1075:  1394905.650  1395111.650  1397387.650  1397458.650  1398046.650
  1080:  1398712.650  1400061.650  1401685.650  1401727.650  1401866.650
  1085:  1405164.650  1406329.650  1408577.650  1410631.650  1412593.650
  1090:  1413166.650  1413434.650  1414197.650  1414237.650  1414299.650
  1095:  1414312.650  1414349.650  1415380.650  1415710.650  1418661.650
  1100:  1418862.650  1419940.650  1420524.650  1425498.650  1425737.650
  1105:  1429241.650  1430278.650  1435007.650  1435647.650  1436702.650
  1110:  1440972.650  1441479.650  1442051.650  1445616.650  1445768.650
  1115:  1445829.650  1445957.650  1446083.650  1449457.650  1449545.650
  1120:  1449586.650  1450228.650  1451610.650  1451760.650  1451854.650
  1125:  1455634.650  1457089.650  1458005.650  1458252.650  1459032.650
  1130:  1461370.650  1463268.650  1467767.400  1467812.410  1467861.410
  1135:  1467906.410  1467925.610  1467935.610  1467955.410  1468000.410
  1140:  1468049.410  1468094.410  1468143.410  1468188.410  1468193.420
  1145:  1471969.600  1472570.600  1472601.600  1473336.600  1473350.600
  1150:  1473520.600  1473704.600  1473924.600  1473997.600  1474116.600
  1155:  1474180.600  1474614.600  1474752.600  1474797.600  1474900.600
  1160:  1475028.600  1475371.600  1475535.600  1475786.600  1475867.600
  1165:  1476090.600  1476959.600  1477114.600  1478079.600  1479013.600
  1170:  1479322.600  1479355.600  1479892.600  1479947.600  1480810.600
  1175:  1481134.600  1483071.600  1483220.600  1488429.600  1488593.600
  1180:  1488859.600  1490484.600  1490729.600  1490756.600  1494599.600
  1185:  1494772.600  1494866.600  1498862.600  1502662.600  1502684.600
  1190:  1502694.600  1502757.600  1502836.600  1511824.600  1512066.600
  1195:  1514310.600  1514334.600  1514378.600  1514432.600  1514456.600
  1200:  1514465.600  1514487.600  1514508.600  1514529.600  1514551.600
  1205:  1514565.600  1514942.600  1515278.600  1517132.600  1519277.600
  1210:  1519607.600  1519991.600  1520166.600  1526707.600  1526962.600
  1215:  1528532.600  1534597.600  1534962.600  1536322.600  1538065.600
  1220:  1538701.600  1539967.600  1540416.600  1540544.600  1542908.600
  1225:  1543273.600  1543735.600  1548072.600  1549839.600  1554364.600
  1230:  1560135.600  1569380.600  1570130.600  1570428.600  1573874.600
  1235:  1575478.600  1576479.600  1579596.600  1579648.600  1580939.600
  1240:  1581272.600  1586525.600  1586678.600  1586741.600  1590776.600
  1245:  1590950.600  1590993.600  1594208.600  1594845.600  1595197.600
  1250:  1595736.600  1596253.600  1596863.600  1599373.600  1603617.600
  1255:  1604416.600  1604483.600  1604608.600  1608355.600  1608409.600
  1260:  1608895.600  1616948.600  1616989.600  1617632.600  1618775.600
  1265:  1620006.600  1621882.600  1626380.600  1626593.600  1628105.600
  1270:  1632713.600  1634772.600  1636727.600  1640772.600  1641421.600
  1275:  1641589.600  1652002.600  1652862.600  1656099.600  1658090.600
  1280:  1658907.600  1659675.600  1659934.600  1660066.600  1660074.600
  1285:  1660754.600  1660864.600  1668125.600  1668751.600  1668911.600
  1290:  1670297.600  1670780.600  1670858.600  1673799.600  1676201.600
  1295:  1676210.600  1676353.600  1680714.600  1681856.600  1682869.600
  1300:  1683614.600  1683649.600  1685991.600  1693164.600  1695086.600
  1305:  1702543.600  1702598.600  1703229.600  1704449.600  1706759.600
  1310:  1707908.600  1708344.600  1711291.600  1712501.600  1712859.600
  1315:  1713529.600  1714080.600  1714187.600  1714580.600  1716397.600
  1320:  1720511.600  1730290.600  1730422.600  1730492.600  1730521.600
  1325:  1730543.600  1730582.600  1730823.600  1730859.600  1731091.600
  1330:  1731208.600  1731242.600  1731554.600  1735195.600  1746827.600
  1335:  1746969.600  1755504.600  1756264.600  1761052.600  1762033.600
  1340:  1763808.600  1774318.600  1774456.600  1774798.600  1780962.600
  1345:  1781011.600  1781137.600  1781224.600  1781234.600  1781315.600
  1350:  1783683.600  1788325.600  1788787.600  1792598.600  1792710.600
  1355:  1798376.600  1798463.600  1798529.600  1798634.600  1798650.600
  1360:  1799079.600  1799106.600  1822492.600  1833286.600  1842048.600
  1365:  1842073.600  1842576.600  1842909.600  1845261.600  1845291.600
  1370:  1856556.600  1857050.600  1858382.600  1859078.600  1859226.600
  1375:  1859265.600  1859550.600  1860023.600  1861470.600  1861732.600
  1380:  1862044.600  1862224.600  1863139.600  1864032.600  1868423.600
  1385:  1870080.600  1871154.600  1876537.600  1876806.600  1877428.600
  1390:  1877775.600  1878179.600  1879757.600  1880703.600  1887929.600
  1395:  1891662.600  1895632.600  1906886.600  1928792.600  1929399.600
  1400:  1934302.600  1934843.600  1936440.600  1942000.600  1942139.600
  1405:  1942189.600  1942205.600  1942225.600  1942245.600  1942264.600
  1410:  1942314.600  1942342.600  1942356.600  1942429.600  1942473.600
  1415:  1942530.600  1942580.600  1942595.600  1942626.600  1942650.600
  1420:  1942695.600  1942719.600  1942755.600  1948694.600  1960664.600
  1425:  1961031.600  1961187.600  1971741.600  1971822.600  1971842.600
  1430:  1971862.600  1971885.600  1971898.600  1972203.200  1973111.650
  1435:  1977176.650  1977665.650  1977725.650  1978252.650  1978790.650
  1440:  1978884.650  1981762.650  1983267.650  1983710.650  1989906.650
  1445:  1989917.650  1990096.650  1990106.650  1990136.650  1990170.650
  1450:  1990240.650  1994874.650  1997664.650  1997963.650  1999371.650
  1455:  1999564.650  1999570.650  2000039.650  2000214.650  2000288.650
  1460:  2000642.650  2006742.650  2010770.650  2012780.650  2013156.650
  1465:  2014170.650  2030185.650  2030231.650  2030281.650  2046132.650
  1470:  2048327.650  2048462.650  2049348.650  2055548.650  2066679.650
  1475:  2068204.400  2068249.410  2068254.610  2068298.410  2068343.410
  1480:  2068392.410  2068437.410  2068486.410  2068531.410  2068580.410
  1485:  2068625.410  2068630.420  2072004.600  2072407.600  2072805.600
  1490:  2073014.600  2073044.600  2073407.600  2073647.600  2075091.600
  1495:  2076137.600  2080171.600  2083061.600  2083273.600  2084184.600
  1500:  2090350.600  2090695.600  2091658.600  2091894.600  2093437.600
  1505:  2106334.600  2106957.600  2106967.600  2108762.600  2119023.600
  1510:  2128712.600  2133920.600  2133960.600  2134312.600  2134464.600
  1515:  2134779.600  2135414.600  2136676.600  2138149.600  2138406.600
  1520:  2138825.600  2140142.600  2153600.600  2154848.600  2155274.600
  1525:  2155404.600  2156045.600  2156340.600  2156784.600  2156970.600
  1530:  2156998.600  2160867.600  2160886.600  2160902.600  2160949.600
  1535:  2160971.600  2161020.600  2161036.600  2161052.600  2161069.600
  1540:  2169675.600  2169812.600  2171241.600  2172252.600  2173097.600
  1545:  2173107.600  2173125.600  2173142.600  2173465.600  2174606.600
  1550:  2174722.600  2176081.200  2176521.650  2178719.650  2178946.650
  1555:  2179754.650  2181329.650  2181719.650  2187251.650  2188090.650
  1560:  2190329.650  2192140.650  2192877.650  2194223.650  2199638.650
  1565:  2199685.650  2199738.650  2202110.650  2202520.650  2203854.650
  1570:  2204212.650  2206179.650  2206611.650  2216332.650  2216717.650
  1575:  2217096.650  2217207.650  2217229.650  2217237.650  2217256.650
  1580:  2217295.650  2217314.650  2217337.650  2217347.650  2217472.650
  1585:  2218039.650  2233382.650  2233986.650  2234446.650  2234802.650
  1590:  2234898.650  2236002.650  2236493.650  2237417.650  2238078.650
  1595:  2239126.650  2244172.650  2244597.650  2254246.650  2254258.650
  1600:  2254311.650  2259121.650  2265437.650  2272082.400  2272127.410
  1605:  2272136.610  2272176.410  2272221.410  2272270.410  2272315.410
  1610:  2272364.410  2272409.410  2272458.410  2272503.410  2272508.420
  1615:  2275767.600  2275770.600  2275810.600  2276391.600  2277103.600
  1620:  2277515.600  2277532.600  2278555.600  2279100.600  2284423.600
  1625:  2286934.600  2291898.600  2291952.600  2292273.600  2293469.600
  1630:  2295907.600  2299832.600  2299879.600  2299960.600  2300050.600
  1635:  2300310.600  2302946.600  2303045.600  2306224.600  2306377.600
  1640:  2308340.600  2308939.600  2309029.600  2311872.600  2327743.600
  1645:  2328629.600  2337289.600  2338414.600  2338448.600  2339177.600
  1650:  2339375.600  2340120.600  2340458.600  2340598.600  2342292.600
  1655:  2343137.600  2343152.600  2344944.600  2349879.600  2350024.600
  1660:  2350416.600  2351325.600  2351652.600  2351661.600  2351790.600
  1665:  2351820.600  2351882.600  2351906.600  2351947.600  2352576.600
  1670:  2352745.600  2352767.600  2352784.600  2353059.600  2377703.600
  1675:  2377739.600  2380656.600  2467624.600  2467803.600  2467986.600
  1680:  2471038.600  2471694.600  2471700.600  2473883.600  2555250.600
  1685:  2557920.600  2557971.600  2563137.600  2564059.600  2568481.600
  1690:  2572733.600  2572872.600  2572879.600  2572971.600  2583251.600
  1695:  2597927.600  2609908.600  2614146.600  2621864.600  2628648.600
  1700:  2652651.600  2652823.600  2652862.600  2744313.600  2774401.600
  1705:  2778512.600  2778792.600  2783218.600  2783300.600  2797536.600
  1710:  2798228.600  2822913.600  2822965.600  2823514.600  2823798.600
  1715:  2824049.600  2827915.600  2831679.600  2831692.600  2831754.600
  1720:  2874551.600  2887499.600  2890150.600  2890689.600  2890860.600
  1725:  2890920.600  2890935.600  2890939.600  2890987.600  2891412.600
  1730:  2891668.600  2891671.600  2891680.600  2896893.600  2899182.600
  1735:  2907749.600  2916485.600  2916524.600  2919259.600  2919448.600
  1740:  2927973.600  2934807.600  2934821.600  2934980.600  2935011.600
  1745:  2935096.600  2935507.600  2935588.600  2936548.600  2936651.600
  1750:  2937108.600  2942389.600  2942412.600  2942475.600  2942577.600
  1755:  2946378.600  2949239.600  2965260.600  2965526.600  2966225.600
  1760:  2966610.600  2973247.600  2975003.600  2975225.600  2995768.600
  1765:  3041354.600  3054950.600  3325190.600  3325266.600  3325423.600
  1770:  3326193.600  3326217.600  3329790.600  3336224.600  3336625.200
  1775:  3337240.650  3341962.650  3341978.650  3432626.400  3432671.410
  1780:  3432720.410  3432765.410  3432814.410  3432859.410  3432908.410
  1785:  3432953.410  3432986.610  3433002.410  3433047.410  3433052.420
  1790:  3434570.600  3434589.600  3434622.600  3435571.600  3435576.600
  1795:  3435596.600  3435617.600  3435676.600  3435697.600  3435714.600
  1800:  3435721.600  3435724.600  3435775.600  3435812.600  3435849.600
  1805:  3437166.600  3437173.600  3443541.600  3443629.600  3443680.600
  1810:  3446344.600  3446369.600  3446570.600  3447292.600  3449063.600
  1815:  3449088.600  3449800.600  3628561.600  3630483.600  3630597.600
  1820:  3636945.600  3637052.600  3638914.600  3639115.600  3660812.600
  1825:  3660852.600  3660875.600  3661296.600  3662639.600  3727019.600
  1830:  3727040.600  3727100.600  3727109.600  3727137.600  3727196.600
  1835:  3727356.600  3727439.600  3727459.600  3727507.600  3727522.600
  1840:  3727583.600  3754548.600  3754591.600  3754716.600  3755894.600
  1845:  3756299.600  3760562.600  3761101.600  4258705.600  4275627.600
  1850:  4276114.600  4276716.600  4278478.600  4297346.600  4298054.600
  1855:  4302810.600  4303976.600  4308303.600  4309494.600  4310980.600
  1860:  4313213.600  4313226.600  4317796.600  4318464.600  4318559.600
  1865:  4318562.600  4318581.600  4320521.600  4321934.600  4324260.999
E:
     0:        5.200       16.300       28.800       43.200       59.900
     5:       80.100      105.300      139.300      191.600      330.300
F:
     0:        0.000        0.000        0.000        0.000        0.000
     5:        0.000
L:
     0:       68.000       54.000       45.000       52.000      107.000
     5:      110.000      157.000       49.000       53.000      359.000
M:
     0:        0.000        0.000        0.000        0.000        0.000
     5:        0.000
